ID_CIDERH,PP_RBE,Anio,Mes,Dia
M_029_A_XV,10.345490157604218,1982,1,1
M_029_A_XV,14.3661789894104,1982,1,2
M_029_A_XV,10.030492067337036,1982,1,3
M_029_A_XV,15.919475078582764,1982,1,4
M_029_A_XV,12.765992164611816,1982,1,5
M_029_A_XV,9.687823086977003,1982,1,6
M_029_A_XV,1.1491324743255973,1982,1,7
M_029_A_XV,0.0,1982,1,8
M_029_A_XV,0.0505591441178694,1982,1,9
M_029_A_XV,12.4923135638237,1982,1,10
M_029_A_XV,11.868523836135864,1982,1,11
M_029_A_XV,0.8422581786289811,1982,1,12
M_029_A_XV,5.821070231497288,1982,1,13
M_029_A_XV,12.268316701054571,1982,1,14
M_029_A_XV,13.484322220087051,1982,1,15
M_029_A_XV,9.903888255357742,1982,1,16
M_029_A_XV,1.948655873537064,1982,1,17
M_029_A_XV,2.496067589148879,1982,1,18
M_029_A_XV,14.335496425628662,1982,1,19
M_029_A_XV,15.46264147758484,1982,1,20
M_029_A_XV,9.599475130438805,1982,1,21
M_029_A_XV,6.9145756140351295,1982,1,22
M_029_A_XV,17.24284851551056,1982,1,23
M_029_A_XV,21.245650470256805,1982,1,24
M_029_A_XV,3.173569805920124,1982,1,25
M_029_A_XV,3.3570763170719147,1982,1,26
M_029_A_XV,7.703394711017609,1982,1,27
M_029_A_XV,5.362250596284866,1982,1,28
M_029_A_XV,0.966369304805994,1982,1,29
M_029_A_XV,1.534567138180137,1982,1,30
M_029_A_XV,2.359009683132172,1982,1,31
M_029_A_XV,1.4910477304365486,1982,2,1
M_029_A_XV,3.037325501441956,1982,2,2
M_029_A_XV,9.003044366836548,1982,2,3
M_029_A_XV,18.7407455444336,1982,2,4
M_029_A_XV,9.719790577888489,1982,2,5
M_029_A_XV,4.619659841060638,1982,2,6
M_029_A_XV,5.952843464910984,1982,2,7
M_029_A_XV,6.1225787699222565,1982,2,8
M_029_A_XV,9.144605442881584,1982,2,9
M_029_A_XV,4.699419705430046,1982,2,10
M_029_A_XV,2.1898371730931103,1982,2,11
M_029_A_XV,3.776792986318469,1982,2,12
M_029_A_XV,1.5633288025856018,1982,2,13
M_029_A_XV,1.9913793955929573,1982,2,14
M_029_A_XV,13.766250967979431,1982,2,15
M_029_A_XV,5.754042178203235,1982,2,16
M_029_A_XV,9.49621844291687,1982,2,17
M_029_A_XV,4.332388650625944,1982,2,18
M_029_A_XV,3.9423142278101295,1982,2,19
M_029_A_XV,3.636777633801103,1982,2,20
M_029_A_XV,4.200891137123108,1982,2,21
M_029_A_XV,10.96170735359192,1982,2,22
M_029_A_XV,11.759384989738464,1982,2,23
M_029_A_XV,2.043580211699009,1982,2,24
M_029_A_XV,0.4912976380437612,1982,2,25
M_029_A_XV,10.208604067374836,1982,2,26
M_029_A_XV,13.640769481658936,1982,2,27
M_029_A_XV,4.710729151964188,1982,2,28
M_029_A_XV,14.877210974693298,1982,3,1
M_029_A_XV,11.7352215051651,1982,3,2
M_029_A_XV,7.038271531462669,1982,3,3
M_029_A_XV,9.661865517497064,1982,3,4
M_029_A_XV,12.856479614973068,1982,3,5
M_029_A_XV,11.826094388961792,1982,3,6
M_029_A_XV,0.7001511589623988,1982,3,7
M_029_A_XV,0.0,1982,3,8
M_029_A_XV,0.9617986679077148,1982,3,9
M_029_A_XV,3.479897912402521,1982,3,10
M_029_A_XV,9.45049189031124,1982,3,11
M_029_A_XV,4.551615262404084,1982,3,12
M_029_A_XV,6.165631219744682,1982,3,13
M_029_A_XV,10.996312826871872,1982,3,14
M_029_A_XV,11.62669250369072,1982,3,15
M_029_A_XV,4.818688288331032,1982,3,16
M_029_A_XV,0.0341352615505456,1982,3,17
M_029_A_XV,5.036775849759579,1982,3,18
M_029_A_XV,6.111237019300461,1982,3,19
M_029_A_XV,4.695328906178474,1982,3,20
M_029_A_XV,5.95950174331665,1982,3,21
M_029_A_XV,6.926487281918526,1982,3,22
M_029_A_XV,7.028992404928431,1982,3,23
M_029_A_XV,3.267162679869216,1982,3,24
M_029_A_XV,3.344906364101917,1982,3,25
M_029_A_XV,6.050367280840874,1982,3,26
M_029_A_XV,8.831007957458496,1982,3,27
M_029_A_XV,9.507313191890717,1982,3,28
M_029_A_XV,6.9676045179367065,1982,3,29
M_029_A_XV,10.019819714128973,1982,3,30
M_029_A_XV,5.64573541842401,1982,3,31
M_029_A_XV,1.3151365220546722,1982,4,1
M_029_A_XV,0.7075385302305222,1982,4,2
M_029_A_XV,1.0655661821365356,1982,4,3
M_029_A_XV,1.7759009149158371,1982,4,4
M_029_A_XV,6.53736712038517,1982,4,5
M_029_A_XV,15.3935766518116,1982,4,6
M_029_A_XV,20.12523978948593,1982,4,7
M_029_A_XV,15.144812941551208,1982,4,8
M_029_A_XV,38.03295707702637,1982,4,9
M_029_A_XV,6.796579420566559,1982,4,10
M_029_A_XV,0.0288848385680466,1982,4,11
M_029_A_XV,0.0,1982,4,12
M_029_A_XV,0.0,1982,4,13
M_029_A_XV,0.0,1982,4,14
M_029_A_XV,0.0077896271832287,1982,4,15
M_029_A_XV,0.0002996826078742,1982,4,16
M_029_A_XV,0.0,1982,4,17
M_029_A_XV,0.0,1982,4,18
M_029_A_XV,2.434017859166488,1982,4,19
M_029_A_XV,2.432233726605773,1982,4,20
M_029_A_XV,1.6403436958789823,1982,4,21
M_029_A_XV,1.0685291588306427,1982,4,22
M_029_A_XV,2.357077933847904,1982,4,23
M_029_A_XV,0.6328476332128048,1982,4,24
M_029_A_XV,0.5653044916689396,1982,4,25
M_029_A_XV,2.340208997949958,1982,4,26
M_029_A_XV,1.440304022282362,1982,4,27
M_029_A_XV,0.0130779263563454,1982,4,28
M_029_A_XV,2.056554824113846,1982,4,29
M_029_A_XV,1.46419211383909,1982,4,30
M_029_A_XV,0.0399846732616424,1982,5,1
M_029_A_XV,1.0522259380668402,1982,5,2
M_029_A_XV,0.5155832972377539,1982,5,3
M_029_A_XV,0.0,1982,5,4
M_029_A_XV,0.0,1982,5,5
M_029_A_XV,0.0078486558049917,1982,5,6
M_029_A_XV,0.0,1982,5,7
M_029_A_XV,0.0,1982,5,8
M_029_A_XV,0.0,1982,5,9
M_029_A_XV,0.0,1982,5,10
M_029_A_XV,0.0,1982,5,11
M_029_A_XV,0.0,1982,5,12
M_029_A_XV,0.0,1982,5,13
M_029_A_XV,0.0,1982,5,14
M_029_A_XV,0.225899189710617,1982,5,15
M_029_A_XV,0.0,1982,5,16
M_029_A_XV,0.0,1982,5,17
M_029_A_XV,0.0,1982,5,18
M_029_A_XV,0.0,1982,5,19
M_029_A_XV,0.0,1982,5,20
M_029_A_XV,0.0,1982,5,21
M_029_A_XV,0.0,1982,5,22
M_029_A_XV,0.0,1982,5,23
M_029_A_XV,0.0,1982,5,24
M_029_A_XV,0.0,1982,5,25
M_029_A_XV,0.0,1982,5,26
M_029_A_XV,0.0,1982,5,27
M_029_A_XV,0.0,1982,5,28
M_029_A_XV,0.0,1982,5,29
M_029_A_XV,0.0,1982,5,30
M_029_A_XV,0.0,1982,5,31
M_029_A_XV,0.0,1982,6,1
M_029_A_XV,0.0,1982,6,2
M_029_A_XV,0.0,1982,6,3
M_029_A_XV,0.0,1982,6,4
M_029_A_XV,0.0,1982,6,5
M_029_A_XV,0.0,1982,6,6
M_029_A_XV,0.0,1982,6,7
M_029_A_XV,0.0,1982,6,8
M_029_A_XV,0.0,1982,6,9
M_029_A_XV,0.0,1982,6,10
M_029_A_XV,0.0,1982,6,11
M_029_A_XV,0.0,1982,6,12
M_029_A_XV,0.0,1982,6,13
M_029_A_XV,0.0,1982,6,14
M_029_A_XV,0.0,1982,6,15
M_029_A_XV,0.0,1982,6,16
M_029_A_XV,0.0,1982,6,17
M_029_A_XV,0.077896274626255,1982,6,18
M_029_A_XV,0.0,1982,6,19
M_029_A_XV,0.0,1982,6,20
M_029_A_XV,0.0,1982,6,21
M_029_A_XV,0.0,1982,6,22
M_029_A_XV,0.0,1982,6,23
M_029_A_XV,0.0,1982,6,24
M_029_A_XV,0.0,1982,6,25
M_029_A_XV,0.0,1982,6,26
M_029_A_XV,0.0,1982,6,27
M_029_A_XV,0.0,1982,6,28
M_029_A_XV,0.0,1982,6,29
M_029_A_XV,0.0,1982,6,30
M_029_A_XV,0.0,1982,7,1
M_029_A_XV,0.0002406535641057,1982,7,2
M_029_A_XV,0.0545273907482624,1982,7,3
M_029_A_XV,2.182272541918792,1982,7,4
M_029_A_XV,2.2413427509600297,1982,7,5
M_029_A_XV,0.0711282938718795,1982,7,6
M_029_A_XV,0.0,1982,7,7
M_029_A_XV,0.0,1982,7,8
M_029_A_XV,0.0,1982,7,9
M_029_A_XV,0.0,1982,7,10
M_029_A_XV,0.0,1982,7,11
M_029_A_XV,0.0,1982,7,12
M_029_A_XV,0.0,1982,7,13
M_029_A_XV,0.0,1982,7,14
M_029_A_XV,0.0,1982,7,15
M_029_A_XV,0.0,1982,7,16
M_029_A_XV,0.0,1982,7,17
M_029_A_XV,0.0,1982,7,18
M_029_A_XV,0.0,1982,7,19
M_029_A_XV,0.0,1982,7,20
M_029_A_XV,0.0,1982,7,21
M_029_A_XV,0.0,1982,7,22
M_029_A_XV,0.0,1982,7,23
M_029_A_XV,0.0,1982,7,24
M_029_A_XV,0.0,1982,7,25
M_029_A_XV,0.0,1982,7,26
M_029_A_XV,0.0097593460232019,1982,7,27
M_029_A_XV,0.0,1982,7,28
M_029_A_XV,0.0,1982,7,29
M_029_A_XV,0.0,1982,7,30
M_029_A_XV,0.0,1982,7,31
M_029_A_XV,0.950924813747406,1982,8,1
M_029_A_XV,1.602535530924797,1982,8,2
M_029_A_XV,0.0024065356701612,1982,8,3
M_029_A_XV,0.0,1982,8,4
M_029_A_XV,0.0,1982,8,5
M_029_A_XV,0.9307595901191236,1982,8,6
M_029_A_XV,0.0487074814736843,1982,8,7
M_029_A_XV,0.0,1982,8,8
M_029_A_XV,0.0,1982,8,9
M_029_A_XV,0.0135017465800046,1982,8,10
M_029_A_XV,0.0,1982,8,11
M_029_A_XV,0.1748994514346122,1982,8,12
M_029_A_XV,0.4712594579905271,1982,8,13
M_029_A_XV,0.7392802592366934,1982,8,14
M_029_A_XV,4.947104156017304,1982,8,15
M_029_A_XV,3.422328751534224,1982,8,16
M_029_A_XV,1.2118554338812828,1982,8,17
M_029_A_XV,0.1917641274631023,1982,8,18
M_029_A_XV,0.098822234198451,1982,8,19
M_029_A_XV,0.3427436077035963,1982,8,20
M_029_A_XV,0.077896274626255,1982,8,21
M_029_A_XV,0.057320699095726,1982,8,22
M_029_A_XV,0.0,1982,8,23
M_029_A_XV,0.0,1982,8,24
M_029_A_XV,0.0,1982,8,25
M_029_A_XV,0.0,1982,8,26
M_029_A_XV,0.0,1982,8,27
M_029_A_XV,0.0,1982,8,28
M_029_A_XV,0.0,1982,8,29
M_029_A_XV,1.4027537554502487,1982,8,30
M_029_A_XV,2.708460249006748,1982,8,31
M_029_A_XV,3.69773042201996,1982,9,1
M_029_A_XV,0.4568360317498445,1982,9,2
M_029_A_XV,1.9994114423170688,1982,9,3
M_029_A_XV,4.90738208591938,1982,9,4
M_029_A_XV,5.600266993045807,1982,9,5
M_029_A_XV,6.694697842001915,1982,9,6
M_029_A_XV,5.880499094724655,1982,9,7
M_029_A_XV,4.1902530789375305,1982,9,8
M_029_A_XV,1.3290496841073036,1982,9,9
M_029_A_XV,0.0,1982,9,10
M_029_A_XV,0.0,1982,9,11
M_029_A_XV,0.0,1982,9,12
M_029_A_XV,0.0,1982,9,13
M_029_A_XV,0.0,1982,9,14
M_029_A_XV,0.0024065356701612,1982,9,15
M_029_A_XV,0.0097003169357776,1982,9,16
M_029_A_XV,0.0,1982,9,17
M_029_A_XV,0.9963988065719604,1982,9,18
M_029_A_XV,0.0838899239897728,1982,9,19
M_029_A_XV,0.2212748825550079,1982,9,20
M_029_A_XV,9.697565257549286,1982,9,21
M_029_A_XV,20.580061584711075,1982,9,22
M_029_A_XV,11.271092295646667,1982,9,23
M_029_A_XV,16.394874691963196,1982,9,24
M_029_A_XV,21.53860729932785,1982,9,25
M_029_A_XV,8.217057272791862,1982,9,26
M_029_A_XV,0.0,1982,9,27
M_029_A_XV,1.2965415716171265,1982,9,28
M_029_A_XV,4.579474806785584,1982,9,29
M_029_A_XV,10.12056577205658,1982,9,30
M_029_A_XV,0.0781369281903607,1982,10,1
M_029_A_XV,0.0,1982,10,2
M_029_A_XV,0.0,1982,10,3
M_029_A_XV,0.0,1982,10,4
M_029_A_XV,0.7348208427429199,1982,10,5
M_029_A_XV,2.492680996307172,1982,10,6
M_029_A_XV,0.0,1982,10,7
M_029_A_XV,0.0,1982,10,8
M_029_A_XV,3.9507981836795807,1982,10,9
M_029_A_XV,4.891268610954285,1982,10,10
M_029_A_XV,0.857555516064167,1982,10,11
M_029_A_XV,0.0,1982,10,12
M_029_A_XV,4.647214418277144,1982,10,13
M_029_A_XV,1.3072339575337537,1982,10,14
M_029_A_XV,6.794625967741013,1982,10,15
M_029_A_XV,6.527453353628516,1982,10,16
M_029_A_XV,1.5857801586389542,1982,10,17
M_029_A_XV,6.851869896054268,1982,10,18
M_029_A_XV,7.1993463933467865,1982,10,19
M_029_A_XV,8.421879149973392,1982,10,20
M_029_A_XV,5.303154488326982,1982,10,21
M_029_A_XV,0.7046047635376453,1982,10,22
M_029_A_XV,0.9566709399223328,1982,10,23
M_029_A_XV,10.020613491535189,1982,10,24
M_029_A_XV,6.016093015670776,1982,10,25
M_029_A_XV,1.3821674156934023,1982,10,26
M_029_A_XV,1.493063980713487,1982,10,27
M_029_A_XV,1.2063423618674278,1982,10,28
M_029_A_XV,3.867466039955616,1982,10,29
M_029_A_XV,0.1785745854722336,1982,10,30
M_029_A_XV,0.0,1982,10,31
M_029_A_XV,8.699719160795212,1982,11,1
M_029_A_XV,10.637283474206924,1982,11,2
M_029_A_XV,8.113659001886845,1982,11,3
M_029_A_XV,3.681501464918256,1982,11,4
M_029_A_XV,0.0,1982,11,5
M_029_A_XV,0.0481816865503788,1982,11,6
M_029_A_XV,0.15579254925251,1982,11,7
M_029_A_XV,2.811684338375926,1982,11,8
M_029_A_XV,13.09893000125885,1982,11,9
M_029_A_XV,4.098886851221323,1982,11,10
M_029_A_XV,0.3115850985050201,1982,11,11
M_029_A_XV,3.7884884027735097,1982,11,12
M_029_A_XV,2.9260734766721725,1982,11,13
M_029_A_XV,5.458196520805359,1982,11,14
M_029_A_XV,8.343907381407917,1982,11,15
M_029_A_XV,9.50067416857928,1982,11,16
M_029_A_XV,4.095894910395145,1982,11,17
M_029_A_XV,1.8644480016082523,1982,11,18
M_029_A_XV,1.883161574602127,1982,11,19
M_029_A_XV,14.998453214764597,1982,11,20
M_029_A_XV,11.741257224231958,1982,11,21
M_029_A_XV,2.002272849862493,1982,11,22
M_029_A_XV,3.802894353866577,1982,11,23
M_029_A_XV,0.2885158956050873,1982,11,24
M_029_A_XV,0.2160956268198788,1982,11,25
M_029_A_XV,0.0391887878067791,1982,11,26
M_029_A_XV,0.0002406535641057,1982,11,27
M_029_A_XV,0.077896274626255,1982,11,28
M_029_A_XV,3.59998719394207,1982,11,29
M_029_A_XV,5.507971024140716,1982,11,30
M_029_A_XV,2.1834553480148315,1982,12,1
M_029_A_XV,2.861912354826927,1982,12,2
M_029_A_XV,1.891455065109767,1982,12,3
M_029_A_XV,4.365813493728638,1982,12,4
M_029_A_XV,10.619352102279665,1982,12,5
M_029_A_XV,14.695124253630638,1982,12,6
M_029_A_XV,1.5554731637239456,1982,12,7
M_029_A_XV,4.040348323993385,1982,12,8
M_029_A_XV,11.178179264068604,1982,12,9
M_029_A_XV,0.5471842084079981,1982,12,10
M_029_A_XV,1.3962326310575008,1982,12,11
M_029_A_XV,0.0,1982,12,12
M_029_A_XV,0.0,1982,12,13
M_029_A_XV,0.0,1982,12,14
M_029_A_XV,1.783627822806011,1982,12,15
M_029_A_XV,0.0,1982,12,16
M_029_A_XV,1.3672572374343872,1982,12,17
M_029_A_XV,9.2764273583889,1982,12,18
M_029_A_XV,7.406664252281189,1982,12,19
M_029_A_XV,6.459670811891556,1982,12,20
M_029_A_XV,13.77241200208664,1982,12,21
M_029_A_XV,3.977365761995316,1982,12,22
M_029_A_XV,1.0764020513743162,1982,12,23
M_029_A_XV,7.483344793319702,1982,12,24
M_029_A_XV,17.54969835281372,1982,12,25
M_029_A_XV,0.54185551404953,1982,12,26
M_029_A_XV,0.0857061669230461,1982,12,27
M_029_A_XV,0.0134012221860757,1982,12,28
M_029_A_XV,0.1041774094337597,1982,12,29
M_029_A_XV,1.2321099652908742,1982,12,30
M_029_A_XV,3.740082859803806,1982,12,31
M_029_A_XV,7.659667372703552,1983,1,1
M_029_A_XV,7.877288579940796,1983,1,2
M_029_A_XV,2.445709466934204,1983,1,3
M_029_A_XV,7.08551943639759,1983,1,4
M_029_A_XV,4.631319801323116,1983,1,5
M_029_A_XV,3.0753298699855804,1983,1,6
M_029_A_XV,13.635804057121277,1983,1,7
M_029_A_XV,13.420545816421509,1983,1,8
M_029_A_XV,28.58043336868286,1983,1,9
M_029_A_XV,3.603649094700813,1983,1,10
M_029_A_XV,7.033871680498123,1983,1,11
M_029_A_XV,7.199153481051326,1983,1,12
M_029_A_XV,10.216355562210085,1983,1,13
M_029_A_XV,7.702289819717407,1983,1,14
M_029_A_XV,10.505387887358664,1983,1,15
M_029_A_XV,15.88475751876831,1983,1,16
M_029_A_XV,7.057003803551197,1983,1,17
M_029_A_XV,0.1947700342134339,1983,1,18
M_029_A_XV,0.0077896271832287,1983,1,19
M_029_A_XV,1.4992096424102783,1983,1,20
M_029_A_XV,4.212307661771774,1983,1,21
M_029_A_XV,6.85033318400383,1983,1,22
M_029_A_XV,6.152021825313568,1983,1,23
M_029_A_XV,1.818933874368668,1983,1,24
M_029_A_XV,2.599862352013588,1983,1,25
M_029_A_XV,4.624994613230228,1983,1,26
M_029_A_XV,7.412928462028503,1983,1,27
M_029_A_XV,0.0038767981313867,1983,1,28
M_029_A_XV,0.0,1983,1,29
M_029_A_XV,0.0,1983,1,30
M_029_A_XV,5.812310695648193,1983,1,31
M_029_A_XV,10.235586762428284,1983,2,1
M_029_A_XV,5.909887388348579,1983,2,2
M_029_A_XV,13.20453368127346,1983,2,3
M_029_A_XV,15.73749029636383,1983,2,4
M_029_A_XV,23.299514442682263,1983,2,5
M_029_A_XV,9.984289765357971,1983,2,6
M_029_A_XV,4.135011196136475,1983,2,7
M_029_A_XV,17.303236305713654,1983,2,8
M_029_A_XV,37.11243373155594,1983,2,9
M_029_A_XV,17.1805412620306,1983,2,10
M_029_A_XV,16.910747289657593,1983,2,11
M_029_A_XV,3.2681256532669067,1983,2,12
M_029_A_XV,2.237231880426407,1983,2,13
M_029_A_XV,0.0048130713403224,1983,2,14
M_029_A_XV,0.0,1983,2,15
M_029_A_XV,7.011119365692139,1983,2,16
M_029_A_XV,8.57314357161522,1983,2,17
M_029_A_XV,7.666183724999428,1983,2,18
M_029_A_XV,21.296149611473083,1983,2,19
M_029_A_XV,0.7599153220653534,1983,2,20
M_029_A_XV,1.535350350663066,1983,2,21
M_029_A_XV,2.914817601442337,1983,2,22
M_029_A_XV,2.758708581328392,1983,2,23
M_029_A_XV,0.2513270433992147,1983,2,24
M_029_A_XV,0.114199386909604,1983,2,25
M_029_A_XV,0.019106900319457,1983,2,26
M_029_A_XV,1.0832044780254364,1983,2,27
M_029_A_XV,2.762991577386856,1983,2,28
M_029_A_XV,6.405925303697586,1983,3,1
M_029_A_XV,3.4558523893356323,1983,3,2
M_029_A_XV,0.0851158797740936,1983,3,3
M_029_A_XV,0.108545571565628,1983,3,4
M_029_A_XV,0.0,1983,3,5
M_029_A_XV,5.066420590505004,1983,3,6
M_029_A_XV,1.167913183569908,1983,3,7
M_029_A_XV,0.1178477331995964,1983,3,8
M_029_A_XV,0.0002406535641057,1983,3,9
M_029_A_XV,0.0029468717984855,1983,3,10
M_029_A_XV,0.0114641394466161,1983,3,11
M_029_A_XV,1.1104867681860924,1983,3,12
M_029_A_XV,0.7369905689702136,1983,3,13
M_029_A_XV,3.23284166213125,1983,3,14
M_029_A_XV,5.969813572242856,1983,3,15
M_029_A_XV,11.547902077436447,1983,3,16
M_029_A_XV,9.41729974746704,1983,3,17
M_029_A_XV,0.0,1983,3,18
M_029_A_XV,0.0024065356701612,1983,3,19
M_029_A_XV,2.497630089521408,1983,3,20
M_029_A_XV,0.5207329392433167,1983,3,21
M_029_A_XV,0.4232891127467155,1983,3,22
M_029_A_XV,0.0024065356701612,1983,3,23
M_029_A_XV,0.0,1983,3,24
M_029_A_XV,0.0,1983,3,25
M_029_A_XV,0.9414345622062684,1983,3,26
M_029_A_XV,2.14256701618433,1983,3,27
M_029_A_XV,7.7668269872665405,1983,3,28
M_029_A_XV,0.0,1983,3,29
M_029_A_XV,1.4101108312606812,1983,3,30
M_029_A_XV,3.5879804231226444,1983,3,31
M_029_A_XV,4.794191395863891,1983,4,1
M_029_A_XV,9.965022623538973,1983,4,2
M_029_A_XV,7.592857271432877,1983,4,3
M_029_A_XV,5.894637234508991,1983,4,4
M_029_A_XV,8.066511198878288,1983,4,5
M_029_A_XV,4.0715498477220535,1983,4,6
M_029_A_XV,2.282075157159852,1983,4,7
M_029_A_XV,2.239692857139744,1983,4,8
M_029_A_XV,3.850090004503727,1983,4,9
M_029_A_XV,3.859350070357322,1983,4,10
M_029_A_XV,0.0019106898689642,1983,4,11
M_029_A_XV,0.1976808607578277,1983,4,12
M_029_A_XV,0.0097003170521929,1983,4,13
M_029_A_XV,0.3689057826995849,1983,4,14
M_029_A_XV,0.077896274626255,1983,4,15
M_029_A_XV,0.0081386053934693,1983,4,16
M_029_A_XV,0.0210175901884213,1983,4,17
M_029_A_XV,1.6388076543807983,1983,4,18
M_029_A_XV,10.53877478837967,1983,4,19
M_029_A_XV,2.8582940954947844,1983,4,20
M_029_A_XV,2.398524392396212,1983,4,21
M_029_A_XV,2.624704122543335,1983,4,22
M_029_A_XV,0.0,1983,4,23
M_029_A_XV,0.0,1983,4,24
M_029_A_XV,0.0,1983,4,25
M_029_A_XV,0.0,1983,4,26
M_029_A_XV,0.0,1983,4,27
M_029_A_XV,0.0,1983,4,28
M_029_A_XV,0.0,1983,4,29
M_029_A_XV,0.0015029504429548,1983,4,30
M_029_A_XV,1.4496794939041138,1983,5,1
M_029_A_XV,3.5438013672828674,1983,5,2
M_029_A_XV,7.641937494277954,1983,5,3
M_029_A_XV,0.0,1983,5,4
M_029_A_XV,0.0135216973721981,1983,5,5
M_029_A_XV,0.0,1983,5,6
M_029_A_XV,0.0,1983,5,7
M_029_A_XV,0.0,1983,5,8
M_029_A_XV,0.0,1983,5,9
M_029_A_XV,0.6738675832748413,1983,5,10
M_029_A_XV,0.0,1983,5,11
M_029_A_XV,0.0,1983,5,12
M_029_A_XV,0.6279378533363342,1983,5,13
M_029_A_XV,0.0002406535641057,1983,5,14
M_029_A_XV,0.0,1983,5,15
M_029_A_XV,0.0,1983,5,16
M_029_A_XV,0.0,1983,5,17
M_029_A_XV,0.0,1983,5,18
M_029_A_XV,0.0,1983,5,19
M_029_A_XV,0.0,1983,5,20
M_029_A_XV,0.0,1983,5,21
M_029_A_XV,0.0,1983,5,22
M_029_A_XV,0.0,1983,5,23
M_029_A_XV,0.0,1983,5,24
M_029_A_XV,0.0,1983,5,25
M_029_A_XV,0.0,1983,5,26
M_029_A_XV,0.0,1983,5,27
M_029_A_XV,0.0,1983,5,28
M_029_A_XV,0.0,1983,5,29
M_029_A_XV,0.0,1983,5,30
M_029_A_XV,0.0,1983,5,31
M_029_A_XV,0.0,1983,6,1
M_029_A_XV,0.0,1983,6,2
M_029_A_XV,0.0,1983,6,3
M_029_A_XV,0.0,1983,6,4
M_029_A_XV,0.0,1983,6,5
M_029_A_XV,0.0,1983,6,6
M_029_A_XV,0.0,1983,6,7
M_029_A_XV,0.0,1983,6,8
M_029_A_XV,0.0,1983,6,9
M_029_A_XV,0.0,1983,6,10
M_029_A_XV,0.9930648356676102,1983,6,11
M_029_A_XV,0.0,1983,6,12
M_029_A_XV,0.0,1983,6,13
M_029_A_XV,0.0,1983,6,14
M_029_A_XV,0.0,1983,6,15
M_029_A_XV,0.0,1983,6,16
M_029_A_XV,0.0,1983,6,17
M_029_A_XV,0.0,1983,6,18
M_029_A_XV,0.0,1983,6,19
M_029_A_XV,0.0,1983,6,20
M_029_A_XV,0.0,1983,6,21
M_029_A_XV,0.0,1983,6,22
M_029_A_XV,0.0,1983,6,23
M_029_A_XV,0.0,1983,6,24
M_029_A_XV,0.0,1983,6,25
M_029_A_XV,0.0,1983,6,26
M_029_A_XV,0.0,1983,6,27
M_029_A_XV,0.0,1983,6,28
M_029_A_XV,0.0,1983,6,29
M_029_A_XV,0.0,1983,6,30
M_029_A_XV,0.0388602949678897,1983,7,1
M_029_A_XV,0.0,1983,7,2
M_029_A_XV,0.0,1983,7,3
M_029_A_XV,0.0,1983,7,4
M_029_A_XV,0.0,1983,7,5
M_029_A_XV,0.0,1983,7,6
M_029_A_XV,0.0,1983,7,7
M_029_A_XV,0.0,1983,7,8
M_029_A_XV,0.0,1983,7,9
M_029_A_XV,0.0,1983,7,10
M_029_A_XV,0.0,1983,7,11
M_029_A_XV,0.0,1983,7,12
M_029_A_XV,0.0,1983,7,13
M_029_A_XV,0.0,1983,7,14
M_029_A_XV,0.0,1983,7,15
M_029_A_XV,0.0,1983,7,16
M_029_A_XV,0.0,1983,7,17
M_029_A_XV,0.0,1983,7,18
M_029_A_XV,0.0,1983,7,19
M_029_A_XV,0.0,1983,7,20
M_029_A_XV,0.0,1983,7,21
M_029_A_XV,0.0,1983,7,22
M_029_A_XV,0.0,1983,7,23
M_029_A_XV,0.0,1983,7,24
M_029_A_XV,0.0937752127647399,1983,7,25
M_029_A_XV,0.5763800134882331,1983,7,26
M_029_A_XV,0.0,1983,7,27
M_029_A_XV,0.0,1983,7,28
M_029_A_XV,0.0,1983,7,29
M_029_A_XV,0.1083031406597001,1983,7,30
M_029_A_XV,0.0,1983,7,31
M_029_A_XV,0.0,1983,8,1
M_029_A_XV,0.0,1983,8,2
M_029_A_XV,0.0,1983,8,3
M_029_A_XV,0.0,1983,8,4
M_029_A_XV,0.0,1983,8,5
M_029_A_XV,0.0,1983,8,6
M_029_A_XV,0.0,1983,8,7
M_029_A_XV,0.0,1983,8,8
M_029_A_XV,0.028757706284523,1983,8,9
M_029_A_XV,0.0,1983,8,10
M_029_A_XV,0.0,1983,8,11
M_029_A_XV,0.0,1983,8,12
M_029_A_XV,0.0,1983,8,13
M_029_A_XV,0.0384544542030198,1983,8,14
M_029_A_XV,0.7369472980499268,1983,8,15
M_029_A_XV,0.0735133737325668,1983,8,16
M_029_A_XV,0.009292577378801,1983,8,17
M_029_A_XV,0.0024065356701612,1983,8,18
M_029_A_XV,0.0032374796428484,1983,8,19
M_029_A_XV,0.0,1983,8,20
M_029_A_XV,0.0,1983,8,21
M_029_A_XV,0.0,1983,8,22
M_029_A_XV,0.0,1983,8,23
M_029_A_XV,0.0,1983,8,24
M_029_A_XV,0.0,1983,8,25
M_029_A_XV,1.3745712075615302,1983,8,26
M_029_A_XV,6.368491478264332,1983,8,27
M_029_A_XV,7.011187279596925,1983,8,28
M_029_A_XV,4.073361250571907,1983,8,29
M_029_A_XV,2.499389501288533,1983,8,30
M_029_A_XV,0.077896274626255,1983,8,31
M_029_A_XV,0.0888144001364708,1983,9,1
M_029_A_XV,0.0,1983,9,2
M_029_A_XV,0.0,1983,9,3
M_029_A_XV,0.0907396301627159,1983,9,4
M_029_A_XV,0.0092335483059287,1983,9,5
M_029_A_XV,0.0,1983,9,6
M_029_A_XV,0.0,1983,9,7
M_029_A_XV,0.0,1983,9,8
M_029_A_XV,0.7151519213803113,1983,9,9
M_029_A_XV,9.62552359700203,1983,9,10
M_029_A_XV,9.749911844730375,1983,9,11
M_029_A_XV,0.0,1983,9,12
M_029_A_XV,0.0,1983,9,13
M_029_A_XV,0.0,1983,9,14
M_029_A_XV,0.0,1983,9,15
M_029_A_XV,0.0,1983,9,16
M_029_A_XV,0.0,1983,9,17
M_029_A_XV,0.0,1983,9,18
M_029_A_XV,0.0,1983,9,19
M_029_A_XV,0.0,1983,9,20
M_029_A_XV,0.3894813656806946,1983,9,21
M_029_A_XV,0.8739079907536507,1983,9,22
M_029_A_XV,1.5792601216817277,1983,9,23
M_029_A_XV,0.8493118416517973,1983,9,24
M_029_A_XV,0.2336888238787651,1983,9,25
M_029_A_XV,0.4769584238529205,1983,9,26
M_029_A_XV,2.472597721964121,1983,9,27
M_029_A_XV,0.8040633160853758,1983,9,28
M_029_A_XV,0.7910073581151664,1983,9,29
M_029_A_XV,0.7153750360012054,1983,9,30
M_029_A_XV,0.8191390410065651,1983,10,1
M_029_A_XV,5.328678846359253,1983,10,2
M_029_A_XV,7.407191127538681,1983,10,3
M_029_A_XV,9.108699083328249,1983,10,4
M_029_A_XV,12.010552287101746,1983,10,5
M_029_A_XV,7.0858621299266815,1983,10,6
M_029_A_XV,0.0,1983,10,7
M_029_A_XV,0.0,1983,10,8
M_029_A_XV,0.663334846496582,1983,10,9
M_029_A_XV,5.906886502169073,1983,10,10
M_029_A_XV,5.331690207123756,1983,10,11
M_029_A_XV,0.1582581139700778,1983,10,12
M_029_A_XV,0.0856859018094837,1983,10,13
M_029_A_XV,0.0,1983,10,14
M_029_A_XV,0.6472447514533997,1983,10,15
M_029_A_XV,0.1624159985221922,1983,10,16
M_029_A_XV,0.0,1983,10,17
M_029_A_XV,0.0,1983,10,18
M_029_A_XV,0.0,1983,10,19
M_029_A_XV,0.0,1983,10,20
M_029_A_XV,0.0,1983,10,21
M_029_A_XV,0.0,1983,10,22
M_029_A_XV,0.0,1983,10,23
M_029_A_XV,0.0312378090638958,1983,10,24
M_029_A_XV,0.077896274626255,1983,10,25
M_029_A_XV,0.0,1983,10,26
M_029_A_XV,1.898850187659264,1983,10,27
M_029_A_XV,0.3298560082912445,1983,10,28
M_029_A_XV,1.628389870747924,1983,10,29
M_029_A_XV,0.0,1983,10,30
M_029_A_XV,0.0,1983,10,31
M_029_A_XV,0.0,1983,11,1
M_029_A_XV,0.0,1983,11,2
M_029_A_XV,0.0,1983,11,3
M_029_A_XV,0.0,1983,11,4
M_029_A_XV,0.0,1983,11,5
M_029_A_XV,0.0,1983,11,6
M_029_A_XV,0.0,1983,11,7
M_029_A_XV,0.0,1983,11,8
M_029_A_XV,0.0,1983,11,9
M_029_A_XV,0.0,1983,11,10
M_029_A_XV,0.0,1983,11,11
M_029_A_XV,0.0,1983,11,12
M_029_A_XV,0.0,1983,11,13
M_029_A_XV,0.0,1983,11,14
M_029_A_XV,0.0,1983,11,15
M_029_A_XV,0.0,1983,11,16
M_029_A_XV,0.0277193220099434,1983,11,17
M_029_A_XV,1.7543501555919647,1983,11,18
M_029_A_XV,0.2396371066570282,1983,11,19
M_029_A_XV,0.0027062182816735,1983,11,20
M_029_A_XV,0.0,1983,11,21
M_029_A_XV,0.0,1983,11,22
M_029_A_XV,0.0,1983,11,23
M_029_A_XV,0.0,1983,11,24
M_029_A_XV,8.613227665424347,1983,11,25
M_029_A_XV,14.169403433799744,1983,11,26
M_029_A_XV,11.64225959777832,1983,11,27
M_029_A_XV,0.0054033617489039,1983,11,28
M_029_A_XV,4.485563963651657,1983,11,29
M_029_A_XV,3.180193454027176,1983,11,30
M_029_A_XV,9.974439173936844,1983,12,1
M_029_A_XV,12.04585812985897,1983,12,2
M_029_A_XV,17.86298155784607,1983,12,3
M_029_A_XV,18.180790185928345,1983,12,4
M_029_A_XV,3.405137933790684,1983,12,5
M_029_A_XV,0.0,1983,12,6
M_029_A_XV,0.0,1983,12,7
M_029_A_XV,0.0097003170521929,1983,12,8
M_029_A_XV,1.9630454778671265,1983,12,9
M_029_A_XV,0.3769013099372387,1983,12,10
M_029_A_XV,1.0514007806777954,1983,12,11
M_029_A_XV,12.536612391471865,1983,12,12
M_029_A_XV,11.792623817920685,1983,12,13
M_029_A_XV,9.336688816547394,1983,12,14
M_029_A_XV,3.845037402585149,1983,12,15
M_029_A_XV,6.955348040908575,1983,12,16
M_029_A_XV,6.124038964509964,1983,12,17
M_029_A_XV,15.09587025642395,1983,12,18
M_029_A_XV,1.1896998528391125,1983,12,19
M_029_A_XV,2.571205923144589,1983,12,20
M_029_A_XV,2.246049981564284,1983,12,21
M_029_A_XV,12.082248747348784,1983,12,22
M_029_A_XV,3.558620259165764,1983,12,23
M_029_A_XV,11.468684673309326,1983,12,24
M_029_A_XV,12.27642086148262,1983,12,25
M_029_A_XV,15.684028567746282,1983,12,26
M_029_A_XV,9.734012484550476,1983,12,27
M_029_A_XV,9.236400365829468,1983,12,28
M_029_A_XV,3.681400488712825,1983,12,29
M_029_A_XV,6.567864578217268,1983,12,30
M_029_A_XV,11.813315868377686,1983,12,31
M_029_A_XV,6.105127930641174,1984,1,1
M_029_A_XV,13.668053716421127,1984,1,2
M_029_A_XV,6.696682721376419,1984,1,3
M_029_A_XV,4.019128989428282,1984,1,4
M_029_A_XV,11.308347657322884,1984,1,5
M_029_A_XV,17.01702791452408,1984,1,6
M_029_A_XV,11.682425320148468,1984,1,7
M_029_A_XV,4.050315923988819,1984,1,8
M_029_A_XV,6.678028833121061,1984,1,9
M_029_A_XV,2.5221172110177577,1984,1,10
M_029_A_XV,2.771872019395232,1984,1,11
M_029_A_XV,9.493082761764526,1984,1,12
M_029_A_XV,8.86864298582077,1984,1,13
M_029_A_XV,5.538079231977463,1984,1,14
M_029_A_XV,9.85158547759056,1984,1,15
M_029_A_XV,5.776824347674847,1984,1,16
M_029_A_XV,3.9934803806245327,1984,1,17
M_029_A_XV,2.9075172003358603,1984,1,18
M_029_A_XV,14.91886818408966,1984,1,19
M_029_A_XV,14.740828424692154,1984,1,20
M_029_A_XV,7.675063215196133,1984,1,21
M_029_A_XV,4.120243240147829,1984,1,22
M_029_A_XV,1.515721894800663,1984,1,23
M_029_A_XV,4.964067000546493,1984,1,24
M_029_A_XV,3.7231111377477646,1984,1,25
M_029_A_XV,4.381656393408775,1984,1,26
M_029_A_XV,12.941449165344238,1984,1,27
M_029_A_XV,6.277922734618187,1984,1,28
M_029_A_XV,9.119121372699738,1984,1,29
M_029_A_XV,15.462254345417024,1984,1,30
M_029_A_XV,15.031594157218931,1984,1,31
M_029_A_XV,6.130276262760162,1984,2,1
M_029_A_XV,9.134216539561749,1984,2,2
M_029_A_XV,9.069515151903031,1984,2,3
M_029_A_XV,6.4992420226335526,1984,2,4
M_029_A_XV,5.452238069847226,1984,2,5
M_029_A_XV,8.273316893377341,1984,2,6
M_029_A_XV,6.408535107970238,1984,2,7
M_029_A_XV,5.810199930914678,1984,2,8
M_029_A_XV,2.810502310981974,1984,2,9
M_029_A_XV,12.561604332178833,1984,2,10
M_029_A_XV,7.381691843271255,1984,2,11
M_029_A_XV,8.00684916973114,1984,2,12
M_029_A_XV,7.299380622804165,1984,2,13
M_029_A_XV,22.41308295726776,1984,2,14
M_029_A_XV,7.355079671368003,1984,2,15
M_029_A_XV,5.723369970917702,1984,2,16
M_029_A_XV,3.100342109799385,1984,2,17
M_029_A_XV,6.821576124057174,1984,2,18
M_029_A_XV,14.15067944675684,1984,2,19
M_029_A_XV,16.59136000275612,1984,2,20
M_029_A_XV,14.320141643285751,1984,2,21
M_029_A_XV,11.545141756534576,1984,2,22
M_029_A_XV,9.490720307454469,1984,2,23
M_029_A_XV,13.071945250034332,1984,2,24
M_029_A_XV,13.028187662363052,1984,2,25
M_029_A_XV,11.850656628608704,1984,2,26
M_029_A_XV,3.5380027294158936,1984,2,27
M_029_A_XV,7.546873845160007,1984,2,28
M_029_A_XV,11.024706780910492,1984,2,29
M_029_A_XV,17.501374781131744,1984,3,1
M_029_A_XV,10.407142847776411,1984,3,2
M_029_A_XV,2.9087115973234177,1984,3,3
M_029_A_XV,2.0721613008499844,1984,3,4
M_029_A_XV,3.90490448474884,1984,3,5
M_029_A_XV,1.709514900110662,1984,3,6
M_029_A_XV,1.5935069024562836,1984,3,7
M_029_A_XV,2.259102404117584,1984,3,8
M_029_A_XV,0.1772443130612373,1984,3,9
M_029_A_XV,1.9920650718704564,1984,3,10
M_029_A_XV,2.960366576910019,1984,3,11
M_029_A_XV,4.093407019972801,1984,3,12
M_029_A_XV,11.119165048003197,1984,3,13
M_029_A_XV,11.548567920923231,1984,3,14
M_029_A_XV,11.693244099617004,1984,3,15
M_029_A_XV,7.8542501628398895,1984,3,16
M_029_A_XV,11.394449234008787,1984,3,17
M_029_A_XV,10.81207854859531,1984,3,18
M_029_A_XV,5.646853124722838,1984,3,19
M_029_A_XV,5.223409263417125,1984,3,20
M_029_A_XV,2.1355192656628788,1984,3,21
M_029_A_XV,3.474024496972561,1984,3,22
M_029_A_XV,11.0253866314888,1984,3,23
M_029_A_XV,18.910357236862183,1984,3,24
M_029_A_XV,10.74292054772377,1984,3,25
M_029_A_XV,18.70083498954773,1984,3,26
M_029_A_XV,20.34579825401306,1984,3,27
M_029_A_XV,5.536667622625828,1984,3,28
M_029_A_XV,5.571587758138776,1984,3,29
M_029_A_XV,7.985117614269257,1984,3,30
M_029_A_XV,0.5671662837266922,1984,3,31
M_029_A_XV,0.0267496593296527,1984,4,1
M_029_A_XV,1.6199514865875244,1984,4,2
M_029_A_XV,0.5174961686134338,1984,4,3
M_029_A_XV,1.0482301712036133,1984,4,4
M_029_A_XV,2.165109366178513,1984,4,5
M_029_A_XV,0.8343429900305637,1984,4,6
M_029_A_XV,3.5657625794410706,1984,4,7
M_029_A_XV,0.9862013086676598,1984,4,8
M_029_A_XV,0.0064540304010733,1984,4,9
M_029_A_XV,0.0,1984,4,10
M_029_A_XV,0.4874224048107862,1984,4,11
M_029_A_XV,1.6112056970596311,1984,4,12
M_029_A_XV,2.427642323076725,1984,4,13
M_029_A_XV,0.2989459969103336,1984,4,14
M_029_A_XV,0.6580031774938107,1984,4,15
M_029_A_XV,0.0,1984,4,16
M_029_A_XV,1.0198711156845093,1984,4,17
M_029_A_XV,5.039770647883415,1984,4,18
M_029_A_XV,10.130353808403015,1984,4,19
M_029_A_XV,0.4362191259860992,1984,4,20
M_029_A_XV,1.4091054532909766,1984,4,21
M_029_A_XV,0.1247944310307502,1984,4,22
M_029_A_XV,3.550839528441429,1984,4,23
M_029_A_XV,6.012499116361141,1984,4,24
M_029_A_XV,12.197412729263306,1984,4,25
M_029_A_XV,6.0800124406814575,1984,4,26
M_029_A_XV,0.085632599890232,1984,4,27
M_029_A_XV,0.0,1984,4,28
M_029_A_XV,0.0,1984,4,29
M_029_A_XV,0.0,1984,4,30
M_029_A_XV,0.0,1984,5,1
M_029_A_XV,0.0,1984,5,2
M_029_A_XV,0.0,1984,5,3
M_029_A_XV,0.0,1984,5,4
M_029_A_XV,0.0,1984,5,5
M_029_A_XV,0.0,1984,5,6
M_029_A_XV,0.2122306376695633,1984,5,7
M_029_A_XV,2.43243220448494,1984,5,8
M_029_A_XV,0.642867386341095,1984,5,9
M_029_A_XV,0.0,1984,5,10
M_029_A_XV,0.0,1984,5,11
M_029_A_XV,0.0,1984,5,12
M_029_A_XV,0.0,1984,5,13
M_029_A_XV,0.0,1984,5,14
M_029_A_XV,0.0,1984,5,15
M_029_A_XV,0.0,1984,5,16
M_029_A_XV,0.0,1984,5,17
M_029_A_XV,0.0,1984,5,18
M_029_A_XV,0.0,1984,5,19
M_029_A_XV,1.3160408735275269,1984,5,20
M_029_A_XV,2.184798783157021,1984,5,21
M_029_A_XV,2.5861525386571884,1984,5,22
M_029_A_XV,1.227508209645748,1984,5,23
M_029_A_XV,0.0593782551586627,1984,5,24
M_029_A_XV,0.0077017885632812,1984,5,25
M_029_A_XV,0.0,1984,5,26
M_029_A_XV,0.0,1984,5,27
M_029_A_XV,0.0,1984,5,28
M_029_A_XV,0.0,1984,5,29
M_029_A_XV,0.0,1984,5,30
M_029_A_XV,0.0382138006389141,1984,5,31
M_029_A_XV,1.4041700400412085,1984,6,1
M_029_A_XV,1.1940895318984983,1984,6,2
M_029_A_XV,0.0745918862521648,1984,6,3
M_029_A_XV,0.0,1984,6,4
M_029_A_XV,0.0,1984,6,5
M_029_A_XV,0.0,1984,6,6
M_029_A_XV,0.0774858891963958,1984,6,7
M_029_A_XV,0.0019106898689642,1984,6,8
M_029_A_XV,0.0,1984,6,9
M_029_A_XV,0.0,1984,6,10
M_029_A_XV,0.0,1984,6,11
M_029_A_XV,0.0,1984,6,12
M_029_A_XV,0.0,1984,6,13
M_029_A_XV,0.0,1984,6,14
M_029_A_XV,0.0,1984,6,15
M_029_A_XV,0.0,1984,6,16
M_029_A_XV,0.0,1984,6,17
M_029_A_XV,0.0673037767410278,1984,6,18
M_029_A_XV,0.4321132374898297,1984,6,19
M_029_A_XV,0.1822643776540644,1984,6,20
M_029_A_XV,0.0233688820153474,1984,6,21
M_029_A_XV,0.1563828438520431,1984,6,22
M_029_A_XV,1.3034826666116714,1984,6,23
M_029_A_XV,1.950111977756024,1984,6,24
M_029_A_XV,0.5770814083516598,1984,6,25
M_029_A_XV,0.0,1984,6,26
M_029_A_XV,0.0,1984,6,27
M_029_A_XV,0.0,1984,6,28
M_029_A_XV,0.0,1984,6,29
M_029_A_XV,0.0,1984,6,30
M_029_A_XV,0.0,1984,7,1
M_029_A_XV,0.0,1984,7,2
M_029_A_XV,0.0,1984,7,3
M_029_A_XV,0.0,1984,7,4
M_029_A_XV,0.0,1984,7,5
M_029_A_XV,0.0,1984,7,6
M_029_A_XV,0.0,1984,7,7
M_029_A_XV,0.0,1984,7,8
M_029_A_XV,0.0,1984,7,9
M_029_A_XV,0.0,1984,7,10
M_029_A_XV,0.0,1984,7,11
M_029_A_XV,0.0,1984,7,12
M_029_A_XV,0.0,1984,7,13
M_029_A_XV,0.0,1984,7,14
M_029_A_XV,0.0,1984,7,15
M_029_A_XV,0.0,1984,7,16
M_029_A_XV,0.3306919932365417,1984,7,17
M_029_A_XV,0.538723886013031,1984,7,18
M_029_A_XV,0.1740182364592328,1984,7,19
M_029_A_XV,0.0,1984,7,20
M_029_A_XV,0.0,1984,7,21
M_029_A_XV,0.0002406535641057,1984,7,22
M_029_A_XV,0.0,1984,7,23
M_029_A_XV,0.0,1984,7,24
M_029_A_XV,0.0,1984,7,25
M_029_A_XV,0.0,1984,7,26
M_029_A_XV,0.0,1984,7,27
M_029_A_XV,0.0047495048493146,1984,7,28
M_029_A_XV,0.324443222489208,1984,7,29
M_029_A_XV,0.0761051013832911,1984,7,30
M_029_A_XV,0.0,1984,7,31
M_029_A_XV,0.0,1984,8,1
M_029_A_XV,0.0,1984,8,2
M_029_A_XV,0.0,1984,8,3
M_029_A_XV,0.0,1984,8,4
M_029_A_XV,0.6823617592453957,1984,8,5
M_029_A_XV,3.824404641985893,1984,8,6
M_029_A_XV,1.7390266358852386,1984,8,7
M_029_A_XV,0.1915973052382469,1984,8,8
M_029_A_XV,0.7548235487192869,1984,8,9
M_029_A_XV,0.1714374935254454,1984,8,10
M_029_A_XV,0.0078486558049917,1984,8,11
M_029_A_XV,0.0002996826115122,1984,8,12
M_029_A_XV,0.0835402829543454,1984,8,13
M_029_A_XV,0.0,1984,8,14
M_029_A_XV,0.0,1984,8,15
M_029_A_XV,0.0,1984,8,16
M_029_A_XV,0.0,1984,8,17
M_029_A_XV,0.0,1984,8,18
M_029_A_XV,0.0,1984,8,19
M_029_A_XV,0.0,1984,8,20
M_029_A_XV,0.0,1984,8,21
M_029_A_XV,0.0,1984,8,22
M_029_A_XV,0.0,1984,8,23
M_029_A_XV,0.0,1984,8,24
M_029_A_XV,0.0,1984,8,25
M_029_A_XV,0.0,1984,8,26
M_029_A_XV,0.0,1984,8,27
M_029_A_XV,0.0,1984,8,28
M_029_A_XV,0.0,1984,8,29
M_029_A_XV,0.0,1984,8,30
M_029_A_XV,0.0,1984,8,31
M_029_A_XV,0.5005995612591505,1984,9,1
M_029_A_XV,1.1196470219874757,1984,9,2
M_029_A_XV,3.1360048949718475,1984,9,3
M_029_A_XV,4.425670903699938,1984,9,4
M_029_A_XV,0.0,1984,9,5
M_029_A_XV,0.0,1984,9,6
M_029_A_XV,0.0,1984,9,7
M_029_A_XV,0.0469784177839756,1984,9,8
M_029_A_XV,1.0913467407226562,1984,9,9
M_029_A_XV,0.15579254925251,1984,9,10
M_029_A_XV,0.0,1984,9,11
M_029_A_XV,0.6710799038410187,1984,9,12
M_029_A_XV,0.1296250312589109,1984,9,13
M_029_A_XV,1.335565723478794,1984,9,14
M_029_A_XV,0.0,1984,9,15
M_029_A_XV,0.0,1984,9,16
M_029_A_XV,0.0,1984,9,17
M_029_A_XV,0.0,1984,9,18
M_029_A_XV,0.0,1984,9,19
M_029_A_XV,0.0,1984,9,20
M_029_A_XV,0.0,1984,9,21
M_029_A_XV,0.0,1984,9,22
M_029_A_XV,0.0,1984,9,23
M_029_A_XV,0.0,1984,9,24
M_029_A_XV,0.0,1984,9,25
M_029_A_XV,0.0,1984,9,26
M_029_A_XV,0.0,1984,9,27
M_029_A_XV,0.0,1984,9,28
M_029_A_XV,0.0,1984,9,29
M_029_A_XV,0.0,1984,9,30
M_029_A_XV,0.0,1984,10,1
M_029_A_XV,0.0,1984,10,2
M_029_A_XV,0.640189226178336,1984,10,3
M_029_A_XV,2.3112210035324097,1984,10,4
M_029_A_XV,0.5791534185409546,1984,10,5
M_029_A_XV,0.5187628599087475,1984,10,6
M_029_A_XV,1.1713632717728617,1984,10,7
M_029_A_XV,2.4345771819353104,1984,10,8
M_029_A_XV,0.019106900319457,1984,10,9
M_029_A_XV,0.0,1984,10,10
M_029_A_XV,0.0,1984,10,11
M_029_A_XV,0.0733707696199417,1984,10,12
M_029_A_XV,5.296859746333212,1984,10,13
M_029_A_XV,13.39191222190857,1984,10,14
M_029_A_XV,2.097229704260826,1984,10,15
M_029_A_XV,10.986436605453491,1984,10,16
M_029_A_XV,0.6949613690376282,1984,10,17
M_029_A_XV,6.120837612310424,1984,10,18
M_029_A_XV,11.413443505764008,1984,10,19
M_029_A_XV,9.09917026758194,1984,10,20
M_029_A_XV,17.18436908721924,1984,10,21
M_029_A_XV,17.438947677612305,1984,10,22
M_029_A_XV,11.687416672706604,1984,10,23
M_029_A_XV,9.44039325416088,1984,10,24
M_029_A_XV,13.9460426568985,1984,10,25
M_029_A_XV,16.372528731822968,1984,10,26
M_029_A_XV,5.202096037566662,1984,10,27
M_029_A_XV,13.35437309741974,1984,10,28
M_029_A_XV,0.0059936521574854,1984,10,29
M_029_A_XV,2.6928088665008545,1984,10,30
M_029_A_XV,5.292950810864568,1984,10,31
M_029_A_XV,7.557118237018585,1984,11,1
M_029_A_XV,1.860765755176544,1984,11,2
M_029_A_XV,0.2000718850176781,1984,11,3
M_029_A_XV,0.1449731528991833,1984,11,4
M_029_A_XV,0.0,1984,11,5
M_029_A_XV,5.442813843488693,1984,11,6
M_029_A_XV,6.327481970191002,1984,11,7
M_029_A_XV,5.905900955200195,1984,11,8
M_029_A_XV,9.173428118228912,1984,11,9
M_029_A_XV,2.2571150362491608,1984,11,10
M_029_A_XV,0.0,1984,11,11
M_029_A_XV,1.57091492600739,1984,11,12
M_029_A_XV,7.574395515024662,1984,11,13
M_029_A_XV,7.117448925971985,1984,11,14
M_029_A_XV,12.092922687530518,1984,11,15
M_029_A_XV,7.498738572001457,1984,11,16
M_029_A_XV,3.324080727994442,1984,11,17
M_029_A_XV,2.0629906468093395,1984,11,18
M_029_A_XV,8.532006353139877,1984,11,19
M_029_A_XV,4.405627156142145,1984,11,20
M_029_A_XV,8.893574901856482,1984,11,21
M_029_A_XV,5.367701046168804,1984,11,22
M_029_A_XV,5.602021813392639,1984,11,23
M_029_A_XV,3.131531896069646,1984,11,24
M_029_A_XV,22.943716287612915,1984,11,25
M_029_A_XV,15.687358140945436,1984,11,26
M_029_A_XV,12.42387256026268,1984,11,27
M_029_A_XV,10.06142096221447,1984,11,28
M_029_A_XV,11.950853168964386,1984,11,29
M_029_A_XV,15.054944038391112,1984,11,30
M_029_A_XV,10.79510533809662,1984,12,1
M_029_A_XV,17.86414921283722,1984,12,2
M_029_A_XV,17.412195324897766,1984,12,3
M_029_A_XV,4.147250950336456,1984,12,4
M_029_A_XV,8.094018809497356,1984,12,5
M_029_A_XV,16.705559015274048,1984,12,6
M_029_A_XV,11.162840716540812,1984,12,7
M_029_A_XV,7.74249853938818,1984,12,8
M_029_A_XV,16.853084355592728,1984,12,9
M_029_A_XV,20.90196895599365,1984,12,10
M_029_A_XV,5.177862882614136,1984,12,11
M_029_A_XV,0.9968926113069756,1984,12,12
M_029_A_XV,3.175405092537403,1984,12,13
M_029_A_XV,0.0,1984,12,14
M_029_A_XV,0.0,1984,12,15
M_029_A_XV,0.0,1984,12,16
M_029_A_XV,0.0,1984,12,17
M_029_A_XV,0.0,1984,12,18
M_029_A_XV,2.309397991746664,1984,12,19
M_029_A_XV,10.521229475736618,1984,12,20
M_029_A_XV,2.707737423479557,1984,12,21
M_029_A_XV,12.828649640083311,1984,12,22
M_029_A_XV,0.9026535749435424,1984,12,23
M_029_A_XV,7.918450055643916,1984,12,24
M_029_A_XV,23.45500075817108,1984,12,25
M_029_A_XV,13.08630907535553,1984,12,26
M_029_A_XV,6.714548334479332,1984,12,27
M_029_A_XV,9.134895980358124,1984,12,28
M_029_A_XV,5.684678703546524,1984,12,29
M_029_A_XV,9.37948203086853,1984,12,30
M_029_A_XV,4.243824943900108,1984,12,31
M_029_A_XV,8.547316074371338,1985,1,1
M_029_A_XV,13.316253632307053,1985,1,2
M_029_A_XV,10.916584730148315,1985,1,3
M_029_A_XV,9.749180480837822,1985,1,4
M_029_A_XV,22.66593426465988,1985,1,5
M_029_A_XV,4.91294458694756,1985,1,6
M_029_A_XV,7.09958416223526,1985,1,7
M_029_A_XV,17.780424177646637,1985,1,8
M_029_A_XV,16.304935693740845,1985,1,9
M_029_A_XV,6.484517049044371,1985,1,10
M_029_A_XV,7.612121924757957,1985,1,11
M_029_A_XV,13.43236768245697,1985,1,12
M_029_A_XV,2.1727091521024704,1985,1,13
M_029_A_XV,2.5092793107032776,1985,1,14
M_029_A_XV,4.476807534694672,1985,1,15
M_029_A_XV,9.694155931472778,1985,1,16
M_029_A_XV,12.610424861311913,1985,1,17
M_029_A_XV,17.951285481452942,1985,1,18
M_029_A_XV,16.721813082695007,1985,1,19
M_029_A_XV,17.058942317962646,1985,1,20
M_029_A_XV,5.616568803787232,1985,1,21
M_029_A_XV,10.604703962802889,1985,1,22
M_029_A_XV,14.404633581638336,1985,1,23
M_029_A_XV,9.964100658893583,1985,1,24
M_029_A_XV,7.565163046121597,1985,1,25
M_029_A_XV,12.79940140247345,1985,1,26
M_029_A_XV,20.148388862609863,1985,1,27
M_029_A_XV,3.683765321969986,1985,1,28
M_029_A_XV,2.936701200902462,1985,1,29
M_029_A_XV,2.917638450860977,1985,1,30
M_029_A_XV,2.1038992181420326,1985,1,31
M_029_A_XV,3.652289032936096,1985,2,1
M_029_A_XV,3.56256440281868,1985,2,2
M_029_A_XV,11.048528671264648,1985,2,3
M_029_A_XV,9.240768551826475,1985,2,4
M_029_A_XV,1.9917857758700848,1985,2,5
M_029_A_XV,1.7074489293590889,1985,2,6
M_029_A_XV,1.078889459182392,1985,2,7
M_029_A_XV,0.1643193364143371,1985,2,8
M_029_A_XV,0.1172333413705928,1985,2,9
M_029_A_XV,0.7179332284722477,1985,2,10
M_029_A_XV,2.769669566303492,1985,2,11
M_029_A_XV,3.20216498489026,1985,2,12
M_029_A_XV,5.284762859344482,1985,2,13
M_029_A_XV,5.422260423889384,1985,2,14
M_029_A_XV,4.169578535482287,1985,2,15
M_029_A_XV,2.72147504799068,1985,2,16
M_029_A_XV,4.002240218222141,1985,2,17
M_029_A_XV,5.828311542980373,1985,2,18
M_029_A_XV,3.7842987924814224,1985,2,19
M_029_A_XV,2.3489442728459835,1985,2,20
M_029_A_XV,1.4950226871296763,1985,2,21
M_029_A_XV,0.4560996377840638,1985,2,22
M_029_A_XV,0.3161436421796679,1985,2,23
M_029_A_XV,5.972708031535149,1985,2,24
M_029_A_XV,20.78588020801544,1985,2,25
M_029_A_XV,1.480475476011634,1985,2,26
M_029_A_XV,0.8268106858777173,1985,2,27
M_029_A_XV,1.0848299516364932,1985,2,28
M_029_A_XV,1.7397491093724966,1985,3,1
M_029_A_XV,0.3683749716728925,1985,3,2
M_029_A_XV,0.1758373063057661,1985,3,3
M_029_A_XV,1.4064777791500092,1985,3,4
M_029_A_XV,7.583661571145058,1985,3,5
M_029_A_XV,3.073895201086998,1985,3,6
M_029_A_XV,3.998597979545593,1985,3,7
M_029_A_XV,8.879574000835419,1985,3,8
M_029_A_XV,11.62789398431778,1985,3,9
M_029_A_XV,14.892721563577652,1985,3,10
M_029_A_XV,11.884008407592772,1985,3,11
M_029_A_XV,10.716121792793274,1985,3,12
M_029_A_XV,15.368044435977936,1985,3,13
M_029_A_XV,8.533121347427368,1985,3,14
M_029_A_XV,0.0,1985,3,15
M_029_A_XV,0.0,1985,3,16
M_029_A_XV,1.889024492353201,1985,3,17
M_029_A_XV,2.802582658827305,1985,3,18
M_029_A_XV,7.926145285367966,1985,3,19
M_029_A_XV,2.324274592101574,1985,3,20
M_029_A_XV,5.900833517313004,1985,3,21
M_029_A_XV,15.317871809005736,1985,3,22
M_029_A_XV,15.687225937843325,1985,3,23
M_029_A_XV,6.494717419147492,1985,3,24
M_029_A_XV,4.599227095022798,1985,3,25
M_029_A_XV,5.494161570444703,1985,3,26
M_029_A_XV,1.6271818187087774,1985,3,27
M_029_A_XV,0.217730812728405,1985,3,28
M_029_A_XV,0.0439458675682544,1985,3,29
M_029_A_XV,0.6643755957484245,1985,3,30
M_029_A_XV,2.256382342427969,1985,3,31
M_029_A_XV,0.8064853828400373,1985,4,1
M_029_A_XV,5.281611502170563,1985,4,2
M_029_A_XV,16.11749279499054,1985,4,3
M_029_A_XV,8.387528657913208,1985,4,4
M_029_A_XV,17.058433532714844,1985,4,5
M_029_A_XV,1.8378328382968905,1985,4,6
M_029_A_XV,6.583565324544907,1985,4,7
M_029_A_XV,8.754082515835762,1985,4,8
M_029_A_XV,3.4532271418720484,1985,4,9
M_029_A_XV,4.792813807725906,1985,4,10
M_029_A_XV,3.437716944143176,1985,4,11
M_029_A_XV,3.0139218121767044,1985,4,12
M_029_A_XV,1.381207735510543,1985,4,13
M_029_A_XV,2.644899472594261,1985,4,14
M_029_A_XV,0.6384613513946533,1985,4,15
M_029_A_XV,0.0,1985,4,16
M_029_A_XV,0.0,1985,4,17
M_029_A_XV,0.3090062383562326,1985,4,18
M_029_A_XV,3.691243311972357,1985,4,19
M_029_A_XV,3.236579777672887,1985,4,20
M_029_A_XV,3.122910212376155,1985,4,21
M_029_A_XV,10.006911074742677,1985,4,22
M_029_A_XV,0.6502192122861743,1985,4,23
M_029_A_XV,0.8082836493849754,1985,4,24
M_029_A_XV,2.426390848122537,1985,4,25
M_029_A_XV,3.1202812921255827,1985,4,26
M_029_A_XV,6.287198428064585,1985,4,27
M_029_A_XV,5.24813175201416,1985,4,28
M_029_A_XV,6.234925001859665,1985,4,29
M_029_A_XV,7.226826883852482,1985,4,30
M_029_A_XV,0.4106479585170746,1985,5,1
M_029_A_XV,1.8179407119750977,1985,5,2
M_029_A_XV,0.4113830188289284,1985,5,3
M_029_A_XV,0.0330691970884799,1985,5,4
M_029_A_XV,0.0687848404049873,1985,5,5
M_029_A_XV,1.027124809101224,1985,5,6
M_029_A_XV,2.98126032948494,1985,5,7
M_029_A_XV,0.0002406535641057,1985,5,8
M_029_A_XV,0.0,1985,5,9
M_029_A_XV,0.0,1985,5,10
M_029_A_XV,0.0,1985,5,11
M_029_A_XV,0.0,1985,5,12
M_029_A_XV,0.0,1985,5,13
M_029_A_XV,0.0,1985,5,14
M_029_A_XV,0.0,1985,5,15
M_029_A_XV,0.0,1985,5,16
M_029_A_XV,0.0,1985,5,17
M_029_A_XV,0.0,1985,5,18
M_029_A_XV,0.0,1985,5,19
M_029_A_XV,0.0,1985,5,20
M_029_A_XV,0.0,1985,5,21
M_029_A_XV,0.0,1985,5,22
M_029_A_XV,0.0,1985,5,23
M_029_A_XV,0.6311010010540485,1985,5,24
M_029_A_XV,0.3365870416164398,1985,5,25
M_029_A_XV,0.557275865226984,1985,5,26
M_029_A_XV,0.5068808514624834,1985,5,27
M_029_A_XV,1.2681217268109322,1985,5,28
M_029_A_XV,0.8932431526482105,1985,5,29
M_029_A_XV,1.2919993102550509,1985,5,30
M_029_A_XV,0.5494513172889128,1985,5,31
M_029_A_XV,0.0784865617752075,1985,6,1
M_029_A_XV,2.690262784424704,1985,6,2
M_029_A_XV,2.5217420235276222,1985,6,3
M_029_A_XV,0.5740997269749641,1985,6,4
M_029_A_XV,2.254835123196244,1985,6,5
M_029_A_XV,8.4700917750597,1985,6,6
M_029_A_XV,6.4052324295043945,1985,6,7
M_029_A_XV,0.149206190922996,1985,6,8
M_029_A_XV,0.0,1985,6,9
M_029_A_XV,0.0,1985,6,10
M_029_A_XV,0.0,1985,6,11
M_029_A_XV,0.0,1985,6,12
M_029_A_XV,0.0,1985,6,13
M_029_A_XV,0.0808930993080139,1985,6,14
M_029_A_XV,0.0236095357686281,1985,6,15
M_029_A_XV,0.0,1985,6,16
M_029_A_XV,0.0,1985,6,17
M_029_A_XV,0.0103496365481987,1985,6,18
M_029_A_XV,0.8091582809574902,1985,6,19
M_029_A_XV,0.0,1985,6,20
M_029_A_XV,0.0,1985,6,21
M_029_A_XV,0.0,1985,6,22
M_029_A_XV,0.0,1985,6,23
M_029_A_XV,0.100590294227004,1985,6,24
M_029_A_XV,0.4165516435168683,1985,6,25
M_029_A_XV,0.0,1985,6,26
M_029_A_XV,0.0097003169357776,1985,6,27
M_029_A_XV,0.0,1985,6,28
M_029_A_XV,0.0,1985,6,29
M_029_A_XV,0.0,1985,6,30
M_029_A_XV,0.0,1985,7,1
M_029_A_XV,0.0,1985,7,2
M_029_A_XV,0.0,1985,7,3
M_029_A_XV,0.0,1985,7,4
M_029_A_XV,0.0,1985,7,5
M_029_A_XV,0.0,1985,7,6
M_029_A_XV,0.0333688780665397,1985,7,7
M_029_A_XV,0.0,1985,7,8
M_029_A_XV,0.0,1985,7,9
M_029_A_XV,0.1690970655472483,1985,7,10
M_029_A_XV,1.217837542295456,1985,7,11
M_029_A_XV,0.3334649574244395,1985,7,12
M_029_A_XV,0.2509216498583555,1985,7,13
M_029_A_XV,0.960127841681242,1985,7,14
M_029_A_XV,0.1888617426156997,1985,7,15
M_029_A_XV,0.0,1985,7,16
M_029_A_XV,0.0,1985,7,17
M_029_A_XV,0.0,1985,7,18
M_029_A_XV,0.0002406535641057,1985,7,19
M_029_A_XV,0.002809737692587,1985,7,20
M_029_A_XV,0.0871735217951936,1985,7,21
M_029_A_XV,0.0784865617752075,1985,7,22
M_029_A_XV,0.0,1985,7,23
M_029_A_XV,0.1054609769489616,1985,7,24
M_029_A_XV,0.0,1985,7,25
M_029_A_XV,0.0,1985,7,26
M_029_A_XV,0.0,1985,7,27
M_029_A_XV,0.0,1985,7,28
M_029_A_XV,0.0,1985,7,29
M_029_A_XV,0.0,1985,7,30
M_029_A_XV,0.0,1985,7,31
M_029_A_XV,0.0,1985,8,1
M_029_A_XV,0.0,1985,8,2
M_029_A_XV,0.0,1985,8,3
M_029_A_XV,0.1005902960896492,1985,8,4
M_029_A_XV,1.4118269179016352,1985,8,5
M_029_A_XV,0.1587893813848495,1985,8,6
M_029_A_XV,0.0,1985,8,7
M_029_A_XV,0.0484813669463619,1985,8,8
M_029_A_XV,0.0,1985,8,9
M_029_A_XV,0.0,1985,8,10
M_029_A_XV,0.0,1985,8,11
M_029_A_XV,0.0,1985,8,12
M_029_A_XV,0.0,1985,8,13
M_029_A_XV,0.0,1985,8,14
M_029_A_XV,0.0,1985,8,15
M_029_A_XV,0.0,1985,8,16
M_029_A_XV,0.0,1985,8,17
M_029_A_XV,0.0029968260787427,1985,8,18
M_029_A_XV,0.0,1985,8,19
M_029_A_XV,0.0,1985,8,20
M_029_A_XV,1.0074799610301852,1985,8,21
M_029_A_XV,0.939870536327362,1985,8,22
M_029_A_XV,1.2860686127096417,1985,8,23
M_029_A_XV,0.0,1985,8,24
M_029_A_XV,0.0,1985,8,25
M_029_A_XV,0.0,1985,8,26
M_029_A_XV,0.0235185697674751,1985,8,27
M_029_A_XV,0.3062699772417545,1985,8,28
M_029_A_XV,2.630303679499775,1985,8,29
M_029_A_XV,4.958743184804916,1985,8,30
M_029_A_XV,1.9317102190107107,1985,8,31
M_029_A_XV,4.997109264135361,1985,9,1
M_029_A_XV,2.80539103935007,1985,9,2
M_029_A_XV,0.0,1985,9,3
M_029_A_XV,0.0,1985,9,4
M_029_A_XV,0.0,1985,9,5
M_029_A_XV,0.0092335483059287,1985,9,6
M_029_A_XV,0.0781369281903607,1985,9,7
M_029_A_XV,0.4142484702169895,1985,9,8
M_029_A_XV,0.0,1985,9,9
M_029_A_XV,1.0796596240252256,1985,9,10
M_029_A_XV,1.050657231360674,1985,9,11
M_029_A_XV,0.0,1985,9,12
M_029_A_XV,0.5584578506532125,1985,9,13
M_029_A_XV,2.400192975997925,1985,9,14
M_029_A_XV,1.1074649095535278,1985,9,15
M_029_A_XV,2.139239709824324,1985,9,16
M_029_A_XV,6.521756619215012,1985,9,17
M_029_A_XV,9.018695563077928,1985,9,18
M_029_A_XV,8.427691578865051,1985,9,19
M_029_A_XV,1.6762319505214691,1985,9,20
M_029_A_XV,5.267884582281113,1985,9,21
M_029_A_XV,1.8236769009381533,1985,9,22
M_029_A_XV,0.0170410310820443,1985,9,23
M_029_A_XV,0.0240653567016124,1985,9,24
M_029_A_XV,0.0,1985,9,25
M_029_A_XV,0.0,1985,9,26
M_029_A_XV,0.0,1985,9,27
M_029_A_XV,0.0,1985,9,28
M_029_A_XV,0.0,1985,9,29
M_029_A_XV,0.0,1985,9,30
M_029_A_XV,0.0,1985,10,1
M_029_A_XV,0.0,1985,10,2
M_029_A_XV,0.1325988322496414,1985,10,3
M_029_A_XV,0.4942101193591952,1985,10,4
M_029_A_XV,0.0,1985,10,5
M_029_A_XV,0.2336888313293457,1985,10,6
M_029_A_XV,1.4338034987449646,1985,10,7
M_029_A_XV,4.9175929725170135,1985,10,8
M_029_A_XV,2.263959676027298,1985,10,9
M_029_A_XV,12.966842412948608,1985,10,10
M_029_A_XV,1.9785377401858568,1985,10,11
M_029_A_XV,8.02287232130766,1985,10,12
M_029_A_XV,2.1559038627892733,1985,10,13
M_029_A_XV,1.517149582505226,1985,10,14
M_029_A_XV,4.805373966693878,1985,10,15
M_029_A_XV,8.023456853465177,1985,10,16
M_029_A_XV,3.406927237287164,1985,10,17
M_029_A_XV,4.661546930670738,1985,10,18
M_029_A_XV,0.0,1985,10,19
M_029_A_XV,0.0,1985,10,20
M_029_A_XV,0.0,1985,10,21
M_029_A_XV,0.0,1985,10,22
M_029_A_XV,3.593749761581421,1985,10,23
M_029_A_XV,0.0880924393422901,1985,10,24
M_029_A_XV,0.0,1985,10,25
M_029_A_XV,0.0,1985,10,26
M_029_A_XV,0.1580029129981994,1985,10,27
M_029_A_XV,2.0186305814422667,1985,10,28
M_029_A_XV,8.247894987463951,1985,10,29
M_029_A_XV,5.441121472045779,1985,10,30
M_029_A_XV,4.675095380283892,1985,10,31
M_029_A_XV,1.5107141630724072,1985,11,1
M_029_A_XV,3.68730822764337,1985,11,2
M_029_A_XV,0.0,1985,11,3
M_029_A_XV,0.0,1985,11,4
M_029_A_XV,0.0,1985,11,5
M_029_A_XV,1.920652411878109,1985,11,6
M_029_A_XV,10.224990915507078,1985,11,7
M_029_A_XV,16.769075512886047,1985,11,8
M_029_A_XV,11.757385790348051,1985,11,9
M_029_A_XV,4.694022800773382,1985,11,10
M_029_A_XV,2.558252170681953,1985,11,11
M_029_A_XV,7.166810654103756,1985,11,12
M_029_A_XV,18.36634320020676,1985,11,13
M_029_A_XV,12.462580621242523,1985,11,14
M_029_A_XV,22.580424427986145,1985,11,15
M_029_A_XV,6.053112372756004,1985,11,16
M_029_A_XV,4.86505239456892,1985,11,17
M_029_A_XV,9.58876546472311,1985,11,18
M_029_A_XV,5.640545575879514,1985,11,19
M_029_A_XV,13.339507699012756,1985,11,20
M_029_A_XV,2.606568042188883,1985,11,21
M_029_A_XV,1.8544352976605296,1985,11,22
M_029_A_XV,6.098442267626524,1985,11,23
M_029_A_XV,6.079728912562132,1985,11,24
M_029_A_XV,1.2819160813232884,1985,11,25
M_029_A_XV,2.364610299744527,1985,11,26
M_029_A_XV,2.5785433650016785,1985,11,27
M_029_A_XV,3.37825496122241,1985,11,28
M_029_A_XV,3.839904792606831,1985,11,29
M_029_A_XV,16.154515743255615,1985,11,30
M_029_A_XV,9.489313751459122,1985,12,1
M_029_A_XV,13.761060535907744,1985,12,2
M_029_A_XV,14.9623629078269,1985,12,3
M_029_A_XV,10.979024088010192,1985,12,4
M_029_A_XV,15.499375104904177,1985,12,5
M_029_A_XV,9.132568418979645,1985,12,6
M_029_A_XV,10.204414963722227,1985,12,7
M_029_A_XV,14.398468136787416,1985,12,8
M_029_A_XV,11.688079193234444,1985,12,9
M_029_A_XV,10.73089311271906,1985,12,10
M_029_A_XV,15.28607326745987,1985,12,11
M_029_A_XV,2.4088328182697296,1985,12,12
M_029_A_XV,3.586560140363872,1985,12,13
M_029_A_XV,6.747390925884247,1985,12,14
M_029_A_XV,15.768211990594864,1985,12,15
M_029_A_XV,11.107319504022598,1985,12,16
M_029_A_XV,4.070055961608887,1985,12,17
M_029_A_XV,0.6172040395322256,1985,12,18
M_029_A_XV,0.0961247831583023,1985,12,19
M_029_A_XV,0.005732069723308,1985,12,20
M_029_A_XV,2.366364061832428,1985,12,21
M_029_A_XV,22.09045523405075,1985,12,22
M_029_A_XV,8.735866166651249,1985,12,23
M_029_A_XV,2.6166390627622604,1985,12,24
M_029_A_XV,1.9683198034763336,1985,12,25
M_029_A_XV,19.76105761528015,1985,12,26
M_029_A_XV,8.283956438302994,1985,12,27
M_029_A_XV,9.931658148765564,1985,12,28
M_029_A_XV,20.380406141281128,1985,12,29
M_029_A_XV,11.246432691812515,1985,12,30
M_029_A_XV,5.073474772274494,1985,12,31
M_029_A_XV,0.405405237688683,1986,1,1
M_029_A_XV,1.8398348800838,1986,1,2
M_029_A_XV,6.658547006547451,1986,1,3
M_029_A_XV,8.111943185329437,1986,1,4
M_029_A_XV,2.554405202856288,1986,1,5
M_029_A_XV,5.472152814269066,1986,1,6
M_029_A_XV,9.09394684433937,1986,1,7
M_029_A_XV,8.595826148986816,1986,1,8
M_029_A_XV,6.35817277431488,1986,1,9
M_029_A_XV,9.641049854457378,1986,1,10
M_029_A_XV,2.710327874869108,1986,1,11
M_029_A_XV,5.645173735916615,1986,1,12
M_029_A_XV,6.674711406230927,1986,1,13
M_029_A_XV,6.463176354765892,1986,1,14
M_029_A_XV,7.372643381357193,1986,1,15
M_029_A_XV,22.225815653800964,1986,1,16
M_029_A_XV,9.616459131240845,1986,1,17
M_029_A_XV,4.260932847857475,1986,1,18
M_029_A_XV,0.6986094522289932,1986,1,19
M_029_A_XV,4.895430259406567,1986,1,20
M_029_A_XV,5.627363309264183,1986,1,21
M_029_A_XV,3.245399981737137,1986,1,22
M_029_A_XV,0.2337025664746761,1986,1,23
M_029_A_XV,0.1661617517820559,1986,1,24
M_029_A_XV,0.0021513435058295,1986,1,25
M_029_A_XV,0.0097003169357776,1986,1,26
M_029_A_XV,0.0,1986,1,27
M_029_A_XV,4.914452014956623,1986,1,28
M_029_A_XV,19.343282282352448,1986,1,29
M_029_A_XV,3.280928798019886,1986,1,30
M_029_A_XV,4.6275731972418725,1986,1,31
M_029_A_XV,10.649665087461472,1986,2,1
M_029_A_XV,4.222397997975349,1986,2,2
M_029_A_XV,3.544302141293884,1986,2,3
M_029_A_XV,2.858677625656128,1986,2,4
M_029_A_XV,2.6875935196876526,1986,2,5
M_029_A_XV,17.452475011348724,1986,2,6
M_029_A_XV,12.70361052453518,1986,2,7
M_029_A_XV,9.22985690832138,1986,2,8
M_029_A_XV,13.038211286067964,1986,2,9
M_029_A_XV,5.697190433740616,1986,2,10
M_029_A_XV,10.832984432578089,1986,2,11
M_029_A_XV,4.837650298140943,1986,2,12
M_029_A_XV,2.9362007528543472,1986,2,13
M_029_A_XV,8.268978953361511,1986,2,14
M_029_A_XV,10.737457782030106,1986,2,15
M_029_A_XV,5.041669011116028,1986,2,16
M_029_A_XV,3.133006811141968,1986,2,17
M_029_A_XV,7.2058077566325665,1986,2,18
M_029_A_XV,11.672722339630129,1986,2,19
M_029_A_XV,11.236711114645004,1986,2,20
M_029_A_XV,8.319535626098514,1986,2,21
M_029_A_XV,7.332547601272381,1986,2,22
M_029_A_XV,4.900273296516389,1986,2,23
M_029_A_XV,1.3315695188939571,1986,2,24
M_029_A_XV,5.463899984955788,1986,2,25
M_029_A_XV,12.253565073013306,1986,2,26
M_029_A_XV,12.125375509262083,1986,2,27
M_029_A_XV,7.372528459876776,1986,2,28
M_029_A_XV,9.195685878396034,1986,3,1
M_029_A_XV,8.719136267900467,1986,3,2
M_029_A_XV,5.426365226507187,1986,3,3
M_029_A_XV,5.829338073730469,1986,3,4
M_029_A_XV,5.543541193008423,1986,3,5
M_029_A_XV,9.881966769695282,1986,3,6
M_029_A_XV,10.318037942051888,1986,3,7
M_029_A_XV,12.997006684541702,1986,3,8
M_029_A_XV,7.279841303825378,1986,3,9
M_029_A_XV,2.156180702149868,1986,3,10
M_029_A_XV,5.346017524600029,1986,3,11
M_029_A_XV,3.400336330756545,1986,3,12
M_029_A_XV,3.1583878751844168,1986,3,13
M_029_A_XV,2.4145245254039764,1986,3,14
M_029_A_XV,2.0120029151439667,1986,3,15
M_029_A_XV,4.011443093419075,1986,3,16
M_029_A_XV,7.515689089894295,1986,3,17
M_029_A_XV,7.286374643445015,1986,3,18
M_029_A_XV,2.272252321243286,1986,3,19
M_029_A_XV,2.656300881528296,1986,3,20
M_029_A_XV,3.8537387549877167,1986,3,21
M_029_A_XV,5.418006956577301,1986,3,22
M_029_A_XV,3.912824869155884,1986,3,23
M_029_A_XV,3.007990956306457,1986,3,24
M_029_A_XV,1.9988421488087624,1986,3,25
M_029_A_XV,1.5129122553626075,1986,3,26
M_029_A_XV,1.8993436717428267,1986,3,27
M_029_A_XV,1.936597362160683,1986,3,28
M_029_A_XV,3.433499850332737,1986,3,29
M_029_A_XV,1.1770578558789566,1986,3,30
M_029_A_XV,3.68679551780224,1986,3,31
M_029_A_XV,7.6376060247421265,1986,4,1
M_029_A_XV,2.7956579253077507,1986,4,2
M_029_A_XV,5.68503612279892,1986,4,3
M_029_A_XV,6.744386672973633,1986,4,4
M_029_A_XV,10.934139251708984,1986,4,5
M_029_A_XV,11.292561158537865,1986,4,6
M_029_A_XV,8.25149791687727,1986,4,7
M_029_A_XV,3.8265579398721457,1986,4,8
M_029_A_XV,0.7923381525324658,1986,4,9
M_029_A_XV,0.7901113629341125,1986,4,10
M_029_A_XV,1.368641436100006,1986,4,11
M_029_A_XV,2.5423952117562294,1986,4,12
M_029_A_XV,3.485694721341133,1986,4,13
M_029_A_XV,2.9390960787422955,1986,4,14
M_029_A_XV,10.107726782560349,1986,4,15
M_029_A_XV,16.256469011306763,1986,4,16
M_029_A_XV,0.3440081709995866,1986,4,17
M_029_A_XV,0.047401886244188,1986,4,18
M_029_A_XV,0.1142619773745536,1986,4,19
M_029_A_XV,0.0,1986,4,20
M_029_A_XV,0.0,1986,4,21
M_029_A_XV,0.7760395407676697,1986,4,22
M_029_A_XV,3.581655286252498,1986,4,23
M_029_A_XV,3.542313005775213,1986,4,24
M_029_A_XV,1.1592331160791218,1986,4,25
M_029_A_XV,1.0789448616997106,1986,4,26
M_029_A_XV,4.574153140187264,1986,4,27
M_029_A_XV,8.081087470054626,1986,4,28
M_029_A_XV,10.785972952842712,1986,4,29
M_029_A_XV,5.138875126838684,1986,4,30
M_029_A_XV,0.0231689336942508,1986,5,1
M_029_A_XV,0.0,1986,5,2
M_029_A_XV,0.1199718413845403,1986,5,3
M_029_A_XV,0.334494424983859,1986,5,4
M_029_A_XV,4.824658095836639,1986,5,5
M_029_A_XV,13.794270992279053,1986,5,6
M_029_A_XV,4.024295032024384,1986,5,7
M_029_A_XV,0.0,1986,5,8
M_029_A_XV,0.0,1986,5,9
M_029_A_XV,0.0,1986,5,10
M_029_A_XV,0.0,1986,5,11
M_029_A_XV,0.0,1986,5,12
M_029_A_XV,0.0,1986,5,13
M_029_A_XV,0.0,1986,5,14
M_029_A_XV,0.0,1986,5,15
M_029_A_XV,0.1587893813848495,1986,5,16
M_029_A_XV,0.0,1986,5,17
M_029_A_XV,0.0,1986,5,18
M_029_A_XV,0.0,1986,5,19
M_029_A_XV,0.0,1986,5,20
M_029_A_XV,0.0,1986,5,21
M_029_A_XV,0.0,1986,5,22
M_029_A_XV,0.0,1986,5,23
M_029_A_XV,0.0,1986,5,24
M_029_A_XV,0.0,1986,5,25
M_029_A_XV,0.0,1986,5,26
M_029_A_XV,0.0,1986,5,27
M_029_A_XV,0.0,1986,5,28
M_029_A_XV,0.0,1986,5,29
M_029_A_XV,0.0,1986,5,30
M_029_A_XV,0.0,1986,5,31
M_029_A_XV,0.0,1986,6,1
M_029_A_XV,0.856859028339386,1986,6,2
M_029_A_XV,0.0,1986,6,3
M_029_A_XV,0.0,1986,6,4
M_029_A_XV,0.0,1986,6,5
M_029_A_XV,0.0,1986,6,6
M_029_A_XV,0.0,1986,6,7
M_029_A_XV,0.0,1986,6,8
M_029_A_XV,0.0,1986,6,9
M_029_A_XV,0.0,1986,6,10
M_029_A_XV,0.0,1986,6,11
M_029_A_XV,0.0,1986,6,12
M_029_A_XV,0.0,1986,6,13
M_029_A_XV,0.0,1986,6,14
M_029_A_XV,0.0,1986,6,15
M_029_A_XV,0.0,1986,6,16
M_029_A_XV,0.0,1986,6,17
M_029_A_XV,0.0,1986,6,18
M_029_A_XV,0.0,1986,6,19
M_029_A_XV,0.0,1986,6,20
M_029_A_XV,0.0,1986,6,21
M_029_A_XV,0.0,1986,6,22
M_029_A_XV,0.0,1986,6,23
M_029_A_XV,0.0,1986,6,24
M_029_A_XV,0.0,1986,6,25
M_029_A_XV,0.0,1986,6,26
M_029_A_XV,0.0,1986,6,27
M_029_A_XV,0.0,1986,6,28
M_029_A_XV,0.0,1986,6,29
M_029_A_XV,0.0,1986,6,30
M_029_A_XV,0.0,1986,7,1
M_029_A_XV,0.0,1986,7,2
M_029_A_XV,0.0,1986,7,3
M_029_A_XV,0.0,1986,7,4
M_029_A_XV,0.0,1986,7,5
M_029_A_XV,0.0,1986,7,6
M_029_A_XV,0.0,1986,7,7
M_029_A_XV,0.0,1986,7,8
M_029_A_XV,0.0,1986,7,9
M_029_A_XV,0.0009626142564229,1986,7,10
M_029_A_XV,0.0,1986,7,11
M_029_A_XV,0.0,1986,7,12
M_029_A_XV,0.0,1986,7,13
M_029_A_XV,0.0,1986,7,14
M_029_A_XV,0.0,1986,7,15
M_029_A_XV,0.0,1986,7,16
M_029_A_XV,0.0,1986,7,17
M_029_A_XV,0.336273580789566,1986,7,18
M_029_A_XV,0.008030280470848,1986,7,19
M_029_A_XV,0.0,1986,7,20
M_029_A_XV,0.0,1986,7,21
M_029_A_XV,0.0101961628533899,1986,7,22
M_029_A_XV,0.0873704766854643,1986,7,23
M_029_A_XV,1.7570879757404327,1986,7,24
M_029_A_XV,7.230694234371185,1986,7,25
M_029_A_XV,2.1206651479005814,1986,7,26
M_029_A_XV,1.886231563985348,1986,7,27
M_029_A_XV,2.0628176108002663,1986,7,28
M_029_A_XV,0.0,1986,7,29
M_029_A_XV,0.0,1986,7,30
M_029_A_XV,0.0,1986,7,31
M_029_A_XV,0.0,1986,8,1
M_029_A_XV,0.0,1986,8,2
M_029_A_XV,0.0,1986,8,3
M_029_A_XV,0.0545864179730415,1986,8,4
M_029_A_XV,0.0,1986,8,5
M_029_A_XV,0.0764276012778282,1986,8,6
M_029_A_XV,0.2524155676364898,1986,8,7
M_029_A_XV,0.8433098904788494,1986,8,8
M_029_A_XV,0.0701066479086875,1986,8,9
M_029_A_XV,0.0,1986,8,10
M_029_A_XV,0.0,1986,8,11
M_029_A_XV,0.0,1986,8,12
M_029_A_XV,0.0,1986,8,13
M_029_A_XV,0.0,1986,8,14
M_029_A_XV,0.0,1986,8,15
M_029_A_XV,0.0,1986,8,16
M_029_A_XV,0.0,1986,8,17
M_029_A_XV,0.1662293672561645,1986,8,18
M_029_A_XV,4.421868085861206,1986,8,19
M_029_A_XV,1.0448802262544632,1986,8,20
M_029_A_XV,0.0,1986,8,21
M_029_A_XV,0.0,1986,8,22
M_029_A_XV,0.0,1986,8,23
M_029_A_XV,0.0,1986,8,24
M_029_A_XV,0.0,1986,8,25
M_029_A_XV,0.0,1986,8,26
M_029_A_XV,0.0970031768083572,1986,8,27
M_029_A_XV,5.301740437746048,1986,8,28
M_029_A_XV,3.1622518226504326,1986,8,29
M_029_A_XV,2.28467957675457,1986,8,30
M_029_A_XV,0.0970571786165237,1986,8,31
M_029_A_XV,0.0002406535641057,1986,9,1
M_029_A_XV,0.0,1986,9,2
M_029_A_XV,0.0,1986,9,3
M_029_A_XV,0.8267119168303907,1986,9,4
M_029_A_XV,0.0,1986,9,5
M_029_A_XV,0.0,1986,9,6
M_029_A_XV,0.3733238575950963,1986,9,7
M_029_A_XV,0.6616006325930357,1986,9,8
M_029_A_XV,0.1781580746173858,1986,9,9
M_029_A_XV,0.0486484542489051,1986,9,10
M_029_A_XV,0.0002406535641057,1986,9,11
M_029_A_XV,0.1801240448839962,1986,9,12
M_029_A_XV,0.0803028121590614,1986,9,13
M_029_A_XV,0.0,1986,9,14
M_029_A_XV,0.6201717406511307,1986,9,15
M_029_A_XV,1.3028417229652405,1986,9,16
M_029_A_XV,1.650437355041504,1986,9,17
M_029_A_XV,1.436517357826233,1986,9,18
M_029_A_XV,0.0002406535641057,1986,9,19
M_029_A_XV,6.137780729681253,1986,9,20
M_029_A_XV,10.091163039207458,1986,9,21
M_029_A_XV,7.6521918177604675,1986,9,22
M_029_A_XV,2.042796522378921,1986,9,23
M_029_A_XV,0.0024065356701612,1986,9,24
M_029_A_XV,0.0,1986,9,25
M_029_A_XV,0.0,1986,9,26
M_029_A_XV,0.0803028121590614,1986,9,27
M_029_A_XV,0.0,1986,9,28
M_029_A_XV,0.7260493878275156,1986,9,29
M_029_A_XV,0.1559547469951212,1986,9,30
M_029_A_XV,0.0,1986,10,1
M_029_A_XV,0.1109654679894447,1986,10,2
M_029_A_XV,1.3312920425087214,1986,10,3
M_029_A_XV,0.904084175825119,1986,10,4
M_029_A_XV,1.589833989739418,1986,10,5
M_029_A_XV,2.3495643734931946,1986,10,6
M_029_A_XV,0.6885716952383518,1986,10,7
M_029_A_XV,1.7584034949541092,1986,10,8
M_029_A_XV,0.0,1986,10,9
M_029_A_XV,0.0,1986,10,10
M_029_A_XV,0.5433696508407593,1986,10,11
M_029_A_XV,10.31304407119751,1986,10,12
M_029_A_XV,1.971125528216362,1986,10,13
M_029_A_XV,0.3045050501823425,1986,10,14
M_029_A_XV,0.8419967945665121,1986,10,15
M_029_A_XV,6.7595043778419495,1986,10,16
M_029_A_XV,10.238606214523315,1986,10,17
M_029_A_XV,5.351680010557175,1986,10,18
M_029_A_XV,0.0,1986,10,19
M_029_A_XV,0.0,1986,10,20
M_029_A_XV,0.0,1986,10,21
M_029_A_XV,0.0,1986,10,22
M_029_A_XV,0.2789499226491898,1986,10,23
M_029_A_XV,0.0078098978847265,1986,10,24
M_029_A_XV,0.0,1986,10,25
M_029_A_XV,0.0024065356701612,1986,10,26
M_029_A_XV,1.0993259847164154,1986,10,27
M_029_A_XV,0.9454328063875436,1986,10,28
M_029_A_XV,2.037888601887971,1986,10,29
M_029_A_XV,0.0,1986,10,30
M_029_A_XV,0.0,1986,10,31
M_029_A_XV,0.2122896611690521,1986,11,1
M_029_A_XV,3.241329552605748,1986,11,2
M_029_A_XV,3.133345305919647,1986,11,3
M_029_A_XV,1.0347689675400034,1986,11,4
M_029_A_XV,0.0264973789453506,1986,11,5
M_029_A_XV,0.0467377640306949,1986,11,6
M_029_A_XV,0.6778915021568537,1986,11,7
M_029_A_XV,0.126636803150177,1986,11,8
M_029_A_XV,4.180422060191631,1986,11,9
M_029_A_XV,4.071026176214218,1986,11,10
M_029_A_XV,6.674158442765474,1986,11,11
M_029_A_XV,1.9552761688828468,1986,11,12
M_029_A_XV,1.2126313783228395,1986,11,13
M_029_A_XV,5.361648961901665,1986,11,14
M_029_A_XV,5.284641227917746,1986,11,15
M_029_A_XV,3.112070294097066,1986,11,16
M_029_A_XV,1.1330596320331097,1986,11,17
M_029_A_XV,0.0,1986,11,18
M_029_A_XV,0.1148458793759346,1986,11,19
M_029_A_XV,7.788505285978317,1986,11,20
M_029_A_XV,18.58957740664482,1986,11,21
M_029_A_XV,16.66169786453247,1986,11,22
M_029_A_XV,16.124841690063477,1986,11,23
M_029_A_XV,2.930874263867736,1986,11,24
M_029_A_XV,5.785307943820953,1986,11,25
M_029_A_XV,0.0,1986,11,26
M_029_A_XV,0.0,1986,11,27
M_029_A_XV,0.0,1986,11,28
M_029_A_XV,0.0,1986,11,29
M_029_A_XV,5.90290474065e-05,1986,11,30
M_029_A_XV,0.0934755289927125,1986,12,1
M_029_A_XV,0.2606056332588196,1986,12,2
M_029_A_XV,4.970849350094795,1986,12,3
M_029_A_XV,4.2862523049116135,1986,12,4
M_029_A_XV,5.255451053380966,1986,12,5
M_029_A_XV,8.919036328792572,1986,12,6
M_029_A_XV,23.791611552238464,1986,12,7
M_029_A_XV,19.500356912612915,1986,12,8
M_029_A_XV,2.7752212723717093,1986,12,9
M_029_A_XV,5.58994947373867,1986,12,10
M_029_A_XV,4.29311828315258,1986,12,11
M_029_A_XV,8.211232841014862,1986,12,12
M_029_A_XV,8.578456401824951,1986,12,13
M_029_A_XV,5.474422227591276,1986,12,14
M_029_A_XV,1.1914975941181185,1986,12,15
M_029_A_XV,3.9500253056176007,1986,12,16
M_029_A_XV,11.874522984027864,1986,12,17
M_029_A_XV,8.564453780651093,1986,12,18
M_029_A_XV,6.5871352404356,1986,12,19
M_029_A_XV,9.425188541412354,1986,12,20
M_029_A_XV,1.0394181311130524,1986,12,21
M_029_A_XV,1.7602653503417969,1986,12,22
M_029_A_XV,2.4620037336135283,1986,12,23
M_029_A_XV,6.43512836098671,1986,12,24
M_029_A_XV,13.906744182109833,1986,12,25
M_029_A_XV,4.758562404313125,1986,12,26
M_029_A_XV,2.710072698071599,1986,12,27
M_029_A_XV,0.7172642052173615,1986,12,28
M_029_A_XV,2.696844967082143,1986,12,29
M_029_A_XV,5.409385144710541,1986,12,30
M_029_A_XV,1.8318877797573805,1986,12,31
M_029_A_XV,2.1778439544141293,1987,1,1
M_029_A_XV,1.7012267336249352,1987,1,2
M_029_A_XV,2.0410777628421783,1987,1,3
M_029_A_XV,2.406806133687496,1987,1,4
M_029_A_XV,5.629256393760443,1987,1,5
M_029_A_XV,6.814032927155495,1987,1,6
M_029_A_XV,16.199888944625854,1987,1,7
M_029_A_XV,10.562339879572392,1987,1,8
M_029_A_XV,10.340021014213562,1987,1,9
M_029_A_XV,7.726923398673534,1987,1,10
M_029_A_XV,21.275557041168213,1987,1,11
M_029_A_XV,2.5305274962447584,1987,1,12
M_029_A_XV,6.260199889540672,1987,1,13
M_029_A_XV,12.741126768290997,1987,1,14
M_029_A_XV,6.285889517515898,1987,1,15
M_029_A_XV,3.2283825166523457,1987,1,16
M_029_A_XV,1.627600096166134,1987,1,17
M_029_A_XV,3.433676891028881,1987,1,18
M_029_A_XV,1.4786404073238373,1987,1,19
M_029_A_XV,1.9228180199861529,1987,1,20
M_029_A_XV,1.4120766781270504,1987,1,21
M_029_A_XV,4.088069975376129,1987,1,22
M_029_A_XV,9.36108222603798,1987,1,23
M_029_A_XV,15.781549215316772,1987,1,24
M_029_A_XV,17.5191547870636,1987,1,25
M_029_A_XV,11.707504630088806,1987,1,26
M_029_A_XV,6.760579705238342,1987,1,27
M_029_A_XV,14.36193162202835,1987,1,28
M_029_A_XV,5.534552618861198,1987,1,29
M_029_A_XV,6.590425748378038,1987,1,30
M_029_A_XV,0.2322201430797577,1987,1,31
M_029_A_XV,0.5075021419906989,1987,2,1
M_029_A_XV,15.929965019226074,1987,2,2
M_029_A_XV,0.1790768571663648,1987,2,3
M_029_A_XV,0.0,1987,2,4
M_029_A_XV,0.1748994439840316,1987,2,5
M_029_A_XV,0.2523565199226141,1987,2,6
M_029_A_XV,2.5651654303073883,1987,2,7
M_029_A_XV,7.729325443506241,1987,2,8
M_029_A_XV,8.230925872921944,1987,2,9
M_029_A_XV,19.0856823027134,1987,2,10
M_029_A_XV,13.175591707229614,1987,2,11
M_029_A_XV,6.013452261686325,1987,2,12
M_029_A_XV,6.10396334528923,1987,2,13
M_029_A_XV,9.868386387825012,1987,2,14
M_029_A_XV,10.969795823097227,1987,2,15
M_029_A_XV,4.073353424668312,1987,2,16
M_029_A_XV,0.1083593550720252,1987,2,17
M_029_A_XV,0.0,1987,2,18
M_029_A_XV,0.0,1987,2,19
M_029_A_XV,0.0,1987,2,20
M_029_A_XV,1.0189927816390991,1987,2,21
M_029_A_XV,2.634299624711275,1987,2,22
M_029_A_XV,10.897920738905668,1987,2,23
M_029_A_XV,8.113308936357498,1987,2,24
M_029_A_XV,12.934632658958437,1987,2,25
M_029_A_XV,3.888436434790492,1987,2,26
M_029_A_XV,7.734824061393738,1987,2,27
M_029_A_XV,6.1418523490428925,1987,2,28
M_029_A_XV,6.245211113244295,1987,3,1
M_029_A_XV,16.184784427285194,1987,3,2
M_029_A_XV,13.8216472864151,1987,3,3
M_029_A_XV,0.1548118777573108,1987,3,4
M_029_A_XV,3.3300438076257706,1987,3,5
M_029_A_XV,6.156006902456284,1987,3,6
M_029_A_XV,8.994011199101806,1987,3,7
M_029_A_XV,2.691115945577621,1987,3,8
M_029_A_XV,0.0,1987,3,9
M_029_A_XV,0.1129314079880714,1987,3,10
M_029_A_XV,15.916505336761476,1987,3,11
M_029_A_XV,5.4413760574534535,1987,3,12
M_029_A_XV,0.0,1987,3,13
M_029_A_XV,0.0870184222003445,1987,3,14
M_029_A_XV,2.641727812588215,1987,3,15
M_029_A_XV,1.0502963215112686,1987,3,16
M_029_A_XV,1.4821758791804314,1987,3,17
M_029_A_XV,2.3688108543865383,1987,3,18
M_029_A_XV,4.595153588801622,1987,3,19
M_029_A_XV,3.5652451757341623,1987,3,20
M_029_A_XV,16.650586009025574,1987,3,21
M_029_A_XV,3.29768455028534,1987,3,22
M_029_A_XV,4.659276936203241,1987,3,23
M_029_A_XV,4.888303242623806,1987,3,24
M_029_A_XV,0.0,1987,3,25
M_029_A_XV,0.0,1987,3,26
M_029_A_XV,0.0210175901884213,1987,3,27
M_029_A_XV,3.377482447773218,1987,3,28
M_029_A_XV,1.746418923139572,1987,3,29
M_029_A_XV,4.672588273882866,1987,3,30
M_029_A_XV,0.0559741333127021,1987,3,31
M_029_A_XV,0.972107470035553,1987,4,1
M_029_A_XV,10.73667860031128,1987,4,2
M_029_A_XV,11.575709104537964,1987,4,3
M_029_A_XV,0.0382138006389141,1987,4,4
M_029_A_XV,0.0423027459764853,1987,4,5
M_029_A_XV,3.839470386505127,1987,4,6
M_029_A_XV,4.595667628571391,1987,4,7
M_029_A_XV,1.030029958114028,1987,4,8
M_029_A_XV,1.7692960258573294,1987,4,9
M_029_A_XV,1.5403607562184334,1987,4,10
M_029_A_XV,1.065861478447914,1987,4,11
M_029_A_XV,1.500215657055378,1987,4,12
M_029_A_XV,0.0,1987,4,13
M_029_A_XV,0.4273502826690674,1987,4,14
M_029_A_XV,0.8018021583557129,1987,4,15
M_029_A_XV,4.524635347654112,1987,4,16
M_029_A_XV,1.976954817771912,1987,4,17
M_029_A_XV,6.722936153411865,1987,4,18
M_029_A_XV,0.753445142225246,1987,4,19
M_029_A_XV,0.0,1987,4,20
M_029_A_XV,0.0,1987,4,21
M_029_A_XV,0.7518578544259071,1987,4,22
M_029_A_XV,3.408002808690071,1987,4,23
M_029_A_XV,2.8157675564289093,1987,4,24
M_029_A_XV,0.0,1987,4,25
M_029_A_XV,0.0,1987,4,26
M_029_A_XV,0.0,1987,4,27
M_029_A_XV,0.0,1987,4,28
M_029_A_XV,0.0,1987,4,29
M_029_A_XV,0.0,1987,4,30
M_029_A_XV,0.0,1987,5,1
M_029_A_XV,0.0,1987,5,2
M_029_A_XV,0.0,1987,5,3
M_029_A_XV,0.0,1987,5,4
M_029_A_XV,0.0,1987,5,5
M_029_A_XV,0.0,1987,5,6
M_029_A_XV,0.0,1987,5,7
M_029_A_XV,0.0,1987,5,8
M_029_A_XV,0.0,1987,5,9
M_029_A_XV,0.0,1987,5,10
M_029_A_XV,0.0,1987,5,11
M_029_A_XV,0.0,1987,5,12
M_029_A_XV,0.0,1987,5,13
M_029_A_XV,0.0,1987,5,14
M_029_A_XV,0.0,1987,5,15
M_029_A_XV,0.0,1987,5,16
M_029_A_XV,0.0,1987,5,17
M_029_A_XV,1.0658646821975708,1987,5,18
M_029_A_XV,0.7080038711428642,1987,5,19
M_029_A_XV,0.0,1987,5,20
M_029_A_XV,0.0,1987,5,21
M_029_A_XV,0.0,1987,5,22
M_029_A_XV,0.0,1987,5,23
M_029_A_XV,0.0,1987,5,24
M_029_A_XV,0.0,1987,5,25
M_029_A_XV,0.0,1987,5,26
M_029_A_XV,0.0,1987,5,27
M_029_A_XV,0.0,1987,5,28
M_029_A_XV,0.0004177407245151,1987,5,29
M_029_A_XV,0.0,1987,5,30
M_029_A_XV,0.1483339159749448,1987,5,31
M_029_A_XV,0.2936728931963444,1987,6,1
M_029_A_XV,0.0,1987,6,2
M_029_A_XV,0.0,1987,6,3
M_029_A_XV,0.0,1987,6,4
M_029_A_XV,0.0,1987,6,5
M_029_A_XV,0.0,1987,6,6
M_029_A_XV,0.0,1987,6,7
M_029_A_XV,0.0,1987,6,8
M_029_A_XV,0.0,1987,6,9
M_029_A_XV,0.0970031768083572,1987,6,10
M_029_A_XV,0.0,1987,6,11
M_029_A_XV,0.0,1987,6,12
M_029_A_XV,0.0,1987,6,13
M_029_A_XV,0.0,1987,6,14
M_029_A_XV,0.0,1987,6,15
M_029_A_XV,0.0,1987,6,16
M_029_A_XV,0.2557925581932068,1987,6,17
M_029_A_XV,2.105184495449066,1987,6,18
M_029_A_XV,4.802921652793884,1987,6,19
M_029_A_XV,1.7246252372860909,1987,6,20
M_029_A_XV,0.717545859515667,1987,6,21
M_029_A_XV,0.0,1987,6,22
M_029_A_XV,0.0,1987,6,23
M_029_A_XV,0.0,1987,6,24
M_029_A_XV,2.0271848887205124,1987,6,25
M_029_A_XV,3.4256522059440613,1987,6,26
M_029_A_XV,0.5973242912441492,1987,6,27
M_029_A_XV,0.1830920558422804,1987,6,28
M_029_A_XV,0.237275943160057,1987,6,29
M_029_A_XV,0.0976524948673613,1987,6,30
M_029_A_XV,0.0005902905249968,1987,7,1
M_029_A_XV,0.535978514701128,1987,7,2
M_029_A_XV,1.2883310988545418,1987,7,3
M_029_A_XV,2.846189633011818,1987,7,4
M_029_A_XV,1.3384801298379898,1987,7,5
M_029_A_XV,0.2033215668052435,1987,7,6
M_029_A_XV,0.0,1987,7,7
M_029_A_XV,0.0,1987,7,8
M_029_A_XV,0.0,1987,7,9
M_029_A_XV,0.0,1987,7,10
M_029_A_XV,0.0,1987,7,11
M_029_A_XV,0.0,1987,7,12
M_029_A_XV,0.0,1987,7,13
M_029_A_XV,0.0,1987,7,14
M_029_A_XV,0.0,1987,7,15
M_029_A_XV,0.0,1987,7,16
M_029_A_XV,0.0,1987,7,17
M_029_A_XV,0.0,1987,7,18
M_029_A_XV,0.0,1987,7,19
M_029_A_XV,0.0,1987,7,20
M_029_A_XV,0.272492915391922,1987,7,21
M_029_A_XV,0.077896274626255,1987,7,22
M_029_A_XV,0.0,1987,7,23
M_029_A_XV,0.0,1987,7,24
M_029_A_XV,0.0,1987,7,25
M_029_A_XV,0.0,1987,7,26
M_029_A_XV,0.0,1987,7,27
M_029_A_XV,0.0,1987,7,28
M_029_A_XV,0.0,1987,7,29
M_029_A_XV,0.0,1987,7,30
M_029_A_XV,0.0,1987,7,31
M_029_A_XV,0.0,1987,8,1
M_029_A_XV,0.0,1987,8,2
M_029_A_XV,0.0,1987,8,3
M_029_A_XV,0.0,1987,8,4
M_029_A_XV,0.0,1987,8,5
M_029_A_XV,0.0,1987,8,6
M_029_A_XV,0.0,1987,8,7
M_029_A_XV,0.0,1987,8,8
M_029_A_XV,0.0,1987,8,9
M_029_A_XV,0.0,1987,8,10
M_029_A_XV,0.0,1987,8,11
M_029_A_XV,0.0,1987,8,12
M_029_A_XV,0.0,1987,8,13
M_029_A_XV,0.0,1987,8,14
M_029_A_XV,0.0,1987,8,15
M_029_A_XV,0.0,1987,8,16
M_029_A_XV,0.0,1987,8,17
M_029_A_XV,0.0,1987,8,18
M_029_A_XV,0.0,1987,8,19
M_029_A_XV,0.2773654768243432,1987,8,20
M_029_A_XV,0.0803028121590614,1987,8,21
M_029_A_XV,0.0077896271832287,1987,8,22
M_029_A_XV,1.6425583809614182,1987,8,23
M_029_A_XV,0.0827093422412872,1987,8,24
M_029_A_XV,0.0,1987,8,25
M_029_A_XV,0.0,1987,8,26
M_029_A_XV,0.3646178264170885,1987,8,27
M_029_A_XV,0.019106900319457,1987,8,28
M_029_A_XV,0.0,1987,8,29
M_029_A_XV,0.0,1987,8,30
M_029_A_XV,0.0,1987,8,31
M_029_A_XV,0.0,1987,9,1
M_029_A_XV,0.0,1987,9,2
M_029_A_XV,0.0,1987,9,3
M_029_A_XV,0.0,1987,9,4
M_029_A_XV,0.0,1987,9,5
M_029_A_XV,0.0,1987,9,6
M_029_A_XV,0.0,1987,9,7
M_029_A_XV,0.0,1987,9,8
M_029_A_XV,0.0,1987,9,9
M_029_A_XV,0.0,1987,9,10
M_029_A_XV,1.6935539245605469,1987,9,11
M_029_A_XV,0.5411666631698608,1987,9,12
M_029_A_XV,2.292211975902319,1987,9,13
M_029_A_XV,2.525636613368988,1987,9,14
M_029_A_XV,0.0,1987,9,15
M_029_A_XV,0.0361486654728651,1987,9,16
M_029_A_XV,0.0,1987,9,17
M_029_A_XV,0.0,1987,9,18
M_029_A_XV,1.3723689869511873,1987,9,19
M_029_A_XV,0.0,1987,9,20
M_029_A_XV,0.0,1987,9,21
M_029_A_XV,0.0,1987,9,22
M_029_A_XV,0.0,1987,9,23
M_029_A_XV,0.0,1987,9,24
M_029_A_XV,0.0,1987,9,25
M_029_A_XV,0.0,1987,9,26
M_029_A_XV,0.0,1987,9,27
M_029_A_XV,0.0334869362413883,1987,9,28
M_029_A_XV,0.0,1987,9,29
M_029_A_XV,0.0,1987,9,30
M_029_A_XV,0.0,1987,10,1
M_029_A_XV,0.0,1987,10,2
M_029_A_XV,0.0,1987,10,3
M_029_A_XV,0.0,1987,10,4
M_029_A_XV,0.0,1987,10,5
M_029_A_XV,0.0,1987,10,6
M_029_A_XV,0.0786182353040203,1987,10,7
M_029_A_XV,0.9830153957009315,1987,10,8
M_029_A_XV,2.45572167634964,1987,10,9
M_029_A_XV,5.565491899847984,1987,10,10
M_029_A_XV,1.1721657365560532,1987,10,11
M_029_A_XV,0.0664692278951406,1987,10,12
M_029_A_XV,9.261413276195526,1987,10,13
M_029_A_XV,2.455151081085205,1987,10,14
M_029_A_XV,0.2520501911640167,1987,10,15
M_029_A_XV,5.300631403923035,1987,10,16
M_029_A_XV,2.8480166271328926,1987,10,17
M_029_A_XV,6.157264173030853,1987,10,18
M_029_A_XV,9.35282078385353,1987,10,19
M_029_A_XV,6.934160558506846,1987,10,20
M_029_A_XV,0.0,1987,10,21
M_029_A_XV,0.2313477038405835,1987,10,22
M_029_A_XV,0.0,1987,10,23
M_029_A_XV,0.0,1987,10,24
M_029_A_XV,0.0,1987,10,25
M_029_A_XV,0.02433149702847,1987,10,26
M_029_A_XV,4.545460775494576,1987,10,27
M_029_A_XV,6.6936724334955215,1987,10,28
M_029_A_XV,0.7141219563782215,1987,10,29
M_029_A_XV,0.0,1987,10,30
M_029_A_XV,0.0,1987,10,31
M_029_A_XV,0.0,1987,11,1
M_029_A_XV,3.2769501842558384,1987,11,2
M_029_A_XV,9.933235466480255,1987,11,3
M_029_A_XV,5.412531852722168,1987,11,4
M_029_A_XV,0.0633489321917295,1987,11,5
M_029_A_XV,0.0018616621382534,1987,11,6
M_029_A_XV,0.0,1987,11,7
M_029_A_XV,0.0158199076540768,1987,11,8
M_029_A_XV,6.270851373672485,1987,11,9
M_029_A_XV,18.20832884311676,1987,11,10
M_029_A_XV,16.289409160614014,1987,11,11
M_029_A_XV,5.710119247436523,1987,11,12
M_029_A_XV,11.079752326011658,1987,11,13
M_029_A_XV,0.4721208214759826,1987,11,14
M_029_A_XV,1.6783664226531982,1987,11,15
M_029_A_XV,19.924069464206696,1987,11,16
M_029_A_XV,9.502798974514008,1987,11,17
M_029_A_XV,5.476009946316481,1987,11,18
M_029_A_XV,4.692907620221376,1987,11,19
M_029_A_XV,16.87712061405182,1987,11,20
M_029_A_XV,21.456536412239075,1987,11,21
M_029_A_XV,10.556137308478355,1987,11,22
M_029_A_XV,4.363131329417229,1987,11,23
M_029_A_XV,1.9535286277532573,1987,11,24
M_029_A_XV,6.5022421181201935,1987,11,25
M_029_A_XV,13.637181341648102,1987,11,26
M_029_A_XV,14.206388473510742,1987,11,27
M_029_A_XV,27.529096603393555,1987,11,28
M_029_A_XV,10.971953004598618,1987,11,29
M_029_A_XV,16.741450309753418,1987,11,30
M_029_A_XV,5.442984588444233,1987,12,1
M_029_A_XV,0.3523508012294769,1987,12,2
M_029_A_XV,0.0,1987,12,3
M_029_A_XV,0.7390062566846609,1987,12,4
M_029_A_XV,4.493626333773136,1987,12,5
M_029_A_XV,0.0096778981387615,1987,12,6
M_029_A_XV,0.0001770871458575,1987,12,7
M_029_A_XV,0.0,1987,12,8
M_029_A_XV,0.0,1987,12,9
M_029_A_XV,0.3531420845538378,1987,12,10
M_029_A_XV,0.0,1987,12,11
M_029_A_XV,2.800281047821045,1987,12,12
M_029_A_XV,8.427160948514938,1987,12,13
M_029_A_XV,6.5219860671059,1987,12,14
M_029_A_XV,17.252726420760155,1987,12,15
M_029_A_XV,5.984556198120117,1987,12,16
M_029_A_XV,0.0,1987,12,17
M_029_A_XV,0.0,1987,12,18
M_029_A_XV,0.0,1987,12,19
M_029_A_XV,0.0,1987,12,20
M_029_A_XV,6.114892553538084,1987,12,21
M_029_A_XV,6.372983455657959,1987,12,22
M_029_A_XV,2.4343579169362783,1987,12,23
M_029_A_XV,3.410374566912651,1987,12,24
M_029_A_XV,8.409199297428131,1987,12,25
M_029_A_XV,5.649266451597214,1987,12,26
M_029_A_XV,0.0,1987,12,27
M_029_A_XV,0.0019697188399732,1987,12,28
M_029_A_XV,1.0726863477611914,1987,12,29
M_029_A_XV,3.410026729106903,1987,12,30
M_029_A_XV,7.43684084713459,1987,12,31
M_029_A_XV,10.187219023704529,1988,1,1
M_029_A_XV,4.652461505495012,1988,1,2
M_029_A_XV,5.2158932238817215,1988,1,3
M_029_A_XV,7.803458705544472,1988,1,4
M_029_A_XV,7.138026744127274,1988,1,5
M_029_A_XV,11.47324514389038,1988,1,6
M_029_A_XV,9.11952306702733,1988,1,7
M_029_A_XV,7.391017332673073,1988,1,8
M_029_A_XV,12.101436495780945,1988,1,9
M_029_A_XV,12.455665282905102,1988,1,10
M_029_A_XV,10.0897518992424,1988,1,11
M_029_A_XV,4.254523113369942,1988,1,12
M_029_A_XV,14.974822521209717,1988,1,13
M_029_A_XV,3.843417402007617,1988,1,14
M_029_A_XV,12.521034330129623,1988,1,15
M_029_A_XV,13.380375415086746,1988,1,16
M_029_A_XV,13.86102259159088,1988,1,17
M_029_A_XV,15.16615717113018,1988,1,18
M_029_A_XV,11.696926206350328,1988,1,19
M_029_A_XV,11.61644272506237,1988,1,20
M_029_A_XV,19.64858675003052,1988,1,21
M_029_A_XV,11.047964572906494,1988,1,22
M_029_A_XV,15.27264404296875,1988,1,23
M_029_A_XV,5.431151479482651,1988,1,24
M_029_A_XV,6.623432531952858,1988,1,25
M_029_A_XV,12.803556635975838,1988,1,26
M_029_A_XV,20.99693411588669,1988,1,27
M_029_A_XV,14.357454672455788,1988,1,28
M_029_A_XV,10.932458240538836,1988,1,29
M_029_A_XV,2.32424477301538,1988,1,30
M_029_A_XV,7.592292331159115,1988,1,31
M_029_A_XV,13.875807523727415,1988,2,1
M_029_A_XV,16.60437023639679,1988,2,2
M_029_A_XV,9.126480221748352,1988,2,3
M_029_A_XV,18.90487676858902,1988,2,4
M_029_A_XV,11.3329519033432,1988,2,5
M_029_A_XV,18.15318214893341,1988,2,6
M_029_A_XV,5.595303118228912,1988,2,7
M_029_A_XV,0.0215821964666247,1988,2,8
M_029_A_XV,0.0,1988,2,9
M_029_A_XV,0.7866439325734973,1988,2,10
M_029_A_XV,4.9424267169088125,1988,2,11
M_029_A_XV,15.144946098327637,1988,2,12
M_029_A_XV,11.263832077383997,1988,2,13
M_029_A_XV,5.161551594734192,1988,2,14
M_029_A_XV,19.85757327079773,1988,2,15
M_029_A_XV,22.342251539230347,1988,2,16
M_029_A_XV,15.928371995687485,1988,2,17
M_029_A_XV,3.350317671895027,1988,2,18
M_029_A_XV,5.203639969229698,1988,2,19
M_029_A_XV,14.181962460279465,1988,2,20
M_029_A_XV,17.399294197559357,1988,2,21
M_029_A_XV,9.181629031896591,1988,2,22
M_029_A_XV,0.4681292525492608,1988,2,23
M_029_A_XV,0.019106900319457,1988,2,24
M_029_A_XV,0.2334007173776626,1988,2,25
M_029_A_XV,1.3277910575270653,1988,2,26
M_029_A_XV,0.6074076890945435,1988,2,27
M_029_A_XV,1.5937908086925745,1988,2,28
M_029_A_XV,5.030546009540558,1988,2,29
M_029_A_XV,8.75085924193263,1988,3,1
M_029_A_XV,4.783023506402969,1988,3,2
M_029_A_XV,3.956539787352085,1988,3,3
M_029_A_XV,7.407762311398983,1988,3,4
M_029_A_XV,13.86659824848175,1988,3,5
M_029_A_XV,8.433935284614563,1988,3,6
M_029_A_XV,1.909751731902361,1988,3,7
M_029_A_XV,8.830517038702965,1988,3,8
M_029_A_XV,9.73331892490387,1988,3,9
M_029_A_XV,10.266653373837473,1988,3,10
M_029_A_XV,9.580654840916395,1988,3,11
M_029_A_XV,12.83365535736084,1988,3,12
M_029_A_XV,7.318672247231007,1988,3,13
M_029_A_XV,12.221676111221312,1988,3,14
M_029_A_XV,8.688997477293015,1988,3,15
M_029_A_XV,15.816137313842772,1988,3,16
M_029_A_XV,12.97737082839012,1988,3,17
M_029_A_XV,4.6100055277347565,1988,3,18
M_029_A_XV,4.111964695155621,1988,3,19
M_029_A_XV,4.060928981751204,1988,3,20
M_029_A_XV,8.297365605831146,1988,3,21
M_029_A_XV,14.426659107208252,1988,3,22
M_029_A_XV,0.3911641538143158,1988,3,23
M_029_A_XV,1.9940348863601685,1988,3,24
M_029_A_XV,7.40048654936254,1988,3,25
M_029_A_XV,14.797817766666412,1988,3,26
M_029_A_XV,23.499592185020447,1988,3,27
M_029_A_XV,10.064459584653378,1988,3,28
M_029_A_XV,13.476891458034515,1988,3,29
M_029_A_XV,19.583122968673703,1988,3,30
M_029_A_XV,5.300022661685944,1988,3,31
M_029_A_XV,1.6290940684266388,1988,4,1
M_029_A_XV,4.098373305052519,1988,4,2
M_029_A_XV,14.237370610237122,1988,4,3
M_029_A_XV,10.646160244941711,1988,4,4
M_029_A_XV,10.433487117290497,1988,4,5
M_029_A_XV,5.763310629874468,1988,4,6
M_029_A_XV,3.211314305663109,1988,4,7
M_029_A_XV,0.6890289559960365,1988,4,8
M_029_A_XV,4.776348391547799,1988,4,9
M_029_A_XV,4.993203930556774,1988,4,10
M_029_A_XV,16.529630064964294,1988,4,11
M_029_A_XV,6.152958631515503,1988,4,12
M_029_A_XV,0.0,1988,4,13
M_029_A_XV,4.571848750114441,1988,4,14
M_029_A_XV,0.7849589586257935,1988,4,15
M_029_A_XV,0.0,1988,4,16
M_029_A_XV,0.0,1988,4,17
M_029_A_XV,0.0,1988,4,18
M_029_A_XV,0.0,1988,4,19
M_029_A_XV,0.0019106898689642,1988,4,20
M_029_A_XV,0.0,1988,4,21
M_029_A_XV,0.0,1988,4,22
M_029_A_XV,1.6661903709173205,1988,4,23
M_029_A_XV,2.6089530885219574,1988,4,24
M_029_A_XV,5.437067300081253,1988,4,25
M_029_A_XV,8.653564125299454,1988,4,26
M_029_A_XV,2.652421586215496,1988,4,27
M_029_A_XV,4.089551150798798,1988,4,28
M_029_A_XV,0.7471100147813559,1988,4,29
M_029_A_XV,0.1910689920186996,1988,4,30
M_029_A_XV,3.194980926811695,1988,5,1
M_029_A_XV,0.3005170524120331,1988,5,2
M_029_A_XV,0.0,1988,5,3
M_029_A_XV,0.0,1988,5,4
M_029_A_XV,0.0,1988,5,5
M_029_A_XV,0.0876556192524731,1988,5,6
M_029_A_XV,4.241667985916138,1988,5,7
M_029_A_XV,3.0297720544040203,1988,5,8
M_029_A_XV,0.4198548791900975,1988,5,9
M_029_A_XV,0.0,1988,5,10
M_029_A_XV,0.0,1988,5,11
M_029_A_XV,0.0,1988,5,12
M_029_A_XV,0.0,1988,5,13
M_029_A_XV,0.0,1988,5,14
M_029_A_XV,0.0,1988,5,15
M_029_A_XV,0.0,1988,5,16
M_029_A_XV,0.0,1988,5,17
M_029_A_XV,0.0077896271832287,1988,5,18
M_029_A_XV,0.0,1988,5,19
M_029_A_XV,0.0,1988,5,20
M_029_A_XV,0.0,1988,5,21
M_029_A_XV,0.0,1988,5,22
M_029_A_XV,0.0,1988,5,23
M_029_A_XV,0.0,1988,5,24
M_029_A_XV,0.0,1988,5,25
M_029_A_XV,0.0,1988,5,26
M_029_A_XV,0.0,1988,5,27
M_029_A_XV,0.0,1988,5,28
M_029_A_XV,0.0,1988,5,29
M_029_A_XV,0.0,1988,5,30
M_029_A_XV,0.0,1988,5,31
M_029_A_XV,0.0,1988,6,1
M_029_A_XV,0.0,1988,6,2
M_029_A_XV,0.0,1988,6,3
M_029_A_XV,0.0,1988,6,4
M_029_A_XV,0.0,1988,6,5
M_029_A_XV,0.0,1988,6,6
M_029_A_XV,0.0,1988,6,7
M_029_A_XV,0.0,1988,6,8
M_029_A_XV,0.2605718672275543,1988,6,9
M_029_A_XV,0.3131678905338049,1988,6,10
M_029_A_XV,0.0,1988,6,11
M_029_A_XV,0.0,1988,6,12
M_029_A_XV,0.0,1988,6,13
M_029_A_XV,0.0,1988,6,14
M_029_A_XV,0.0,1988,6,15
M_029_A_XV,0.0,1988,6,16
M_029_A_XV,0.0,1988,6,17
M_029_A_XV,0.0,1988,6,18
M_029_A_XV,0.0,1988,6,19
M_029_A_XV,0.0,1988,6,20
M_029_A_XV,0.0,1988,6,21
M_029_A_XV,0.0,1988,6,22
M_029_A_XV,0.0,1988,6,23
M_029_A_XV,0.0,1988,6,24
M_029_A_XV,0.0,1988,6,25
M_029_A_XV,0.0,1988,6,26
M_029_A_XV,0.0,1988,6,27
M_029_A_XV,0.0,1988,6,28
M_029_A_XV,0.0097593460232019,1988,6,29
M_029_A_XV,0.0195186920464038,1988,6,30
M_029_A_XV,0.1035935804247856,1988,7,1
M_029_A_XV,0.0,1988,7,2
M_029_A_XV,0.0,1988,7,3
M_029_A_XV,0.0,1988,7,4
M_029_A_XV,0.0,1988,7,5
M_029_A_XV,0.0,1988,7,6
M_029_A_XV,0.0,1988,7,7
M_029_A_XV,0.0,1988,7,8
M_029_A_XV,0.0,1988,7,9
M_029_A_XV,0.0,1988,7,10
M_029_A_XV,0.0,1988,7,11
M_029_A_XV,0.0,1988,7,12
M_029_A_XV,0.0,1988,7,13
M_029_A_XV,0.0,1988,7,14
M_029_A_XV,0.0,1988,7,15
M_029_A_XV,0.0,1988,7,16
M_029_A_XV,0.0,1988,7,17
M_029_A_XV,0.0,1988,7,18
M_029_A_XV,0.0002406535641057,1988,7,19
M_029_A_XV,0.0007219606777653,1988,7,20
M_029_A_XV,0.0,1988,7,21
M_029_A_XV,0.0,1988,7,22
M_029_A_XV,0.0,1988,7,23
M_029_A_XV,0.0,1988,7,24
M_029_A_XV,0.33387141674757,1988,7,25
M_029_A_XV,0.0470374450087547,1988,7,26
M_029_A_XV,0.0,1988,7,27
M_029_A_XV,0.0,1988,7,28
M_029_A_XV,0.0,1988,7,29
M_029_A_XV,0.0,1988,7,30
M_029_A_XV,0.0,1988,7,31
M_029_A_XV,0.0,1988,8,1
M_029_A_XV,0.0,1988,8,2
M_029_A_XV,0.0009626142564229,1988,8,3
M_029_A_XV,0.0,1988,8,4
M_029_A_XV,0.0,1988,8,5
M_029_A_XV,0.0,1988,8,6
M_029_A_XV,0.0,1988,8,7
M_029_A_XV,0.0,1988,8,8
M_029_A_XV,0.0,1988,8,9
M_029_A_XV,0.0,1988,8,10
M_029_A_XV,0.0,1988,8,11
M_029_A_XV,0.0,1988,8,12
M_029_A_XV,0.0,1988,8,13
M_029_A_XV,0.0,1988,8,14
M_029_A_XV,0.0,1988,8,15
M_029_A_XV,0.0002406535641057,1988,8,16
M_029_A_XV,0.0,1988,8,17
M_029_A_XV,0.0,1988,8,18
M_029_A_XV,0.0,1988,8,19
M_029_A_XV,0.0,1988,8,20
M_029_A_XV,0.0,1988,8,21
M_029_A_XV,0.0,1988,8,22
M_029_A_XV,0.0,1988,8,23
M_029_A_XV,0.0,1988,8,24
M_029_A_XV,0.0,1988,8,25
M_029_A_XV,0.0,1988,8,26
M_029_A_XV,0.0,1988,8,27
M_029_A_XV,0.0,1988,8,28
M_029_A_XV,0.0,1988,8,29
M_029_A_XV,0.0,1988,8,30
M_029_A_XV,0.0,1988,8,31
M_029_A_XV,0.0,1988,9,1
M_029_A_XV,0.0,1988,9,2
M_029_A_XV,0.077896274626255,1988,9,3
M_029_A_XV,1.6887002546573058,1988,9,4
M_029_A_XV,2.05694480240345,1988,9,5
M_029_A_XV,7.992817938327789,1988,9,6
M_029_A_XV,4.82931873947382,1988,9,7
M_029_A_XV,0.6797949929023162,1988,9,8
M_029_A_XV,0.0,1988,9,9
M_029_A_XV,0.0,1988,9,10
M_029_A_XV,0.0,1988,9,11
M_029_A_XV,0.0,1988,9,12
M_029_A_XV,0.0,1988,9,13
M_029_A_XV,0.0,1988,9,14
M_029_A_XV,1.1513675283640623,1988,9,15
M_029_A_XV,4.249344225972891,1988,9,16
M_029_A_XV,0.0,1988,9,17
M_029_A_XV,0.0,1988,9,18
M_029_A_XV,0.077896274626255,1988,9,19
M_029_A_XV,2.0115317329764366,1988,9,20
M_029_A_XV,0.6053538303822279,1988,9,21
M_029_A_XV,0.0970031768083572,1988,9,22
M_029_A_XV,0.6309800744056702,1988,9,23
M_029_A_XV,2.090507246553898,1988,9,24
M_029_A_XV,4.889163458254188,1988,9,25
M_029_A_XV,0.3559516655514017,1988,9,26
M_029_A_XV,3.449667437234893,1988,9,27
M_029_A_XV,0.6651086211204529,1988,9,28
M_029_A_XV,0.0,1988,9,29
M_029_A_XV,0.0,1988,9,30
M_029_A_XV,0.0,1988,10,1
M_029_A_XV,0.0,1988,10,2
M_029_A_XV,0.0,1988,10,3
M_029_A_XV,0.0,1988,10,4
M_029_A_XV,0.0,1988,10,5
M_029_A_XV,0.0,1988,10,6
M_029_A_XV,0.0,1988,10,7
M_029_A_XV,0.0,1988,10,8
M_029_A_XV,0.0,1988,10,9
M_029_A_XV,0.5048426600988023,1988,10,10
M_029_A_XV,0.0,1988,10,11
M_029_A_XV,0.0,1988,10,12
M_029_A_XV,0.0,1988,10,13
M_029_A_XV,0.0,1988,10,14
M_029_A_XV,0.0,1988,10,15
M_029_A_XV,0.0,1988,10,16
M_029_A_XV,0.0,1988,10,17
M_029_A_XV,0.0,1988,10,18
M_029_A_XV,0.0,1988,10,19
M_029_A_XV,0.0,1988,10,20
M_029_A_XV,0.0,1988,10,21
M_029_A_XV,0.0,1988,10,22
M_029_A_XV,0.0,1988,10,23
M_029_A_XV,0.1302280984818935,1988,10,24
M_029_A_XV,0.0,1988,10,25
M_029_A_XV,0.0,1988,10,26
M_029_A_XV,0.9433761227410288,1988,10,27
M_029_A_XV,0.0803028121590614,1988,10,28
M_029_A_XV,0.0,1988,10,29
M_029_A_XV,0.0,1988,10,30
M_029_A_XV,0.0,1988,10,31
M_029_A_XV,0.0,1988,11,1
M_029_A_XV,0.0,1988,11,2
M_029_A_XV,0.0832496839575469,1988,11,3
M_029_A_XV,0.0112178061390295,1988,11,4
M_029_A_XV,0.0,1988,11,5
M_029_A_XV,0.0,1988,11,6
M_029_A_XV,0.0,1988,11,7
M_029_A_XV,0.9896030351519584,1988,11,8
M_029_A_XV,0.7201733589172363,1988,11,9
M_029_A_XV,0.0,1988,11,10
M_029_A_XV,0.0350101068615913,1988,11,11
M_029_A_XV,0.2364821303635835,1988,11,12
M_029_A_XV,1.3648252026177945,1988,11,13
M_029_A_XV,0.0,1988,11,14
M_029_A_XV,0.3815212978515774,1988,11,15
M_029_A_XV,3.3290958777070045,1988,11,16
M_029_A_XV,0.1079526171088218,1988,11,17
M_029_A_XV,0.0,1988,11,18
M_029_A_XV,0.0,1988,11,19
M_029_A_XV,0.0,1988,11,20
M_029_A_XV,0.0,1988,11,21
M_029_A_XV,7.403901793062687,1988,11,22
M_029_A_XV,10.357264816761017,1988,11,23
M_029_A_XV,8.672020822763443,1988,11,24
M_029_A_XV,2.559374302625656,1988,11,25
M_029_A_XV,0.0,1988,11,26
M_029_A_XV,0.0803028121590614,1988,11,27
M_029_A_XV,0.0,1988,11,28
M_029_A_XV,0.0,1988,11,29
M_029_A_XV,0.0,1988,11,30
M_029_A_XV,0.8742803726345301,1988,12,1
M_029_A_XV,0.0987710990011692,1988,12,2
M_029_A_XV,0.1878251899033785,1988,12,3
M_029_A_XV,0.8039751648902893,1988,12,4
M_029_A_XV,8.262216033414006,1988,12,5
M_029_A_XV,18.508485555648804,1988,12,6
M_029_A_XV,9.289201632142069,1988,12,7
M_029_A_XV,0.0,1988,12,8
M_029_A_XV,0.0,1988,12,9
M_029_A_XV,1.81577485780872,1988,12,10
M_029_A_XV,5.149232894182205,1988,12,11
M_029_A_XV,3.079826381057501,1988,12,12
M_029_A_XV,2.630360782146454,1988,12,13
M_029_A_XV,8.680452138185501,1988,12,14
M_029_A_XV,13.35446274280548,1988,12,15
M_029_A_XV,7.812115699052811,1988,12,16
M_029_A_XV,2.828511618077755,1988,12,17
M_029_A_XV,4.472071707248688,1988,12,18
M_029_A_XV,5.049962937831879,1988,12,19
M_029_A_XV,2.6688839197158813,1988,12,20
M_029_A_XV,11.852313339710236,1988,12,21
M_029_A_XV,0.005732069723308,1988,12,22
M_029_A_XV,0.0231053661555051,1988,12,23
M_029_A_XV,3.3309927582740784,1988,12,24
M_029_A_XV,0.0731557663530111,1988,12,25
M_029_A_XV,2.071186966262758,1988,12,26
M_029_A_XV,1.2148142829537392,1988,12,27
M_029_A_XV,2.1373057290911674,1988,12,28
M_029_A_XV,24.47210431098938,1988,12,29
M_029_A_XV,20.449131727218628,1988,12,30
M_029_A_XV,10.33847188949585,1988,12,31
M_029_A_XV,5.863458588719368,1989,1,1
M_029_A_XV,9.502683900296688,1989,1,2
M_029_A_XV,11.855074495077131,1989,1,3
M_029_A_XV,12.215440548956394,1989,1,4
M_029_A_XV,9.736614346504211,1989,1,5
M_029_A_XV,1.854953544214368,1989,1,6
M_029_A_XV,0.0,1989,1,7
M_029_A_XV,0.3686981201171875,1989,1,8
M_029_A_XV,5.034982247278094,1989,1,9
M_029_A_XV,6.759731285274029,1989,1,10
M_029_A_XV,6.729567490518093,1989,1,11
M_029_A_XV,7.932084571570158,1989,1,12
M_029_A_XV,4.238599916920066,1989,1,13
M_029_A_XV,4.89711719751358,1989,1,14
M_029_A_XV,3.256496712565422,1989,1,15
M_029_A_XV,0.4673776626586914,1989,1,16
M_029_A_XV,0.2796922479756176,1989,1,17
M_029_A_XV,0.3459877539426088,1989,1,18
M_029_A_XV,0.8247552514076233,1989,1,19
M_029_A_XV,1.2568723373115065,1989,1,20
M_029_A_XV,6.565419226884842,1989,1,21
M_029_A_XV,9.590314507484436,1989,1,22
M_029_A_XV,15.672742784023283,1989,1,23
M_029_A_XV,6.642599480226636,1989,1,24
M_029_A_XV,4.027372881770134,1989,1,25
M_029_A_XV,12.643763214349748,1989,1,26
M_029_A_XV,18.215673685073853,1989,1,27
M_029_A_XV,7.103183940052986,1989,1,28
M_029_A_XV,3.258450359106064,1989,1,29
M_029_A_XV,5.568462654948235,1989,1,30
M_029_A_XV,0.9081119261682034,1989,1,31
M_029_A_XV,2.5578266612719744,1989,2,1
M_029_A_XV,0.6661264997674152,1989,2,2
M_029_A_XV,2.823526665568352,1989,2,3
M_029_A_XV,2.188460953533649,1989,2,4
M_029_A_XV,6.188705727458,1989,2,5
M_029_A_XV,2.016843691468239,1989,2,6
M_029_A_XV,8.894387900829315,1989,2,7
M_029_A_XV,9.861673593521118,1989,2,8
M_029_A_XV,15.86323007941246,1989,2,9
M_029_A_XV,5.167911566793919,1989,2,10
M_029_A_XV,2.9308231230825186,1989,2,11
M_029_A_XV,0.2064083497971296,1989,2,12
M_029_A_XV,7.231079660356045,1989,2,13
M_029_A_XV,23.25964426994324,1989,2,14
M_029_A_XV,1.94749116897583,1989,2,15
M_029_A_XV,2.909781802096404,1989,2,16
M_029_A_XV,6.534554779529572,1989,2,17
M_029_A_XV,0.4286122396588325,1989,2,18
M_029_A_XV,6.642426645383239,1989,2,19
M_029_A_XV,7.405127242207527,1989,2,20
M_029_A_XV,5.036372005939484,1989,2,21
M_029_A_XV,0.1352169811725616,1989,2,22
M_029_A_XV,0.0210175901884213,1989,2,23
M_029_A_XV,3.574264194816351,1989,2,24
M_029_A_XV,9.27334988117218,1989,2,25
M_029_A_XV,8.044077694416046,1989,2,26
M_029_A_XV,4.83736339956522,1989,2,27
M_029_A_XV,1.790927469264716,1989,2,28
M_029_A_XV,9.809721201658247,1989,3,1
M_029_A_XV,13.46427008509636,1989,3,2
M_029_A_XV,4.739967614412308,1989,3,3
M_029_A_XV,9.135734498500824,1989,3,4
M_029_A_XV,16.364798188209534,1989,3,5
M_029_A_XV,7.593384474515915,1989,3,6
M_029_A_XV,9.835859954357147,1989,3,7
M_029_A_XV,6.017030835151672,1989,3,8
M_029_A_XV,14.658058643341064,1989,3,9
M_029_A_XV,6.769296109676361,1989,3,10
M_029_A_XV,7.159387215971947,1989,3,11
M_029_A_XV,13.780083239078522,1989,3,12
M_029_A_XV,3.370035409927368,1989,3,13
M_029_A_XV,10.835600160062311,1989,3,14
M_029_A_XV,9.7224959731102,1989,3,15
M_029_A_XV,1.2528208647854626,1989,3,16
M_029_A_XV,4.920981511473656,1989,3,17
M_029_A_XV,7.831935964524746,1989,3,18
M_029_A_XV,3.7676726654171935,1989,3,19
M_029_A_XV,10.933144867420197,1989,3,20
M_029_A_XV,9.858800709247587,1989,3,21
M_029_A_XV,1.8214315712684763,1989,3,22
M_029_A_XV,1.0001530405133965,1989,3,23
M_029_A_XV,6.207132250070572,1989,3,24
M_029_A_XV,17.53402268886566,1989,3,25
M_029_A_XV,6.962332546710968,1989,3,26
M_029_A_XV,6.232854247093201,1989,3,27
M_029_A_XV,6.3578507751226425,1989,3,28
M_029_A_XV,3.3252915143966675,1989,3,29
M_029_A_XV,3.2586823403835297,1989,3,30
M_029_A_XV,9.317085206508636,1989,3,31
M_029_A_XV,9.061720803380013,1989,4,1
M_029_A_XV,5.612608205527067,1989,4,2
M_029_A_XV,5.785775348544121,1989,4,3
M_029_A_XV,5.607396006584168,1989,4,4
M_029_A_XV,2.5305262468755245,1989,4,5
M_029_A_XV,1.600503593494068,1989,4,6
M_029_A_XV,0.1997978873550892,1989,4,7
M_029_A_XV,2.4116466492414474,1989,4,8
M_029_A_XV,0.0255202259868383,1989,4,9
M_029_A_XV,0.0098774041980504,1989,4,10
M_029_A_XV,2.5677304975688457,1989,4,11
M_029_A_XV,0.9947211208054796,1989,4,12
M_029_A_XV,5.538771741092205,1989,4,13
M_029_A_XV,13.624042689800262,1989,4,14
M_029_A_XV,12.753081679344175,1989,4,15
M_029_A_XV,3.309258997440338,1989,4,16
M_029_A_XV,2.672951567918062,1989,4,17
M_029_A_XV,5.906394585967064,1989,4,18
M_029_A_XV,14.988422960042952,1989,4,19
M_029_A_XV,17.33212637901306,1989,4,20
M_029_A_XV,5.474180975928903,1989,4,21
M_029_A_XV,0.0029968260787427,1989,4,22
M_029_A_XV,0.0,1989,4,23
M_029_A_XV,0.9382661283016204,1989,4,24
M_029_A_XV,3.4429558967240155,1989,4,25
M_029_A_XV,3.5240981560200453,1989,4,26
M_029_A_XV,0.0562119670212268,1989,4,27
M_029_A_XV,0.0,1989,4,28
M_029_A_XV,0.0,1989,4,29
M_029_A_XV,0.0,1989,4,30
M_029_A_XV,0.0,1989,5,1
M_029_A_XV,0.0,1989,5,2
M_029_A_XV,0.0,1989,5,3
M_029_A_XV,0.0,1989,5,4
M_029_A_XV,0.0,1989,5,5
M_029_A_XV,0.7416867613792419,1989,5,6
M_029_A_XV,0.2382183442823588,1989,5,7
M_029_A_XV,0.0154323866590857,1989,5,8
M_029_A_XV,0.0114641394466161,1989,5,9
M_029_A_XV,0.1246340367943048,1989,5,10
M_029_A_XV,0.732946939766407,1989,5,11
M_029_A_XV,0.0,1989,5,12
M_029_A_XV,0.0,1989,5,13
M_029_A_XV,0.0,1989,5,14
M_029_A_XV,0.0,1989,5,15
M_029_A_XV,0.6852089743661054,1989,5,16
M_029_A_XV,0.0,1989,5,17
M_029_A_XV,0.0024065356701612,1989,5,18
M_029_A_XV,0.0,1989,5,19
M_029_A_XV,0.0,1989,5,20
M_029_A_XV,0.1735231429338455,1989,5,21
M_029_A_XV,0.2133167725987732,1989,5,22
M_029_A_XV,0.0,1989,5,23
M_029_A_XV,0.0,1989,5,24
M_029_A_XV,0.0803028121590614,1989,5,25
M_029_A_XV,0.0934755289927125,1989,5,26
M_029_A_XV,0.1659887139685452,1989,5,27
M_029_A_XV,0.077896274626255,1989,5,28
M_029_A_XV,0.0,1989,5,29
M_029_A_XV,0.0,1989,5,30
M_029_A_XV,0.0880924393422901,1989,5,31
M_029_A_XV,0.0805434657231671,1989,6,1
M_029_A_XV,0.0,1989,6,2
M_029_A_XV,0.0,1989,6,3
M_029_A_XV,0.0,1989,6,4
M_029_A_XV,0.2754897475242615,1989,6,5
M_029_A_XV,0.2336888238787651,1989,6,6
M_029_A_XV,0.0,1989,6,7
M_029_A_XV,0.0,1989,6,8
M_029_A_XV,0.0,1989,6,9
M_029_A_XV,0.0,1989,6,10
M_029_A_XV,0.0,1989,6,11
M_029_A_XV,0.0,1989,6,12
M_029_A_XV,0.0,1989,6,13
M_029_A_XV,0.0,1989,6,14
M_029_A_XV,0.0,1989,6,15
M_029_A_XV,0.0,1989,6,16
M_029_A_XV,0.2221773564815521,1989,6,17
M_029_A_XV,0.077896274626255,1989,6,18
M_029_A_XV,0.031188728287816,1989,6,19
M_029_A_XV,2.629923693835736,1989,6,20
M_029_A_XV,1.1308227106928823,1989,6,21
M_029_A_XV,0.6558933560736477,1989,6,22
M_029_A_XV,0.0,1989,6,23
M_029_A_XV,0.0,1989,6,24
M_029_A_XV,0.0,1989,6,25
M_029_A_XV,0.0,1989,6,26
M_029_A_XV,0.0,1989,6,27
M_029_A_XV,0.0,1989,6,28
M_029_A_XV,0.0,1989,6,29
M_029_A_XV,0.0,1989,6,30
M_029_A_XV,0.0,1989,7,1
M_029_A_XV,0.3378662243485451,1989,7,2
M_029_A_XV,1.3565415516495705,1989,7,3
M_029_A_XV,0.0,1989,7,4
M_029_A_XV,0.0,1989,7,5
M_029_A_XV,0.0,1989,7,6
M_029_A_XV,0.0,1989,7,7
M_029_A_XV,0.0,1989,7,8
M_029_A_XV,0.0,1989,7,9
M_029_A_XV,0.0,1989,7,10
M_029_A_XV,0.0,1989,7,11
M_029_A_XV,0.0,1989,7,12
M_029_A_XV,0.077896274626255,1989,7,13
M_029_A_XV,0.3592680767178535,1989,7,14
M_029_A_XV,3.0603098571300507,1989,7,15
M_029_A_XV,2.9694429337978363,1989,7,16
M_029_A_XV,0.3978815674781799,1989,7,17
M_029_A_XV,0.0,1989,7,18
M_029_A_XV,0.0,1989,7,19
M_029_A_XV,0.0,1989,7,20
M_029_A_XV,0.0,1989,7,21
M_029_A_XV,0.0002406535641057,1989,7,22
M_029_A_XV,0.0,1989,7,23
M_029_A_XV,0.0,1989,7,24
M_029_A_XV,0.0,1989,7,25
M_029_A_XV,0.0,1989,7,26
M_029_A_XV,0.0,1989,7,27
M_029_A_XV,0.0,1989,7,28
M_029_A_XV,0.0,1989,7,29
M_029_A_XV,0.0,1989,7,30
M_029_A_XV,0.0,1989,7,31
M_029_A_XV,0.0,1989,8,1
M_029_A_XV,0.1503313481807708,1989,8,2
M_029_A_XV,0.0857449304312467,1989,8,3
M_029_A_XV,0.103587120771408,1989,8,4
M_029_A_XV,0.7202261388301849,1989,8,5
M_029_A_XV,0.008089309791103,1989,8,6
M_029_A_XV,0.0,1989,8,7
M_029_A_XV,0.0,1989,8,8
M_029_A_XV,0.0,1989,8,9
M_029_A_XV,0.0,1989,8,10
M_029_A_XV,0.0,1989,8,11
M_029_A_XV,0.0,1989,8,12
M_029_A_XV,0.0,1989,8,13
M_029_A_XV,0.3663383638486266,1989,8,14
M_029_A_XV,1.1649940609931946,1989,8,15
M_029_A_XV,0.0803028121590614,1989,8,16
M_029_A_XV,0.5967738814651966,1989,8,17
M_029_A_XV,1.6112281680107117,1989,8,18
M_029_A_XV,0.0805434657231671,1989,8,19
M_029_A_XV,0.0,1989,8,20
M_029_A_XV,0.0,1989,8,21
M_029_A_XV,0.0,1989,8,22
M_029_A_XV,0.0,1989,8,23
M_029_A_XV,0.0,1989,8,24
M_029_A_XV,0.0,1989,8,25
M_029_A_XV,0.0,1989,8,26
M_029_A_XV,0.0,1989,8,27
M_029_A_XV,2.596912727691233,1989,8,28
M_029_A_XV,0.0359379625879228,1989,8,29
M_029_A_XV,0.5384338367730379,1989,8,30
M_029_A_XV,0.8270861655473709,1989,8,31
M_029_A_XV,0.5043678060173988,1989,9,1
M_029_A_XV,0.0,1989,9,2
M_029_A_XV,0.0,1989,9,3
M_029_A_XV,0.0,1989,9,4
M_029_A_XV,0.0,1989,9,5
M_029_A_XV,0.0,1989,9,6
M_029_A_XV,0.0,1989,9,7
M_029_A_XV,0.0,1989,9,8
M_029_A_XV,0.0,1989,9,9
M_029_A_XV,0.0,1989,9,10
M_029_A_XV,0.0,1989,9,11
M_029_A_XV,0.0,1989,9,12
M_029_A_XV,0.0,1989,9,13
M_029_A_XV,0.0,1989,9,14
M_029_A_XV,0.0807060077786445,1989,9,15
M_029_A_XV,0.4283854900859296,1989,9,16
M_029_A_XV,0.0,1989,9,17
M_029_A_XV,0.0,1989,9,18
M_029_A_XV,0.0,1989,9,19
M_029_A_XV,0.0,1989,9,20
M_029_A_XV,0.0,1989,9,21
M_029_A_XV,0.0292780380696058,1989,9,22
M_029_A_XV,0.097003174945712,1989,9,23
M_029_A_XV,0.2811887562274933,1989,9,24
M_029_A_XV,1.5253629740327597,1989,9,25
M_029_A_XV,0.0,1989,9,26
M_029_A_XV,0.0,1989,9,27
M_029_A_XV,0.0,1989,9,28
M_029_A_XV,0.0024065356701612,1989,9,29
M_029_A_XV,0.0550677236169576,1989,9,30
M_029_A_XV,0.0,1989,10,1
M_029_A_XV,0.0,1989,10,2
M_029_A_XV,1.050245389342308,1989,10,3
M_029_A_XV,3.3620400428771973,1989,10,4
M_029_A_XV,0.6002865694463253,1989,10,5
M_029_A_XV,0.4101286791265011,1989,10,6
M_029_A_XV,3.7137801945209503,1989,10,7
M_029_A_XV,6.038222141563892,1989,10,8
M_029_A_XV,8.161169528961182,1989,10,9
M_029_A_XV,0.6004759369388921,1989,10,10
M_029_A_XV,0.1030087620019912,1989,10,11
M_029_A_XV,0.0,1989,10,12
M_029_A_XV,0.0,1989,10,13
M_029_A_XV,0.0,1989,10,14
M_029_A_XV,0.0,1989,10,15
M_029_A_XV,0.0,1989,10,16
M_029_A_XV,0.0,1989,10,17
M_029_A_XV,1.7413194086402657,1989,10,18
M_029_A_XV,3.791685327887535,1989,10,19
M_029_A_XV,0.3987363874912262,1989,10,20
M_029_A_XV,0.0,1989,10,21
M_029_A_XV,1.32567504234612,1989,10,22
M_029_A_XV,0.3317070957273245,1989,10,23
M_029_A_XV,0.0,1989,10,24
M_029_A_XV,0.0,1989,10,25
M_029_A_XV,0.0,1989,10,26
M_029_A_XV,1.0927036623470483,1989,10,27
M_029_A_XV,17.207467794418335,1989,10,28
M_029_A_XV,4.431793328025378,1989,10,29
M_029_A_XV,0.0501775704324245,1989,10,30
M_029_A_XV,0.7647109180688858,1989,10,31
M_029_A_XV,2.3479981273412704,1989,11,1
M_029_A_XV,0.1528816182399168,1989,11,2
M_029_A_XV,1.336680058040656,1989,11,3
M_029_A_XV,9.691378891468048,1989,11,4
M_029_A_XV,5.3873431120300665,1989,11,5
M_029_A_XV,3.7978832870721817,1989,11,6
M_029_A_XV,0.1287106126546859,1989,11,7
M_029_A_XV,0.0,1989,11,8
M_029_A_XV,0.0,1989,11,9
M_029_A_XV,0.0007219606777653,1989,11,10
M_029_A_XV,0.0,1989,11,11
M_029_A_XV,0.0,1989,11,12
M_029_A_XV,0.0,1989,11,13
M_029_A_XV,0.0,1989,11,14
M_029_A_XV,0.0,1989,11,15
M_029_A_XV,6.866815958172083,1989,11,16
M_029_A_XV,4.944485262036324,1989,11,17
M_029_A_XV,1.0661686807870865,1989,11,18
M_029_A_XV,0.0,1989,11,19
M_029_A_XV,0.0,1989,11,20
M_029_A_XV,0.0,1989,11,21
M_029_A_XV,0.0049665449187159,1989,11,22
M_029_A_XV,0.7259789258241653,1989,11,23
M_029_A_XV,3.271246612071991,1989,11,24
M_029_A_XV,3.630739212036133,1989,11,25
M_029_A_XV,0.0,1989,11,26
M_029_A_XV,0.3511248826980591,1989,11,27
M_029_A_XV,10.739480167627336,1989,11,28
M_029_A_XV,5.160615682601929,1989,11,29
M_029_A_XV,2.342950649559498,1989,11,30
M_029_A_XV,0.077896274626255,1989,12,1
M_029_A_XV,1.523034267127514,1989,12,2
M_029_A_XV,0.0609808053886808,1989,12,3
M_029_A_XV,0.0,1989,12,4
M_029_A_XV,0.0253386013209819,1989,12,5
M_029_A_XV,1.1247214637696743,1989,12,6
M_029_A_XV,2.4353957548737526,1989,12,7
M_029_A_XV,1.8150640269741416,1989,12,8
M_029_A_XV,4.127389326691628,1989,12,9
M_029_A_XV,7.739580661058426,1989,12,10
M_029_A_XV,6.495497084455565,1989,12,11
M_029_A_XV,2.396991603076458,1989,12,12
M_029_A_XV,5.234158366918564,1989,12,13
M_029_A_XV,11.383946418762209,1989,12,14
M_029_A_XV,3.0180946458131075,1989,12,15
M_029_A_XV,2.490862041711808,1989,12,16
M_029_A_XV,0.7812249958515167,1989,12,17
M_029_A_XV,14.788355588912964,1989,12,18
M_029_A_XV,9.210682570934296,1989,12,19
M_029_A_XV,6.670139133930206,1989,12,20
M_029_A_XV,1.955894256010652,1989,12,21
M_029_A_XV,0.0467377640306949,1989,12,22
M_029_A_XV,4.285882916301489,1989,12,23
M_029_A_XV,3.850457973778248,1989,12,24
M_029_A_XV,6.193478552624583,1989,12,25
M_029_A_XV,1.8926231269724667,1989,12,26
M_029_A_XV,0.9997317492961884,1989,12,27
M_029_A_XV,8.490726888179779,1989,12,28
M_029_A_XV,5.276779223233461,1989,12,29
M_029_A_XV,4.770014837384224,1989,12,30
M_029_A_XV,9.60022796690464,1989,12,31
M_029_A_XV,23.478012084960938,1990,1,1
M_029_A_XV,6.442494064569473,1990,1,2
M_029_A_XV,10.257192492485046,1990,1,3
M_029_A_XV,19.93605124950409,1990,1,4
M_029_A_XV,16.070547938346863,1990,1,5
M_029_A_XV,8.993192465044558,1990,1,6
M_029_A_XV,9.946119986474514,1990,1,7
M_029_A_XV,1.0130586102604866,1990,1,8
M_029_A_XV,2.705003418028354,1990,1,9
M_029_A_XV,2.856537967920304,1990,1,10
M_029_A_XV,3.700664855539799,1990,1,11
M_029_A_XV,3.398760676383972,1990,1,12
M_029_A_XV,0.0196971911936998,1990,1,13
M_029_A_XV,10.689452558755876,1990,1,14
M_029_A_XV,22.74211806058884,1990,1,15
M_029_A_XV,5.113074287772179,1990,1,16
M_029_A_XV,0.0,1990,1,17
M_029_A_XV,4.589978978037834,1990,1,18
M_029_A_XV,4.854156563989818,1990,1,19
M_029_A_XV,4.33625653386116,1990,1,20
M_029_A_XV,3.284836530685425,1990,1,21
M_029_A_XV,5.454694651067257,1990,1,22
M_029_A_XV,5.228051610291004,1990,1,23
M_029_A_XV,5.9289665669202805,1990,1,24
M_029_A_XV,5.454011559486389,1990,1,25
M_029_A_XV,9.514964133501053,1990,1,26
M_029_A_XV,8.030889958143234,1990,1,27
M_029_A_XV,6.037640154361725,1990,1,28
M_029_A_XV,6.499904215335846,1990,1,29
M_029_A_XV,9.66334828734398,1990,1,30
M_029_A_XV,6.121119916439056,1990,1,31
M_029_A_XV,0.3919178086798638,1990,2,1
M_029_A_XV,0.0005902905249968,1990,2,2
M_029_A_XV,0.0,1990,2,3
M_029_A_XV,1.09382963180542,1990,2,4
M_029_A_XV,19.1580810546875,1990,2,5
M_029_A_XV,7.527342855930328,1990,2,6
M_029_A_XV,9.956723272800446,1990,2,7
M_029_A_XV,16.539646208286285,1990,2,8
M_029_A_XV,0.8613839894533157,1990,2,9
M_029_A_XV,0.1904738545417785,1990,2,10
M_029_A_XV,0.0,1990,2,11
M_029_A_XV,0.8419889807701111,1990,2,12
M_029_A_XV,7.498028218746185,1990,2,13
M_029_A_XV,9.884759306907654,1990,2,14
M_029_A_XV,11.049973905086516,1990,2,15
M_029_A_XV,10.128774344921112,1990,2,16
M_029_A_XV,24.7250771522522,1990,2,17
M_029_A_XV,11.33302292227745,1990,2,18
M_029_A_XV,11.019363582134249,1990,2,19
M_029_A_XV,10.177504539489746,1990,2,20
M_029_A_XV,6.542095627635717,1990,2,21
M_029_A_XV,3.0379198994487524,1990,2,22
M_029_A_XV,3.6626696586608887,1990,2,23
M_029_A_XV,0.0,1990,2,24
M_029_A_XV,0.0,1990,2,25
M_029_A_XV,3.319212233647704,1990,2,26
M_029_A_XV,12.740483336150646,1990,2,27
M_029_A_XV,10.580763220787048,1990,2,28
M_029_A_XV,2.8381071323528886,1990,3,1
M_029_A_XV,0.2788000479340553,1990,3,2
M_029_A_XV,0.3810918983072042,1990,3,3
M_029_A_XV,0.4444549977779388,1990,3,4
M_029_A_XV,3.7998522967100143,1990,3,5
M_029_A_XV,2.5249038990587,1990,3,6
M_029_A_XV,1.8036253228783607,1990,3,7
M_029_A_XV,2.684790927916765,1990,3,8
M_029_A_XV,2.053987294435501,1990,3,9
M_029_A_XV,3.447999307885766,1990,3,10
M_029_A_XV,9.845183730125427,1990,3,11
M_029_A_XV,11.599668636918068,1990,3,12
M_029_A_XV,0.0964830219745636,1990,3,13
M_029_A_XV,1.3442813158035278,1990,3,14
M_029_A_XV,1.369153380393982,1990,3,15
M_029_A_XV,4.476330071687698,1990,3,16
M_029_A_XV,4.977512240409851,1990,3,17
M_029_A_XV,7.23100209236145,1990,3,18
M_029_A_XV,3.415067046880722,1990,3,19
M_029_A_XV,0.3894813656806946,1990,3,20
M_029_A_XV,0.4104640036821365,1990,3,21
M_029_A_XV,0.0,1990,3,22
M_029_A_XV,0.0,1990,3,23
M_029_A_XV,0.0,1990,3,24
M_029_A_XV,0.0330691970884799,1990,3,25
M_029_A_XV,0.0,1990,3,26
M_029_A_XV,0.0,1990,3,27
M_029_A_XV,0.0,1990,3,28
M_029_A_XV,0.0,1990,3,29
M_029_A_XV,0.0002406535641057,1990,3,30
M_029_A_XV,4.877723768353462,1990,3,31
M_029_A_XV,9.661582499742508,1990,4,1
M_029_A_XV,2.8103760685771704,1990,4,2
M_029_A_XV,2.962207401171326,1990,4,3
M_029_A_XV,7.471914350986481,1990,4,4
M_029_A_XV,7.840699553489685,1990,4,5
M_029_A_XV,9.945709586143494,1990,4,6
M_029_A_XV,5.0724406242370605,1990,4,7
M_029_A_XV,3.158004391938448,1990,4,8
M_029_A_XV,3.71337148360908,1990,4,9
M_029_A_XV,6.1258829943835735,1990,4,10
M_029_A_XV,4.357437610626221,1990,4,11
M_029_A_XV,12.34636116027832,1990,4,12
M_029_A_XV,0.0,1990,4,13
M_029_A_XV,0.0,1990,4,14
M_029_A_XV,0.0,1990,4,15
M_029_A_XV,0.0,1990,4,16
M_029_A_XV,0.0,1990,4,17
M_029_A_XV,0.077896274626255,1990,4,18
M_029_A_XV,0.0366018218919634,1990,4,19
M_029_A_XV,5.90290474065e-05,1990,4,20
M_029_A_XV,0.0,1990,4,21
M_029_A_XV,0.0,1990,4,22
M_029_A_XV,1.2951350957155228,1990,4,23
M_029_A_XV,7.324053943157196,1990,4,24
M_029_A_XV,2.0580144077539444,1990,4,25
M_029_A_XV,0.0,1990,4,26
M_029_A_XV,0.0,1990,4,27
M_029_A_XV,0.0,1990,4,28
M_029_A_XV,0.0,1990,4,29
M_029_A_XV,0.0,1990,4,30
M_029_A_XV,0.0,1990,5,1
M_029_A_XV,0.0,1990,5,2
M_029_A_XV,0.0,1990,5,3
M_029_A_XV,0.0,1990,5,4
M_029_A_XV,0.0,1990,5,5
M_029_A_XV,0.0,1990,5,6
M_029_A_XV,0.0,1990,5,7
M_029_A_XV,0.0,1990,5,8
M_029_A_XV,0.0,1990,5,9
M_029_A_XV,0.0,1990,5,10
M_029_A_XV,0.0,1990,5,11
M_029_A_XV,0.0,1990,5,12
M_029_A_XV,0.077896274626255,1990,5,13
M_029_A_XV,3.689395993947983,1990,5,14
M_029_A_XV,5.017247885465622,1990,5,15
M_029_A_XV,4.898061573505402,1990,5,16
M_029_A_XV,0.00875224173069,1990,5,17
M_029_A_XV,5.241205826401711,1990,5,18
M_029_A_XV,7.606659293174744,1990,5,19
M_029_A_XV,9.187725067138672,1990,5,20
M_029_A_XV,2.239968080073595,1990,5,21
M_029_A_XV,0.8368737250566483,1990,5,22
M_029_A_XV,0.1824557636864483,1990,5,23
M_029_A_XV,0.1937182396650314,1990,5,24
M_029_A_XV,0.0939234849065542,1990,5,25
M_029_A_XV,0.0077896271832287,1990,5,26
M_029_A_XV,0.0,1990,5,27
M_029_A_XV,0.0,1990,5,28
M_029_A_XV,0.0,1990,5,29
M_029_A_XV,0.0,1990,5,30
M_029_A_XV,0.0,1990,5,31
M_029_A_XV,1.346351245418191,1990,6,1
M_029_A_XV,5.246541874483228,1990,6,2
M_029_A_XV,0.0,1990,6,3
M_029_A_XV,0.0,1990,6,4
M_029_A_XV,0.0,1990,6,5
M_029_A_XV,0.0,1990,6,6
M_029_A_XV,0.1743186712265014,1990,6,7
M_029_A_XV,0.0,1990,6,8
M_029_A_XV,3.6856773048639297,1990,6,9
M_029_A_XV,4.2824461460113525,1990,6,10
M_029_A_XV,7.934296801686287,1990,6,11
M_029_A_XV,0.2487183362245559,1990,6,12
M_029_A_XV,0.0,1990,6,13
M_029_A_XV,0.0,1990,6,14
M_029_A_XV,0.0,1990,6,15
M_029_A_XV,0.0,1990,6,16
M_029_A_XV,0.0,1990,6,17
M_029_A_XV,0.0,1990,6,18
M_029_A_XV,0.0,1990,6,19
M_029_A_XV,0.0,1990,6,20
M_029_A_XV,0.0248718317598104,1990,6,21
M_029_A_XV,0.0,1990,6,22
M_029_A_XV,0.0,1990,6,23
M_029_A_XV,0.0,1990,6,24
M_029_A_XV,0.0,1990,6,25
M_029_A_XV,0.0,1990,6,26
M_029_A_XV,0.0,1990,6,27
M_029_A_XV,0.0,1990,6,28
M_029_A_XV,0.0,1990,6,29
M_029_A_XV,0.0,1990,6,30
M_029_A_XV,0.0,1990,7,1
M_029_A_XV,0.0,1990,7,2
M_029_A_XV,0.2686495538800955,1990,7,3
M_029_A_XV,0.0,1990,7,4
M_029_A_XV,0.0,1990,7,5
M_029_A_XV,0.0,1990,7,6
M_029_A_XV,0.0,1990,7,7
M_029_A_XV,0.0,1990,7,8
M_029_A_XV,0.0,1990,7,9
M_029_A_XV,0.0,1990,7,10
M_029_A_XV,0.0002406535641057,1990,7,11
M_029_A_XV,0.0,1990,7,12
M_029_A_XV,0.0,1990,7,13
M_029_A_XV,0.0,1990,7,14
M_029_A_XV,0.0,1990,7,15
M_029_A_XV,0.0,1990,7,16
M_029_A_XV,0.0,1990,7,17
M_029_A_XV,0.0233688820153474,1990,7,18
M_029_A_XV,0.5400345325469971,1990,7,19
M_029_A_XV,0.0,1990,7,20
M_029_A_XV,0.0,1990,7,21
M_029_A_XV,0.0,1990,7,22
M_029_A_XV,0.0,1990,7,23
M_029_A_XV,0.0,1990,7,24
M_029_A_XV,0.0,1990,7,25
M_029_A_XV,0.0,1990,7,26
M_029_A_XV,0.0024065356701612,1990,7,27
M_029_A_XV,0.0645933477208018,1990,7,28
M_029_A_XV,0.0,1990,7,29
M_029_A_XV,0.0,1990,7,30
M_029_A_XV,0.0,1990,7,31
M_029_A_XV,0.0,1990,8,1
M_029_A_XV,0.0319394953548908,1990,8,2
M_029_A_XV,0.1114613208919763,1990,8,3
M_029_A_XV,0.0077896271832287,1990,8,4
M_029_A_XV,0.077896274626255,1990,8,5
M_029_A_XV,0.7044182382524014,1990,8,6
M_029_A_XV,0.0,1990,8,7
M_029_A_XV,0.0,1990,8,8
M_029_A_XV,0.0,1990,8,9
M_029_A_XV,0.0024065356701612,1990,8,10
M_029_A_XV,0.0,1990,8,11
M_029_A_XV,0.0,1990,8,12
M_029_A_XV,0.0,1990,8,13
M_029_A_XV,0.0,1990,8,14
M_029_A_XV,0.0,1990,8,15
M_029_A_XV,0.0,1990,8,16
M_029_A_XV,0.0,1990,8,17
M_029_A_XV,0.0236095357686281,1990,8,18
M_029_A_XV,0.0,1990,8,19
M_029_A_XV,0.0313991606235504,1990,8,20
M_029_A_XV,7.797547567635775,1990,8,21
M_029_A_XV,1.2397581823170185,1990,8,22
M_029_A_XV,3.7432643473148346,1990,8,23
M_029_A_XV,0.559667780995369,1990,8,24
M_029_A_XV,0.0937954767141491,1990,8,25
M_029_A_XV,0.0,1990,8,26
M_029_A_XV,0.0,1990,8,27
M_029_A_XV,0.1153320409357547,1990,8,28
M_029_A_XV,0.0,1990,8,29
M_029_A_XV,0.0,1990,8,30
M_029_A_XV,0.0,1990,8,31
M_029_A_XV,0.0,1990,9,1
M_029_A_XV,0.0,1990,9,2
M_029_A_XV,0.0,1990,9,3
M_029_A_XV,0.0,1990,9,4
M_029_A_XV,0.1268444098532199,1990,9,5
M_029_A_XV,0.0,1990,9,6
M_029_A_XV,0.0,1990,9,7
M_029_A_XV,0.0024065356701612,1990,9,8
M_029_A_XV,0.0,1990,9,9
M_029_A_XV,0.0,1990,9,10
M_029_A_XV,0.0,1990,9,11
M_029_A_XV,0.0,1990,9,12
M_029_A_XV,0.0,1990,9,13
M_029_A_XV,0.0,1990,9,14
M_029_A_XV,0.0,1990,9,15
M_029_A_XV,0.0,1990,9,16
M_029_A_XV,0.0,1990,9,17
M_029_A_XV,0.0,1990,9,18
M_029_A_XV,0.0,1990,9,19
M_029_A_XV,0.0,1990,9,20
M_029_A_XV,0.0,1990,9,21
M_029_A_XV,0.0,1990,9,22
M_029_A_XV,0.2457215040922165,1990,9,23
M_029_A_XV,0.0007809897069819,1990,9,24
M_029_A_XV,0.0,1990,9,25
M_029_A_XV,0.286335751414299,1990,9,26
M_029_A_XV,0.1861869432032108,1990,9,27
M_029_A_XV,0.0241498723626136,1990,9,28
M_029_A_XV,0.0,1990,9,29
M_029_A_XV,0.0,1990,9,30
M_029_A_XV,0.0,1990,10,1
M_029_A_XV,0.0,1990,10,2
M_029_A_XV,0.0,1990,10,3
M_029_A_XV,0.0,1990,10,4
M_029_A_XV,0.0,1990,10,5
M_029_A_XV,0.0832996293902397,1990,10,6
M_029_A_XV,0.5918469280004501,1990,10,7
M_029_A_XV,0.1636412050575018,1990,10,8
M_029_A_XV,0.3432485980883939,1990,10,9
M_029_A_XV,0.0894194450229406,1990,10,10
M_029_A_XV,0.1887450963258743,1990,10,11
M_029_A_XV,1.1051548752002418,1990,10,12
M_029_A_XV,2.1311776150250807,1990,10,13
M_029_A_XV,2.4701744616031647,1990,10,14
M_029_A_XV,7.209772564470768,1990,10,15
M_029_A_XV,0.4384243041276932,1990,10,16
M_029_A_XV,0.0,1990,10,17
M_029_A_XV,0.0,1990,10,18
M_029_A_XV,2.0715293884277344,1990,10,19
M_029_A_XV,16.564664363861084,1990,10,20
M_029_A_XV,17.1697940826416,1990,10,21
M_029_A_XV,1.3826895132660866,1990,10,22
M_029_A_XV,4.281275756657124,1990,10,23
M_029_A_XV,2.058377970010042,1990,10,24
M_029_A_XV,17.084051549434662,1990,10,25
M_029_A_XV,13.120426505804062,1990,10,26
M_029_A_XV,12.010250568389893,1990,10,27
M_029_A_XV,2.196098070126027,1990,10,28
M_029_A_XV,0.2901311367750168,1990,10,29
M_029_A_XV,0.1426349058747291,1990,10,30
M_029_A_XV,3.834315169602633,1990,10,31
M_029_A_XV,6.396680317819119,1990,11,1
M_029_A_XV,7.243498660624027,1990,11,2
M_029_A_XV,0.0007219606777653,1990,11,3
M_029_A_XV,0.0,1990,11,4
M_029_A_XV,4.592168270610273,1990,11,5
M_029_A_XV,2.768365129828453,1990,11,6
M_029_A_XV,2.784574031829834,1990,11,7
M_029_A_XV,3.857811365276575,1990,11,8
M_029_A_XV,3.3669775128364563,1990,11,9
M_029_A_XV,7.047011982649565,1990,11,10
M_029_A_XV,9.399881793186069,1990,11,11
M_029_A_XV,9.301542609930038,1990,11,12
M_029_A_XV,9.1231127679348,1990,11,13
M_029_A_XV,7.749486863613129,1990,11,14
M_029_A_XV,13.485624074935911,1990,11,15
M_029_A_XV,3.281464170315303,1990,11,16
M_029_A_XV,3.764302733936347,1990,11,17
M_029_A_XV,18.132734179496765,1990,11,18
M_029_A_XV,4.006469868123531,1990,11,19
M_029_A_XV,1.7791059017181396,1990,11,20
M_029_A_XV,11.542697484139351,1990,11,21
M_029_A_XV,17.075527414679527,1990,11,22
M_029_A_XV,6.3449073024094105,1990,11,23
M_029_A_XV,0.4575202688574791,1990,11,24
M_029_A_XV,2.362062775529921,1990,11,25
M_029_A_XV,9.390332639217377,1990,11,26
M_029_A_XV,15.158404916524889,1990,11,27
M_029_A_XV,1.6855673342943192,1990,11,28
M_029_A_XV,6.747825264930725,1990,11,29
M_029_A_XV,3.128727525472641,1990,11,30
M_029_A_XV,3.653430078178644,1990,12,1
M_029_A_XV,13.364631235599518,1990,12,2
M_029_A_XV,7.539600074291229,1990,12,3
M_029_A_XV,7.679776966571808,1990,12,4
M_029_A_XV,6.441711097955704,1990,12,5
M_029_A_XV,4.8924897108227015,1990,12,6
M_029_A_XV,5.62438890337944,1990,12,7
M_029_A_XV,4.287217870354652,1990,12,8
M_029_A_XV,4.655598342418671,1990,12,9
M_029_A_XV,0.0,1990,12,10
M_029_A_XV,0.1392064541578292,1990,12,11
M_029_A_XV,1.3843958796933291,1990,12,12
M_029_A_XV,0.3332337737083435,1990,12,13
M_029_A_XV,11.833994135260582,1990,12,14
M_029_A_XV,9.541403472423552,1990,12,15
M_029_A_XV,3.547218155115843,1990,12,16
M_029_A_XV,0.3453928530216217,1990,12,17
M_029_A_XV,0.1065063549176557,1990,12,18
M_029_A_XV,0.1949493996798992,1990,12,19
M_029_A_XV,3.85780879855156,1990,12,20
M_029_A_XV,15.158873677253723,1990,12,21
M_029_A_XV,2.8711562287062407,1990,12,22
M_029_A_XV,3.073475643992424,1990,12,23
M_029_A_XV,2.008205210600863,1990,12,24
M_029_A_XV,0.2104165552154882,1990,12,25
M_029_A_XV,1.758427793160081,1990,12,26
M_029_A_XV,3.443506896495819,1990,12,27
M_029_A_XV,7.170047074556351,1990,12,28
M_029_A_XV,4.385339312255383,1990,12,29
M_029_A_XV,6.17655348777771,1990,12,30
M_029_A_XV,13.76104176044464,1990,12,31
M_029_A_XV,7.397977471351623,1991,1,1
M_029_A_XV,11.999171197414398,1991,1,2
M_029_A_XV,14.855052888393402,1991,1,3
M_029_A_XV,8.278948545455933,1991,1,4
M_029_A_XV,6.976568013429642,1991,1,5
M_029_A_XV,10.502107441425323,1991,1,6
M_029_A_XV,12.283777680248022,1991,1,7
M_029_A_XV,5.290923237800598,1991,1,8
M_029_A_XV,6.701757285743952,1991,1,9
M_029_A_XV,11.145126583054662,1991,1,10
M_029_A_XV,8.65448547899723,1991,1,11
M_029_A_XV,1.90825778990984,1991,1,12
M_029_A_XV,0.3873517885804176,1991,1,13
M_029_A_XV,0.0229958995478227,1991,1,14
M_029_A_XV,0.5717458128929138,1991,1,15
M_029_A_XV,6.098371498286724,1991,1,16
M_029_A_XV,4.166903898119927,1991,1,17
M_029_A_XV,3.586932960897684,1991,1,18
M_029_A_XV,2.404711157083512,1991,1,19
M_029_A_XV,3.7007845379412174,1991,1,20
M_029_A_XV,2.396816499531269,1991,1,21
M_029_A_XV,9.797560459002852,1991,1,22
M_029_A_XV,9.430905237793922,1991,1,23
M_029_A_XV,2.372642095942865,1991,1,24
M_029_A_XV,2.3157534953206778,1991,1,25
M_029_A_XV,2.167027547955513,1991,1,26
M_029_A_XV,7.33010321855545,1991,1,27
M_029_A_XV,6.787185922265053,1991,1,28
M_029_A_XV,4.9954037964344025,1991,1,29
M_029_A_XV,0.9880530592054128,1991,1,30
M_029_A_XV,0.0457309220801107,1991,1,31
M_029_A_XV,0.0,1991,2,1
M_029_A_XV,0.0496779400855302,1991,2,2
M_029_A_XV,3.072611952200532,1991,2,3
M_029_A_XV,15.388342261314392,1991,2,4
M_029_A_XV,8.40294325351715,1991,2,5
M_029_A_XV,9.22311419248581,1991,2,6
M_029_A_XV,2.253580421209336,1991,2,7
M_029_A_XV,0.0,1991,2,8
M_029_A_XV,1.2736140489578247,1991,2,9
M_029_A_XV,14.38635328412056,1991,2,10
M_029_A_XV,12.611720085144045,1991,2,11
M_029_A_XV,9.02839732170105,1991,2,12
M_029_A_XV,8.752139031887054,1991,2,13
M_029_A_XV,27.84537506103516,1991,2,14
M_029_A_XV,10.84112149477005,1991,2,15
M_029_A_XV,9.41207194328308,1991,2,16
M_029_A_XV,6.9936340525746346,1991,2,17
M_029_A_XV,9.875033378601074,1991,2,18
M_029_A_XV,8.537130415439606,1991,2,19
M_029_A_XV,8.62961158156395,1991,2,20
M_029_A_XV,7.467888176441193,1991,2,21
M_029_A_XV,1.1312809009104967,1991,2,22
M_029_A_XV,0.3519768107216805,1991,2,23
M_029_A_XV,2.1032416820526123,1991,2,24
M_029_A_XV,0.184571401681751,1991,2,25
M_029_A_XV,1.5932443141937256,1991,2,26
M_029_A_XV,10.620705246925354,1991,2,27
M_029_A_XV,0.976755503215827,1991,2,28
M_029_A_XV,1.770502045750618,1991,3,1
M_029_A_XV,3.3787625283002853,1991,3,2
M_029_A_XV,5.03286637365818,1991,3,3
M_029_A_XV,11.835662603378296,1991,3,4
M_029_A_XV,18.65300363302231,1991,3,5
M_029_A_XV,1.4772220011800528,1991,3,6
M_029_A_XV,8.725272357463837,1991,3,7
M_029_A_XV,14.772804915905,1991,3,8
M_029_A_XV,24.12851257622242,1991,3,9
M_029_A_XV,13.598560810089111,1991,3,10
M_029_A_XV,12.323288332670929,1991,3,11
M_029_A_XV,4.354357014410198,1991,3,12
M_029_A_XV,6.893925100564957,1991,3,13
M_029_A_XV,7.654444962739944,1991,3,14
M_029_A_XV,15.961678326129912,1991,3,15
M_029_A_XV,7.64469092246145,1991,3,16
M_029_A_XV,8.914213880896568,1991,3,17
M_029_A_XV,12.474746979773045,1991,3,18
M_029_A_XV,0.460925004677847,1991,3,19
M_029_A_XV,5.061573028564453,1991,3,20
M_029_A_XV,14.460954010486605,1991,3,21
M_029_A_XV,12.22705689072609,1991,3,22
M_029_A_XV,3.4039865732193,1991,3,23
M_029_A_XV,3.1488508123438805,1991,3,24
M_029_A_XV,5.676640436053276,1991,3,25
M_029_A_XV,2.1905836747027934,1991,3,26
M_029_A_XV,3.636250864714384,1991,3,27
M_029_A_XV,1.0274448469281197,1991,3,28
M_029_A_XV,1.0572556663537398,1991,3,29
M_029_A_XV,1.2658161967992785,1991,3,30
M_029_A_XV,0.0,1991,3,31
M_029_A_XV,0.0,1991,4,1
M_029_A_XV,2.2303479220718145,1991,4,2
M_029_A_XV,10.783854246139526,1991,4,3
M_029_A_XV,7.021840572357178,1991,4,4
M_029_A_XV,9.153711825609207,1991,4,5
M_029_A_XV,1.132512867450714,1991,4,6
M_029_A_XV,0.9473580275662244,1991,4,7
M_029_A_XV,2.251852110028267,1991,4,8
M_029_A_XV,0.8833493925631046,1991,4,9
M_029_A_XV,5.207373708486557,1991,4,10
M_029_A_XV,1.4949898719787598,1991,4,11
M_029_A_XV,0.1480029225349426,1991,4,12
M_029_A_XV,1.3615721836686134,1991,4,13
M_029_A_XV,2.888333544600755,1991,4,14
M_029_A_XV,5.19983983039856,1991,4,15
M_029_A_XV,9.497005343437197,1991,4,16
M_029_A_XV,0.0156094739213585,1991,4,17
M_029_A_XV,0.0,1991,4,18
M_029_A_XV,4.294541835784912,1991,4,19
M_029_A_XV,5.820452582091093,1991,4,20
M_029_A_XV,2.78654183447361,1991,4,21
M_029_A_XV,8.702603608369827,1991,4,22
M_029_A_XV,5.215475223958492,1991,4,23
M_029_A_XV,0.9436518624424934,1991,4,24
M_029_A_XV,0.0,1991,4,25
M_029_A_XV,0.0097003169357776,1991,4,26
M_029_A_XV,0.0577627066122659,1991,4,27
M_029_A_XV,0.166444381698966,1991,4,28
M_029_A_XV,0.4836402120999992,1991,4,29
M_029_A_XV,0.7097198627889156,1991,4,30
M_029_A_XV,0.0,1991,5,1
M_029_A_XV,0.0,1991,5,2
M_029_A_XV,0.0,1991,5,3
M_029_A_XV,0.0,1991,5,4
M_029_A_XV,0.0775096789002418,1991,5,5
M_029_A_XV,0.0002406535641057,1991,5,6
M_029_A_XV,0.0,1991,5,7
M_029_A_XV,0.0,1991,5,8
M_029_A_XV,0.0,1991,5,9
M_029_A_XV,1.0686698891222477,1991,5,10
M_029_A_XV,0.15579254925251,1991,5,11
M_029_A_XV,0.0,1991,5,12
M_029_A_XV,0.0,1991,5,13
M_029_A_XV,0.0,1991,5,14
M_029_A_XV,0.0,1991,5,15
M_029_A_XV,0.0,1991,5,16
M_029_A_XV,0.0,1991,5,17
M_029_A_XV,0.0,1991,5,18
M_029_A_XV,0.0,1991,5,19
M_029_A_XV,0.0,1991,5,20
M_029_A_XV,0.0,1991,5,21
M_029_A_XV,0.0,1991,5,22
M_029_A_XV,0.0,1991,5,23
M_029_A_XV,0.0,1991,5,24
M_029_A_XV,0.0,1991,5,25
M_029_A_XV,0.0,1991,5,26
M_029_A_XV,0.0,1991,5,27
M_029_A_XV,0.0,1991,5,28
M_029_A_XV,0.0,1991,5,29
M_029_A_XV,0.0,1991,5,30
M_029_A_XV,0.0,1991,5,31
M_029_A_XV,0.0,1991,6,1
M_029_A_XV,0.0,1991,6,2
M_029_A_XV,0.0,1991,6,3
M_029_A_XV,0.0,1991,6,4
M_029_A_XV,0.0,1991,6,5
M_029_A_XV,0.0,1991,6,6
M_029_A_XV,0.0,1991,6,7
M_029_A_XV,0.0019106898689642,1991,6,8
M_029_A_XV,8.929710865020752,1991,6,9
M_029_A_XV,2.614887176081538,1991,6,10
M_029_A_XV,0.0,1991,6,11
M_029_A_XV,0.0,1991,6,12
M_029_A_XV,0.0,1991,6,13
M_029_A_XV,0.0,1991,6,14
M_029_A_XV,0.0,1991,6,15
M_029_A_XV,0.0,1991,6,16
M_029_A_XV,0.0,1991,6,17
M_029_A_XV,0.0,1991,6,18
M_029_A_XV,0.0,1991,6,19
M_029_A_XV,0.0,1991,6,20
M_029_A_XV,0.0,1991,6,21
M_029_A_XV,0.0,1991,6,22
M_029_A_XV,0.0,1991,6,23
M_029_A_XV,0.0,1991,6,24
M_029_A_XV,0.0,1991,6,25
M_029_A_XV,0.0,1991,6,26
M_029_A_XV,0.0,1991,6,27
M_029_A_XV,0.0,1991,6,28
M_029_A_XV,0.0,1991,6,29
M_029_A_XV,0.0,1991,6,30
M_029_A_XV,0.0,1991,7,1
M_029_A_XV,0.0,1991,7,2
M_029_A_XV,0.0,1991,7,3
M_029_A_XV,0.0,1991,7,4
M_029_A_XV,0.0,1991,7,5
M_029_A_XV,0.0,1991,7,6
M_029_A_XV,0.0,1991,7,7
M_029_A_XV,0.0,1991,7,8
M_029_A_XV,0.0,1991,7,9
M_029_A_XV,0.0,1991,7,10
M_029_A_XV,0.0,1991,7,11
M_029_A_XV,0.0,1991,7,12
M_029_A_XV,0.0,1991,7,13
M_029_A_XV,0.0,1991,7,14
M_029_A_XV,0.0,1991,7,15
M_029_A_XV,0.4159599244594574,1991,7,16
M_029_A_XV,0.9399308636784554,1991,7,17
M_029_A_XV,0.0,1991,7,18
M_029_A_XV,0.3942944481968879,1991,7,19
M_029_A_XV,0.2372986283153295,1991,7,20
M_029_A_XV,0.0,1991,7,21
M_029_A_XV,0.0,1991,7,22
M_029_A_XV,0.0,1991,7,23
M_029_A_XV,0.0,1991,7,24
M_029_A_XV,0.0,1991,7,25
M_029_A_XV,0.0,1991,7,26
M_029_A_XV,0.0,1991,7,27
M_029_A_XV,0.0468558222055435,1991,7,28
M_029_A_XV,0.0234279111027717,1991,7,29
M_029_A_XV,0.0,1991,7,30
M_029_A_XV,0.0,1991,7,31
M_029_A_XV,0.0,1991,8,1
M_029_A_XV,0.1560332028166158,1991,8,2
M_029_A_XV,0.1926831267774105,1991,8,3
M_029_A_XV,0.0,1991,8,4
M_029_A_XV,0.0,1991,8,5
M_029_A_XV,0.0,1991,8,6
M_029_A_XV,0.0,1991,8,7
M_029_A_XV,0.0,1991,8,8
M_029_A_XV,0.0,1991,8,9
M_029_A_XV,0.0,1991,8,10
M_029_A_XV,0.0313991606235504,1991,8,11
M_029_A_XV,0.0,1991,8,12
M_029_A_XV,0.0026471892342669,1991,8,13
M_029_A_XV,0.0,1991,8,14
M_029_A_XV,0.0,1991,8,15
M_029_A_XV,0.0,1991,8,16
M_029_A_XV,0.0,1991,8,17
M_029_A_XV,0.0,1991,8,18
M_029_A_XV,0.0,1991,8,19
M_029_A_XV,0.0,1991,8,20
M_029_A_XV,0.0,1991,8,21
M_029_A_XV,0.0,1991,8,22
M_029_A_XV,0.0031875253771431,1991,8,23
M_029_A_XV,0.0,1991,8,24
M_029_A_XV,0.0005902905249968,1991,8,25
M_029_A_XV,0.0,1991,8,26
M_029_A_XV,1.1183319975389168,1991,8,27
M_029_A_XV,0.1173659339547157,1991,8,28
M_029_A_XV,0.4248725345823914,1991,8,29
M_029_A_XV,1.0573710277676582,1991,8,30
M_029_A_XV,0.194560132920742,1991,8,31
M_029_A_XV,0.0,1991,9,1
M_029_A_XV,0.0784865617752075,1991,9,2
M_029_A_XV,1.6182367205619812,1991,9,3
M_029_A_XV,0.3432695940136909,1991,9,4
M_029_A_XV,0.0,1991,9,5
M_029_A_XV,0.0126026985235512,1991,9,6
M_029_A_XV,0.0,1991,9,7
M_029_A_XV,0.0024065356701612,1991,9,8
M_029_A_XV,0.0,1991,9,9
M_029_A_XV,0.0002996826078742,1991,9,10
M_029_A_XV,0.2681658801593585,1991,9,11
M_029_A_XV,0.0911095314659178,1991,9,12
M_029_A_XV,0.0,1991,9,13
M_029_A_XV,0.0,1991,9,14
M_029_A_XV,0.0,1991,9,15
M_029_A_XV,0.0,1991,9,16
M_029_A_XV,0.0,1991,9,17
M_029_A_XV,0.0,1991,9,18
M_029_A_XV,1.24158595839981,1991,9,19
M_029_A_XV,2.8757573030889034,1991,9,20
M_029_A_XV,0.0,1991,9,21
M_029_A_XV,0.0,1991,9,22
M_029_A_XV,0.0999999996274709,1991,9,23
M_029_A_XV,0.0,1991,9,24
M_029_A_XV,0.0216078807134181,1991,9,25
M_029_A_XV,0.141165254637599,1991,9,26
M_029_A_XV,0.0,1991,9,27
M_029_A_XV,0.0827093422412872,1991,9,28
M_029_A_XV,0.0,1991,9,29
M_029_A_XV,0.0,1991,9,30
M_029_A_XV,0.0,1991,10,1
M_029_A_XV,0.0,1991,10,2
M_029_A_XV,0.0,1991,10,3
M_029_A_XV,0.0002406535641057,1991,10,4
M_029_A_XV,0.0,1991,10,5
M_029_A_XV,0.0,1991,10,6
M_029_A_XV,0.0,1991,10,7
M_029_A_XV,0.0,1991,10,8
M_029_A_XV,0.0,1991,10,9
M_029_A_XV,0.0,1991,10,10
M_029_A_XV,0.0097003169357776,1991,10,11
M_029_A_XV,0.0030458539258688,1991,10,12
M_029_A_XV,0.0,1991,10,13
M_029_A_XV,0.0,1991,10,14
M_029_A_XV,0.0,1991,10,15
M_029_A_XV,0.1152045875787735,1991,10,16
M_029_A_XV,7.376135446131229,1991,10,17
M_029_A_XV,3.032868564128876,1991,10,18
M_029_A_XV,3.037647098302841,1991,10,19
M_029_A_XV,5.995497822761536,1991,10,20
M_029_A_XV,7.417516201734543,1991,10,21
M_029_A_XV,12.138437151908876,1991,10,22
M_029_A_XV,0.0,1991,10,23
M_029_A_XV,0.0049265919951722,1991,10,24
M_029_A_XV,0.1581990867853164,1991,10,25
M_029_A_XV,0.4973790347576141,1991,10,26
M_029_A_XV,0.0384499169886112,1991,10,27
M_029_A_XV,0.2901452202349901,1991,10,28
M_029_A_XV,1.6568166054785252,1991,10,29
M_029_A_XV,11.565385937690737,1991,10,30
M_029_A_XV,2.266203820705414,1991,10,31
M_029_A_XV,0.2111009215004742,1991,11,1
M_029_A_XV,1.5825197752565143,1991,11,2
M_029_A_XV,0.4638088922947645,1991,11,3
M_029_A_XV,0.0077896271832287,1991,11,4
M_029_A_XV,0.0,1991,11,5
M_029_A_XV,0.0,1991,11,6
M_029_A_XV,1.141730680479668,1991,11,7
M_029_A_XV,2.0847945362329483,1991,11,8
M_029_A_XV,0.0,1991,11,9
M_029_A_XV,0.0,1991,11,10
M_029_A_XV,0.0,1991,11,11
M_029_A_XV,0.0,1991,11,12
M_029_A_XV,0.0,1991,11,13
M_029_A_XV,0.0,1991,11,14
M_029_A_XV,0.0,1991,11,15
M_029_A_XV,0.0,1991,11,16
M_029_A_XV,0.0,1991,11,17
M_029_A_XV,0.187431663274765,1991,11,18
M_029_A_XV,11.826191544532776,1991,11,19
M_029_A_XV,8.21736827492714,1991,11,20
M_029_A_XV,4.084007773548365,1991,11,21
M_029_A_XV,1.2267291132593527,1991,11,22
M_029_A_XV,1.3227863274514675,1991,11,23
M_029_A_XV,2.220647307112813,1991,11,24
M_029_A_XV,4.402657002210617,1991,11,25
M_029_A_XV,8.027281641960144,1991,11,26
M_029_A_XV,7.209257304668426,1991,11,27
M_029_A_XV,1.9436653852462769,1991,11,28
M_029_A_XV,2.1751364537049085,1991,11,29
M_029_A_XV,1.739439845085144,1991,11,30
M_029_A_XV,10.894797682762146,1991,12,1
M_029_A_XV,15.35660520195961,1991,12,2
M_029_A_XV,13.69451653957367,1991,12,3
M_029_A_XV,9.66418719291687,1991,12,4
M_029_A_XV,1.359208658337593,1991,12,5
M_029_A_XV,2.5779892800346715,1991,12,6
M_029_A_XV,2.061872042715549,1991,12,7
M_029_A_XV,0.3894813731312752,1991,12,8
M_029_A_XV,0.0,1991,12,9
M_029_A_XV,0.0,1991,12,10
M_029_A_XV,0.0,1991,12,11
M_029_A_XV,0.0,1991,12,12
M_029_A_XV,0.9190928116440772,1991,12,13
M_029_A_XV,0.0,1991,12,14
M_029_A_XV,0.0,1991,12,15
M_029_A_XV,0.0086886752396821,1991,12,16
M_029_A_XV,0.0,1991,12,17
M_029_A_XV,0.0,1991,12,18
M_029_A_XV,0.0,1991,12,19
M_029_A_XV,0.0485318042337894,1991,12,20
M_029_A_XV,3.813047856092453,1991,12,21
M_029_A_XV,2.749751918017864,1991,12,22
M_029_A_XV,2.581856653094292,1991,12,23
M_029_A_XV,4.852600887417793,1991,12,24
M_029_A_XV,9.531344652175903,1991,12,25
M_029_A_XV,2.613896168768406,1991,12,26
M_029_A_XV,3.6166715887375176,1991,12,27
M_029_A_XV,6.013961389660835,1991,12,28
M_029_A_XV,8.378187946975231,1991,12,29
M_029_A_XV,11.347233980894089,1991,12,30
M_029_A_XV,1.8860699888318777,1991,12,31
M_029_A_XV,10.348395705223083,1992,1,1
M_029_A_XV,12.464733004570007,1992,1,2
M_029_A_XV,2.4042157490039244,1992,1,3
M_029_A_XV,4.570647716522217,1992,1,4
M_029_A_XV,2.585636407136917,1992,1,5
M_029_A_XV,1.36496974946931,1992,1,6
M_029_A_XV,4.228251073509455,1992,1,7
M_029_A_XV,4.343087017536163,1992,1,8
M_029_A_XV,2.588603500276804,1992,1,9
M_029_A_XV,1.790286749601364,1992,1,10
M_029_A_XV,2.575917840003968,1992,1,11
M_029_A_XV,2.6439521443098783,1992,1,12
M_029_A_XV,3.809974586591125,1992,1,13
M_029_A_XV,1.0980351557955146,1992,1,14
M_029_A_XV,8.55395221710205,1992,1,15
M_029_A_XV,11.331561267375946,1992,1,16
M_029_A_XV,5.489387132227421,1992,1,17
M_029_A_XV,24.08479535579681,1992,1,18
M_029_A_XV,12.091211020946504,1992,1,19
M_029_A_XV,9.687525749206545,1992,1,20
M_029_A_XV,16.445812106132507,1992,1,21
M_029_A_XV,21.08175013959408,1992,1,22
M_029_A_XV,5.666860952973366,1992,1,23
M_029_A_XV,11.036931604146956,1992,1,24
M_029_A_XV,24.908299565315247,1992,1,25
M_029_A_XV,0.006060829386115,1992,1,26
M_029_A_XV,0.0,1992,1,27
M_029_A_XV,0.0077896271832287,1992,1,28
M_029_A_XV,11.034951090812685,1992,1,29
M_029_A_XV,7.475802183151245,1992,1,30
M_029_A_XV,10.002145059406756,1992,1,31
M_029_A_XV,0.0843939213082194,1992,2,1
M_029_A_XV,0.0,1992,2,2
M_029_A_XV,0.0,1992,2,3
M_029_A_XV,0.3366856575012207,1992,2,4
M_029_A_XV,4.975033992435783,1992,2,5
M_029_A_XV,7.012265332043171,1992,2,6
M_029_A_XV,2.684858940541744,1992,2,7
M_029_A_XV,1.5927085280418396,1992,2,8
M_029_A_XV,0.0,1992,2,9
M_029_A_XV,0.0,1992,2,10
M_029_A_XV,0.6495993733406067,1992,2,11
M_029_A_XV,6.384255461860448,1992,2,12
M_029_A_XV,6.517323166131973,1992,2,13
M_029_A_XV,15.899725437164308,1992,2,14
M_029_A_XV,10.929782738909124,1992,2,15
M_029_A_XV,16.25877732038498,1992,2,16
M_029_A_XV,1.8625736236572263,1992,2,17
M_029_A_XV,2.509960247203708,1992,2,18
M_029_A_XV,5.369267309084535,1992,2,19
M_029_A_XV,18.428338885307312,1992,2,20
M_029_A_XV,14.644878208637238,1992,2,21
M_029_A_XV,3.929919242858887,1992,2,22
M_029_A_XV,8.96287551522255,1992,2,23
M_029_A_XV,5.725003600586206,1992,2,24
M_029_A_XV,6.638689454644918,1992,2,25
M_029_A_XV,12.015271633863447,1992,2,26
M_029_A_XV,10.208730220794678,1992,2,27
M_029_A_XV,2.4145700335502625,1992,2,28
M_029_A_XV,11.68900179862976,1992,2,29
M_029_A_XV,12.464497923851011,1992,3,1
M_029_A_XV,1.6868836437352002,1992,3,2
M_029_A_XV,0.0,1992,3,3
M_029_A_XV,3.857933156192303,1992,3,4
M_029_A_XV,4.340073045343161,1992,3,5
M_029_A_XV,11.648747980594637,1992,3,6
M_029_A_XV,3.647291283705272,1992,3,7
M_029_A_XV,0.0477517951512709,1992,3,8
M_029_A_XV,0.0,1992,3,9
M_029_A_XV,0.0,1992,3,10
M_029_A_XV,3.065730087459088,1992,3,11
M_029_A_XV,1.1878624591045082,1992,3,12
M_029_A_XV,0.6279832720756531,1992,3,13
M_029_A_XV,0.0,1992,3,14
M_029_A_XV,0.0,1992,3,15
M_029_A_XV,0.0,1992,3,16
M_029_A_XV,0.0,1992,3,17
M_029_A_XV,0.0,1992,3,18
M_029_A_XV,1.0644407719373703,1992,3,19
M_029_A_XV,8.598363995552063,1992,3,20
M_029_A_XV,0.9529837220907212,1992,3,21
M_029_A_XV,0.0086205709958449,1992,3,22
M_029_A_XV,0.4207663238048553,1992,3,23
M_029_A_XV,0.2499900464899838,1992,3,24
M_029_A_XV,0.0,1992,3,25
M_029_A_XV,0.0,1992,3,26
M_029_A_XV,0.0,1992,3,27
M_029_A_XV,0.0,1992,3,28
M_029_A_XV,0.0,1992,3,29
M_029_A_XV,1.0867137609020574,1992,3,30
M_029_A_XV,5.561316452920437,1992,3,31
M_029_A_XV,0.3799926150823012,1992,4,1
M_029_A_XV,0.6422770973294973,1992,4,2
M_029_A_XV,3.0103015334316297,1992,4,3
M_029_A_XV,2.284377407282591,1992,4,4
M_029_A_XV,3.034500360488892,1992,4,5
M_029_A_XV,4.825312241911888,1992,4,6
M_029_A_XV,0.6520207049325109,1992,4,7
M_029_A_XV,0.0803028121590614,1992,4,8
M_029_A_XV,0.0786182353040203,1992,4,9
M_029_A_XV,0.0,1992,4,10
M_029_A_XV,0.0,1992,4,11
M_029_A_XV,0.0,1992,4,12
M_029_A_XV,0.0,1992,4,13
M_029_A_XV,0.0,1992,4,14
M_029_A_XV,0.0,1992,4,15
M_029_A_XV,0.0,1992,4,16
M_029_A_XV,0.0,1992,4,17
M_029_A_XV,0.0,1992,4,18
M_029_A_XV,0.0,1992,4,19
M_029_A_XV,0.0,1992,4,20
M_029_A_XV,0.0,1992,4,21
M_029_A_XV,0.0,1992,4,22
M_029_A_XV,0.0,1992,4,23
M_029_A_XV,0.0,1992,4,24
M_029_A_XV,0.0,1992,4,25
M_029_A_XV,2.723932459950447,1992,4,26
M_029_A_XV,9.764719739556313,1992,4,27
M_029_A_XV,2.5532123427838087,1992,4,28
M_029_A_XV,0.0,1992,4,29
M_029_A_XV,0.0,1992,4,30
M_029_A_XV,0.0,1992,5,1
M_029_A_XV,0.0,1992,5,2
M_029_A_XV,0.0,1992,5,3
M_029_A_XV,0.0,1992,5,4
M_029_A_XV,0.0,1992,5,5
M_029_A_XV,0.0,1992,5,6
M_029_A_XV,0.0,1992,5,7
M_029_A_XV,0.0,1992,5,8
M_029_A_XV,0.0,1992,5,9
M_029_A_XV,0.5252886414527893,1992,5,10
M_029_A_XV,0.0842533931136131,1992,5,11
M_029_A_XV,0.0,1992,5,12
M_029_A_XV,0.0,1992,5,13
M_029_A_XV,0.0,1992,5,14
M_029_A_XV,0.0,1992,5,15
M_029_A_XV,0.0,1992,5,16
M_029_A_XV,0.0,1992,5,17
M_029_A_XV,0.0,1992,5,18
M_029_A_XV,0.0,1992,5,19
M_029_A_XV,0.0,1992,5,20
M_029_A_XV,0.0,1992,5,21
M_029_A_XV,0.0,1992,5,22
M_029_A_XV,0.0,1992,5,23
M_029_A_XV,0.0,1992,5,24
M_029_A_XV,0.0,1992,5,25
M_029_A_XV,0.0,1992,5,26
M_029_A_XV,0.0,1992,5,27
M_029_A_XV,0.0,1992,5,28
M_029_A_XV,0.0,1992,5,29
M_029_A_XV,0.0,1992,5,30
M_029_A_XV,0.0,1992,5,31
M_029_A_XV,0.008030280470848,1992,6,1
M_029_A_XV,0.1745593249797821,1992,6,2
M_029_A_XV,2.5163761004805565,1992,6,3
M_029_A_XV,3.168955743312836,1992,6,4
M_029_A_XV,0.0,1992,6,5
M_029_A_XV,0.0,1992,6,6
M_029_A_XV,0.0,1992,6,7
M_029_A_XV,0.0,1992,6,8
M_029_A_XV,0.0,1992,6,9
M_029_A_XV,0.0,1992,6,10
M_029_A_XV,0.0,1992,6,11
M_029_A_XV,0.0,1992,6,12
M_029_A_XV,0.0,1992,6,13
M_029_A_XV,0.0,1992,6,14
M_029_A_XV,0.0,1992,6,15
M_029_A_XV,0.0,1992,6,16
M_029_A_XV,0.0,1992,6,17
M_029_A_XV,0.0,1992,6,18
M_029_A_XV,0.0,1992,6,19
M_029_A_XV,0.0,1992,6,20
M_029_A_XV,0.0,1992,6,21
M_029_A_XV,0.0,1992,6,22
M_029_A_XV,0.0,1992,6,23
M_029_A_XV,0.0,1992,6,24
M_029_A_XV,0.0,1992,6,25
M_029_A_XV,0.0,1992,6,26
M_029_A_XV,0.0,1992,6,27
M_029_A_XV,0.0,1992,6,28
M_029_A_XV,0.3372759521007538,1992,6,29
M_029_A_XV,2.070430375635624,1992,6,30
M_029_A_XV,0.0002406535641057,1992,7,1
M_029_A_XV,0.0,1992,7,2
M_029_A_XV,0.0,1992,7,3
M_029_A_XV,0.0,1992,7,4
M_029_A_XV,0.0,1992,7,5
M_029_A_XV,0.0,1992,7,6
M_029_A_XV,0.0,1992,7,7
M_029_A_XV,0.0,1992,7,8
M_029_A_XV,0.0,1992,7,9
M_029_A_XV,0.0,1992,7,10
M_029_A_XV,0.0,1992,7,11
M_029_A_XV,0.0,1992,7,12
M_029_A_XV,0.0,1992,7,13
M_029_A_XV,0.0,1992,7,14
M_029_A_XV,0.0,1992,7,15
M_029_A_XV,0.0,1992,7,16
M_029_A_XV,0.0,1992,7,17
M_029_A_XV,0.0,1992,7,18
M_029_A_XV,0.0007219606777653,1992,7,19
M_029_A_XV,2.16003292798996,1992,7,20
M_029_A_XV,4.1197918355464935,1992,7,21
M_029_A_XV,0.1584397403494222,1992,7,22
M_029_A_XV,0.0,1992,7,23
M_029_A_XV,0.0,1992,7,24
M_029_A_XV,0.0,1992,7,25
M_029_A_XV,0.0,1992,7,26
M_029_A_XV,0.0,1992,7,27
M_029_A_XV,0.0,1992,7,28
M_029_A_XV,0.0,1992,7,29
M_029_A_XV,0.0,1992,7,30
M_029_A_XV,0.0,1992,7,31
M_029_A_XV,0.0,1992,8,1
M_029_A_XV,0.0,1992,8,2
M_029_A_XV,0.0,1992,8,3
M_029_A_XV,0.0,1992,8,4
M_029_A_XV,0.0,1992,8,5
M_029_A_XV,0.1534598469734192,1992,8,6
M_029_A_XV,0.0,1992,8,7
M_029_A_XV,0.0,1992,8,8
M_029_A_XV,0.0,1992,8,9
M_029_A_XV,0.0,1992,8,10
M_029_A_XV,0.0,1992,8,11
M_029_A_XV,0.0,1992,8,12
M_029_A_XV,0.0,1992,8,13
M_029_A_XV,0.0,1992,8,14
M_029_A_XV,0.0,1992,8,15
M_029_A_XV,0.0,1992,8,16
M_029_A_XV,0.0024065356701612,1992,8,17
M_029_A_XV,0.0,1992,8,18
M_029_A_XV,0.0827093422412872,1992,8,19
M_029_A_XV,2.914542406797409,1992,8,20
M_029_A_XV,3.871758222579956,1992,8,21
M_029_A_XV,0.0,1992,8,22
M_029_A_XV,3.18329206854105,1992,8,23
M_029_A_XV,10.062742590904236,1992,8,24
M_029_A_XV,1.5568812768906355,1992,8,25
M_029_A_XV,2.69740229845047,1992,8,26
M_029_A_XV,0.0,1992,8,27
M_029_A_XV,0.0,1992,8,28
M_029_A_XV,0.4757778644561767,1992,8,29
M_029_A_XV,0.0,1992,8,30
M_029_A_XV,0.0,1992,8,31
M_029_A_XV,0.0,1992,9,1
M_029_A_XV,0.0,1992,9,2
M_029_A_XV,0.0,1992,9,3
M_029_A_XV,0.0,1992,9,4
M_029_A_XV,0.0,1992,9,5
M_029_A_XV,0.0,1992,9,6
M_029_A_XV,0.0,1992,9,7
M_029_A_XV,0.077896274626255,1992,9,8
M_029_A_XV,0.0,1992,9,9
M_029_A_XV,0.0,1992,9,10
M_029_A_XV,0.0,1992,9,11
M_029_A_XV,0.0,1992,9,12
M_029_A_XV,0.0,1992,9,13
M_029_A_XV,0.0024065356701612,1992,9,14
M_029_A_XV,0.0955526959151029,1992,9,15
M_029_A_XV,0.0024065356701612,1992,9,16
M_029_A_XV,0.0,1992,9,17
M_029_A_XV,0.0,1992,9,18
M_029_A_XV,0.0,1992,9,19
M_029_A_XV,0.9922639168798923,1992,9,20
M_029_A_XV,0.8882875679992139,1992,9,21
M_029_A_XV,0.0,1992,9,22
M_029_A_XV,0.0,1992,9,23
M_029_A_XV,0.0,1992,9,24
M_029_A_XV,0.0,1992,9,25
M_029_A_XV,0.0,1992,9,26
M_029_A_XV,0.0,1992,9,27
M_029_A_XV,0.0,1992,9,28
M_029_A_XV,0.0,1992,9,29
M_029_A_XV,0.0,1992,9,30
M_029_A_XV,0.0,1992,10,1
M_029_A_XV,0.0,1992,10,2
M_029_A_XV,0.0,1992,10,3
M_029_A_XV,0.0,1992,10,4
M_029_A_XV,0.0,1992,10,5
M_029_A_XV,0.0,1992,10,6
M_029_A_XV,0.1324236690998077,1992,10,7
M_029_A_XV,2.9569761753082275,1992,10,8
M_029_A_XV,0.9213085481896996,1992,10,9
M_029_A_XV,0.0,1992,10,10
M_029_A_XV,0.0,1992,10,11
M_029_A_XV,1.9923880118876696,1992,10,12
M_029_A_XV,17.40479001402855,1992,10,13
M_029_A_XV,12.85056459903717,1992,10,14
M_029_A_XV,3.732934057712555,1992,10,15
M_029_A_XV,0.0,1992,10,16
M_029_A_XV,0.4345698952674866,1992,10,17
M_029_A_XV,0.8118158235447481,1992,10,18
M_029_A_XV,0.304387167096138,1992,10,19
M_029_A_XV,0.4847277924418449,1992,10,20
M_029_A_XV,9.752262711524963,1992,10,21
M_029_A_XV,0.9706171900033952,1992,10,22
M_029_A_XV,8.683139082044363,1992,10,23
M_029_A_XV,8.355472683906555,1992,10,24
M_029_A_XV,0.1951972916722297,1992,10,25
M_029_A_XV,0.0965690612792968,1992,10,26
M_029_A_XV,0.1974935363577969,1992,10,27
M_029_A_XV,0.0,1992,10,28
M_029_A_XV,0.0,1992,10,29
M_029_A_XV,0.0,1992,10,30
M_029_A_XV,0.0,1992,10,31
M_029_A_XV,0.0,1992,11,1
M_029_A_XV,0.0,1992,11,2
M_029_A_XV,0.0,1992,11,3
M_029_A_XV,0.0,1992,11,4
M_029_A_XV,0.0,1992,11,5
M_029_A_XV,0.0,1992,11,6
M_029_A_XV,0.0,1992,11,7
M_029_A_XV,0.0,1992,11,8
M_029_A_XV,0.0,1992,11,9
M_029_A_XV,0.0,1992,11,10
M_029_A_XV,2.3481879234313965,1992,11,11
M_029_A_XV,2.373257100582123,1992,11,12
M_029_A_XV,3.4360315427184105,1992,11,13
M_029_A_XV,1.338837556540966,1992,11,14
M_029_A_XV,5.83089217543602,1992,11,15
M_029_A_XV,2.605354561004788,1992,11,16
M_029_A_XV,10.000973612070084,1992,11,17
M_029_A_XV,5.17091466486454,1992,11,18
M_029_A_XV,17.864480018615723,1992,11,19
M_029_A_XV,0.5873656254261732,1992,11,20
M_029_A_XV,0.0101961628533899,1992,11,21
M_029_A_XV,9.192699655890465,1992,11,22
M_029_A_XV,7.749591886997223,1992,11,23
M_029_A_XV,1.817781125937472,1992,11,24
M_029_A_XV,1.80262740701437,1992,11,25
M_029_A_XV,10.285948872566223,1992,11,26
M_029_A_XV,0.2709674537181854,1992,11,27
M_029_A_XV,0.2553476393222809,1992,11,28
M_029_A_XV,0.0,1992,11,29
M_029_A_XV,0.0,1992,11,30
M_029_A_XV,0.008030280470848,1992,12,1
M_029_A_XV,0.4177389293909073,1992,12,2
M_029_A_XV,0.077896274626255,1992,12,3
M_029_A_XV,3.764794908463955,1992,12,4
M_029_A_XV,5.134833961725235,1992,12,5
M_029_A_XV,1.6120057785883546,1992,12,6
M_029_A_XV,3.8869135919958353,1992,12,7
M_029_A_XV,5.3178140968084335,1992,12,8
M_029_A_XV,0.0,1992,12,9
M_029_A_XV,0.0,1992,12,10
M_029_A_XV,0.0,1992,12,11
M_029_A_XV,0.0,1992,12,12
M_029_A_XV,2.586434282362461,1992,12,13
M_029_A_XV,5.566725065931678,1992,12,14
M_029_A_XV,5.042509973049164,1992,12,15
M_029_A_XV,0.8936242237687111,1992,12,16
M_029_A_XV,0.0,1992,12,17
M_029_A_XV,0.0,1992,12,18
M_029_A_XV,0.1069972217082977,1992,12,19
M_029_A_XV,1.0020789429545405,1992,12,20
M_029_A_XV,3.027126006782055,1992,12,21
M_029_A_XV,4.331169039011002,1992,12,22
M_029_A_XV,1.3119793981313703,1992,12,23
M_029_A_XV,2.7580164365353994,1992,12,24
M_029_A_XV,0.594084732234478,1992,12,25
M_029_A_XV,0.1663768962025642,1992,12,26
M_029_A_XV,0.8952323496341705,1992,12,27
M_029_A_XV,5.482146173715591,1992,12,28
M_029_A_XV,2.9582753852009773,1992,12,29
M_029_A_XV,0.8021217916393653,1992,12,30
M_029_A_XV,0.8383142724633217,1992,12,31
M_029_A_XV,5.156944354996085,1993,1,1
M_029_A_XV,3.436364032328129,1993,1,2
M_029_A_XV,4.120198845863342,1993,1,3
M_029_A_XV,9.186764389276505,1993,1,4
M_029_A_XV,7.4845603704452515,1993,1,5
M_029_A_XV,1.1148681989870963,1993,1,6
M_029_A_XV,5.456453919410706,1993,1,7
M_029_A_XV,0.4441031590104103,1993,1,8
M_029_A_XV,9.514900624752045,1993,1,9
M_029_A_XV,18.73597478866577,1993,1,10
M_029_A_XV,9.284656651318071,1993,1,11
M_029_A_XV,2.798377923667431,1993,1,12
M_029_A_XV,10.934035256505013,1993,1,13
M_029_A_XV,6.1253745555877686,1993,1,14
M_029_A_XV,9.151428513228892,1993,1,15
M_029_A_XV,5.440572684630752,1993,1,16
M_029_A_XV,12.7148215174675,1993,1,17
M_029_A_XV,23.154920553788543,1993,1,18
M_029_A_XV,2.6330350139178336,1993,1,19
M_029_A_XV,19.749462962150574,1993,1,20
M_029_A_XV,7.451018905267119,1993,1,21
M_029_A_XV,7.483205035328865,1993,1,22
M_029_A_XV,19.50456696748733,1993,1,23
M_029_A_XV,5.39425759576261,1993,1,24
M_029_A_XV,5.293674528598785,1993,1,25
M_029_A_XV,6.016844009980559,1993,1,26
M_029_A_XV,13.464317172765732,1993,1,27
M_029_A_XV,6.401831984519959,1993,1,28
M_029_A_XV,5.908996682614088,1993,1,29
M_029_A_XV,23.17991866916418,1993,1,30
M_029_A_XV,1.590566784143448,1993,1,31
M_029_A_XV,1.1596320569515228,1993,2,1
M_029_A_XV,0.7654773192480206,1993,2,2
M_029_A_XV,1.3468951880931854,1993,2,3
M_029_A_XV,7.974409341812134,1993,2,4
M_029_A_XV,12.34106856584549,1993,2,5
M_029_A_XV,0.6313276663422585,1993,2,6
M_029_A_XV,0.0,1993,2,7
M_029_A_XV,0.0,1993,2,8
M_029_A_XV,0.0019106898689642,1993,2,9
M_029_A_XV,1.3017155710840598,1993,2,10
M_029_A_XV,0.5598366856575012,1993,2,11
M_029_A_XV,4.852207779884338,1993,2,12
M_029_A_XV,1.2336745858192444,1993,2,13
M_029_A_XV,0.007642759475857,1993,2,14
M_029_A_XV,0.0048130713403224,1993,2,15
M_029_A_XV,0.2346514455857686,1993,2,16
M_029_A_XV,0.0,1993,2,17
M_029_A_XV,0.0019106898689642,1993,2,18
M_029_A_XV,3.5363121908158064,1993,2,19
M_029_A_XV,7.869507074356079,1993,2,20
M_029_A_XV,9.989250533282757,1993,2,21
M_029_A_XV,18.749318432062864,1993,2,22
M_029_A_XV,13.274829387664797,1993,2,23
M_029_A_XV,0.3183941468596458,1993,2,24
M_029_A_XV,3.857602323987521,1993,2,25
M_029_A_XV,4.301215052604675,1993,2,26
M_029_A_XV,12.127233982086182,1993,2,27
M_029_A_XV,8.889357805252075,1993,2,28
M_029_A_XV,10.670731604099274,1993,3,1
M_029_A_XV,5.8472600877285,1993,3,2
M_029_A_XV,14.56265858747065,1993,3,3
M_029_A_XV,2.7197943925857544,1993,3,4
M_029_A_XV,6.70896402746439,1993,3,5
M_029_A_XV,6.6127084493637085,1993,3,6
M_029_A_XV,13.975542426109314,1993,3,7
M_029_A_XV,13.225623302161694,1993,3,8
M_029_A_XV,3.1411881744861603,1993,3,9
M_029_A_XV,2.010616421699524,1993,3,10
M_029_A_XV,0.3445144891738891,1993,3,11
M_029_A_XV,0.0530325497966259,1993,3,12
M_029_A_XV,0.1787208318710327,1993,3,13
M_029_A_XV,0.6299236112972721,1993,3,14
M_029_A_XV,2.1404435485601425,1993,3,15
M_029_A_XV,7.573997169733047,1993,3,16
M_029_A_XV,10.565006911754608,1993,3,17
M_029_A_XV,3.2808832554146647,1993,3,18
M_029_A_XV,6.972405895590782,1993,3,19
M_029_A_XV,4.164191007614136,1993,3,20
M_029_A_XV,7.174763649702072,1993,3,21
M_029_A_XV,4.6656677182763815,1993,3,22
M_029_A_XV,14.349956203252075,1993,3,23
M_029_A_XV,20.36599826812744,1993,3,24
M_029_A_XV,15.627006895840168,1993,3,25
M_029_A_XV,10.093887075781822,1993,3,26
M_029_A_XV,3.710920497775078,1993,3,27
M_029_A_XV,0.2507850788533687,1993,3,28
M_029_A_XV,13.5129477083683,1993,3,29
M_029_A_XV,14.69360649585724,1993,3,30
M_029_A_XV,6.862300857901573,1993,3,31
M_029_A_XV,5.066617764532566,1993,4,1
M_029_A_XV,10.616235092282295,1993,4,2
M_029_A_XV,4.582456432282925,1993,4,3
M_029_A_XV,9.76795295625925,1993,4,4
M_029_A_XV,10.174088150262833,1993,4,5
M_029_A_XV,3.876405495684594,1993,4,6
M_029_A_XV,2.361363410949707,1993,4,7
M_029_A_XV,2.466567389667034,1993,4,8
M_029_A_XV,3.674776405096054,1993,4,9
M_029_A_XV,1.883544236421585,1993,4,10
M_029_A_XV,0.0311585087329149,1993,4,11
M_029_A_XV,3.4215428829193115,1993,4,12
M_029_A_XV,4.06226110458374,1993,4,13
M_029_A_XV,0.0,1993,4,14
M_029_A_XV,1.8179407119750977,1993,4,15
M_029_A_XV,2.949665561318397,1993,4,16
M_029_A_XV,3.850590541958809,1993,4,17
M_029_A_XV,3.537583902478218,1993,4,18
M_029_A_XV,3.975731611251831,1993,4,19
M_029_A_XV,0.0,1993,4,20
M_029_A_XV,0.8622623682022095,1993,4,21
M_029_A_XV,0.0827093422412872,1993,4,22
M_029_A_XV,0.0,1993,4,23
M_029_A_XV,0.0,1993,4,24
M_029_A_XV,0.0,1993,4,25
M_029_A_XV,0.0,1993,4,26
M_029_A_XV,0.0,1993,4,27
M_029_A_XV,1.9657493010163307,1993,4,28
M_029_A_XV,8.807068824768066,1993,4,29
M_029_A_XV,0.5657963044941425,1993,4,30
M_029_A_XV,2.200561918318272,1993,5,1
M_029_A_XV,0.0808930993080139,1993,5,2
M_029_A_XV,0.0,1993,5,3
M_029_A_XV,0.0,1993,5,4
M_029_A_XV,0.0,1993,5,5
M_029_A_XV,0.0,1993,5,6
M_029_A_XV,0.0,1993,5,7
M_029_A_XV,0.0,1993,5,8
M_029_A_XV,2.81598831305746,1993,5,9
M_029_A_XV,0.2370001375675201,1993,5,10
M_029_A_XV,0.0,1993,5,11
M_029_A_XV,0.0,1993,5,12
M_029_A_XV,0.0,1993,5,13
M_029_A_XV,0.0,1993,5,14
M_029_A_XV,0.0,1993,5,15
M_029_A_XV,0.0,1993,5,16
M_029_A_XV,0.0,1993,5,17
M_029_A_XV,0.0,1993,5,18
M_029_A_XV,0.0,1993,5,19
M_029_A_XV,0.0,1993,5,20
M_029_A_XV,0.0,1993,5,21
M_029_A_XV,0.0,1993,5,22
M_029_A_XV,0.0,1993,5,23
M_029_A_XV,0.0,1993,5,24
M_029_A_XV,0.0,1993,5,25
M_029_A_XV,0.0,1993,5,26
M_029_A_XV,1.091338483034633,1993,5,27
M_029_A_XV,0.026419274508953,1993,5,28
M_029_A_XV,0.0,1993,5,29
M_029_A_XV,0.0,1993,5,30
M_029_A_XV,0.0,1993,5,31
M_029_A_XV,0.0,1993,6,1
M_029_A_XV,0.0,1993,6,2
M_029_A_XV,0.0,1993,6,3
M_029_A_XV,0.0,1993,6,4
M_029_A_XV,0.0,1993,6,5
M_029_A_XV,0.0,1993,6,6
M_029_A_XV,0.0,1993,6,7
M_029_A_XV,0.1945966482162475,1993,6,8
M_029_A_XV,9.820487432181835,1993,6,9
M_029_A_XV,0.0,1993,6,10
M_029_A_XV,0.0,1993,6,11
M_029_A_XV,0.4121753945946693,1993,6,12
M_029_A_XV,1.0806706082075834,1993,6,13
M_029_A_XV,0.3199853003025055,1993,6,14
M_029_A_XV,0.3139916360378265,1993,6,15
M_029_A_XV,2.514417052268982,1993,6,16
M_029_A_XV,0.0501659400761127,1993,6,17
M_029_A_XV,0.0,1993,6,18
M_029_A_XV,0.0,1993,6,19
M_029_A_XV,0.0,1993,6,20
M_029_A_XV,0.0,1993,6,21
M_029_A_XV,0.0,1993,6,22
M_029_A_XV,0.0,1993,6,23
M_029_A_XV,0.0,1993,6,24
M_029_A_XV,0.0,1993,6,25
M_029_A_XV,0.0,1993,6,26
M_029_A_XV,0.0,1993,6,27
M_029_A_XV,0.0,1993,6,28
M_029_A_XV,0.0,1993,6,29
M_029_A_XV,0.0,1993,6,30
M_029_A_XV,0.0,1993,7,1
M_029_A_XV,0.0,1993,7,2
M_029_A_XV,0.0,1993,7,3
M_029_A_XV,0.077896274626255,1993,7,4
M_029_A_XV,1.1847992613911629,1993,7,5
M_029_A_XV,0.0233688820153474,1993,7,6
M_029_A_XV,0.0,1993,7,7
M_029_A_XV,0.0,1993,7,8
M_029_A_XV,0.0,1993,7,9
M_029_A_XV,0.0,1993,7,10
M_029_A_XV,0.0,1993,7,11
M_029_A_XV,0.0,1993,7,12
M_029_A_XV,0.0,1993,7,13
M_029_A_XV,0.0,1993,7,14
M_029_A_XV,0.0,1993,7,15
M_029_A_XV,0.0,1993,7,16
M_029_A_XV,0.0,1993,7,17
M_029_A_XV,0.0,1993,7,18
M_029_A_XV,0.0,1993,7,19
M_029_A_XV,0.0,1993,7,20
M_029_A_XV,0.0,1993,7,21
M_029_A_XV,0.0,1993,7,22
M_029_A_XV,0.0,1993,7,23
M_029_A_XV,0.0,1993,7,24
M_029_A_XV,0.0,1993,7,25
M_029_A_XV,0.0,1993,7,26
M_029_A_XV,0.0,1993,7,27
M_029_A_XV,0.0,1993,7,28
M_029_A_XV,0.0,1993,7,29
M_029_A_XV,0.0,1993,7,30
M_029_A_XV,0.0,1993,7,31
M_029_A_XV,0.0,1993,8,1
M_029_A_XV,0.0,1993,8,2
M_029_A_XV,0.0,1993,8,3
M_029_A_XV,0.0,1993,8,4
M_029_A_XV,0.0,1993,8,5
M_029_A_XV,0.0,1993,8,6
M_029_A_XV,0.0,1993,8,7
M_029_A_XV,0.0,1993,8,8
M_029_A_XV,0.0,1993,8,9
M_029_A_XV,2.030803330242634,1993,8,10
M_029_A_XV,6.516062751412392,1993,8,11
M_029_A_XV,7.968334190547466,1993,8,12
M_029_A_XV,0.0,1993,8,13
M_029_A_XV,0.0,1993,8,14
M_029_A_XV,0.0,1993,8,15
M_029_A_XV,0.0,1993,8,16
M_029_A_XV,1.9219441562891009,1993,8,17
M_029_A_XV,4.637410581111908,1993,8,18
M_029_A_XV,3.152867965400219,1993,8,19
M_029_A_XV,2.5232986584305763,1993,8,20
M_029_A_XV,3.295135021209717,1993,8,21
M_029_A_XV,0.077896274626255,1993,8,22
M_029_A_XV,0.0,1993,8,23
M_029_A_XV,0.0,1993,8,24
M_029_A_XV,0.0,1993,8,25
M_029_A_XV,0.0,1993,8,26
M_029_A_XV,0.0,1993,8,27
M_029_A_XV,0.0,1993,8,28
M_029_A_XV,0.0,1993,8,29
M_029_A_XV,0.0077896271832287,1993,8,30
M_029_A_XV,0.1683952515013516,1993,8,31
M_029_A_XV,0.0007219606777653,1993,9,1
M_029_A_XV,0.0,1993,9,2
M_029_A_XV,0.0,1993,9,3
M_029_A_XV,0.0,1993,9,4
M_029_A_XV,0.0,1993,9,5
M_029_A_XV,0.0,1993,9,6
M_029_A_XV,0.0,1993,9,7
M_029_A_XV,2.3125158697366714,1993,9,8
M_029_A_XV,6.7485164403915405,1993,9,9
M_029_A_XV,5.616491429507732,1993,9,10
M_029_A_XV,4.493425905704498,1993,9,11
M_029_A_XV,14.590036928653715,1993,9,12
M_029_A_XV,0.0,1993,9,13
M_029_A_XV,0.0,1993,9,14
M_029_A_XV,0.0,1993,9,15
M_029_A_XV,0.0,1993,9,16
M_029_A_XV,0.0591509044170379,1993,9,17
M_029_A_XV,0.1386325061321258,1993,9,18
M_029_A_XV,0.0,1993,9,19
M_029_A_XV,0.1123512908816337,1993,9,20
M_029_A_XV,0.077896274626255,1993,9,21
M_029_A_XV,0.0,1993,9,22
M_029_A_XV,0.0,1993,9,23
M_029_A_XV,0.0005902905249968,1993,9,24
M_029_A_XV,0.930262915790081,1993,9,25
M_029_A_XV,0.0781369281903607,1993,9,26
M_029_A_XV,0.0,1993,9,27
M_029_A_XV,0.0,1993,9,28
M_029_A_XV,0.0,1993,9,29
M_029_A_XV,0.0,1993,9,30
M_029_A_XV,0.0,1993,10,1
M_029_A_XV,0.0,1993,10,2
M_029_A_XV,0.0,1993,10,3
M_029_A_XV,0.0097003169357776,1993,10,4
M_029_A_XV,3.052436023950577,1993,10,5
M_029_A_XV,7.074684917926788,1993,10,6
M_029_A_XV,16.201979160308838,1993,10,7
M_029_A_XV,12.97887697815895,1993,10,8
M_029_A_XV,4.850923597812653,1993,10,9
M_029_A_XV,0.4256503209471702,1993,10,10
M_029_A_XV,9.603659868240356,1993,10,11
M_029_A_XV,1.0624099727720022,1993,10,12
M_029_A_XV,0.0,1993,10,13
M_029_A_XV,0.1056414134800434,1993,10,14
M_029_A_XV,0.2360953688621521,1993,10,15
M_029_A_XV,0.077896274626255,1993,10,16
M_029_A_XV,0.0,1993,10,17
M_029_A_XV,0.3788286166964099,1993,10,18
M_029_A_XV,1.8950694799423216,1993,10,19
M_029_A_XV,0.0,1993,10,20
M_029_A_XV,0.1958736190572381,1993,10,21
M_029_A_XV,0.0,1993,10,22
M_029_A_XV,0.0,1993,10,23
M_029_A_XV,0.0,1993,10,24
M_029_A_XV,0.0,1993,10,25
M_029_A_XV,3.1445553302764893,1993,10,26
M_029_A_XV,4.539877058006823,1993,10,27
M_029_A_XV,1.5241971984505651,1993,10,28
M_029_A_XV,0.8462670479202643,1993,10,29
M_029_A_XV,1.9187745451927185,1993,10,30
M_029_A_XV,0.0,1993,10,31
M_029_A_XV,0.1508907675743103,1993,11,1
M_029_A_XV,2.511129728052765,1993,11,2
M_029_A_XV,1.16609388589859,1993,11,3
M_029_A_XV,0.3901984652038663,1993,11,4
M_029_A_XV,0.2322201542556285,1993,11,5
M_029_A_XV,1.9143729656934736,1993,11,6
M_029_A_XV,5.828878737986088,1993,11,7
M_029_A_XV,8.773378625512123,1993,11,8
M_029_A_XV,18.637332141399384,1993,11,9
M_029_A_XV,11.009255528450012,1993,11,10
M_029_A_XV,2.499900259077549,1993,11,11
M_029_A_XV,15.120696157217026,1993,11,12
M_029_A_XV,5.340899333357811,1993,11,13
M_029_A_XV,1.6123507842421532,1993,11,14
M_029_A_XV,2.634539008140564,1993,11,15
M_029_A_XV,0.3492883653379977,1993,11,16
M_029_A_XV,5.034074552357197,1993,11,17
M_029_A_XV,0.8019470758736134,1993,11,18
M_029_A_XV,7.086350277066231,1993,11,19
M_029_A_XV,7.230952799320221,1993,11,20
M_029_A_XV,12.606270302087069,1993,11,21
M_029_A_XV,12.520231872797012,1993,11,22
M_029_A_XV,8.780843498185277,1993,11,23
M_029_A_XV,9.357741951942444,1993,11,24
M_029_A_XV,12.538768500089644,1993,11,25
M_029_A_XV,9.181825876235962,1993,11,26
M_029_A_XV,15.414480775594711,1993,11,27
M_029_A_XV,10.727405965328217,1993,11,28
M_029_A_XV,3.878146593109705,1993,11,29
M_029_A_XV,0.0,1993,11,30
M_029_A_XV,0.1781984716653823,1993,12,1
M_029_A_XV,4.925131307914853,1993,12,2
M_029_A_XV,7.996946215629578,1993,12,3
M_029_A_XV,1.40738382935524,1993,12,4
M_029_A_XV,2.0351715981960297,1993,12,5
M_029_A_XV,1.5005921870470047,1993,12,6
M_029_A_XV,4.6128334403038025,1993,12,7
M_029_A_XV,4.986382108181715,1993,12,8
M_029_A_XV,2.8268100917339325,1993,12,9
M_029_A_XV,3.18985811911989,1993,12,10
M_029_A_XV,8.670151948928833,1993,12,11
M_029_A_XV,6.489786714315414,1993,12,12
M_029_A_XV,5.394680604338646,1993,12,13
M_029_A_XV,0.8668689243495464,1993,12,14
M_029_A_XV,5.796873738057911,1993,12,15
M_029_A_XV,8.395850509405136,1993,12,16
M_029_A_XV,23.89173531532288,1993,12,17
M_029_A_XV,6.309703975915909,1993,12,18
M_029_A_XV,0.3708964763209224,1993,12,19
M_029_A_XV,1.0184816772089107,1993,12,20
M_029_A_XV,6.024516820907593,1993,12,21
M_029_A_XV,5.45686936751008,1993,12,22
M_029_A_XV,22.647802233695984,1993,12,23
M_029_A_XV,17.03456711769104,1993,12,24
M_029_A_XV,8.190003007650375,1993,12,25
M_029_A_XV,8.881323099136353,1993,12,26
M_029_A_XV,8.099439978599548,1993,12,27
M_029_A_XV,1.1480194106698036,1993,12,28
M_029_A_XV,0.735505074262619,1993,12,29
M_029_A_XV,9.008156210184096,1993,12,30
M_029_A_XV,19.62530791759491,1993,12,31
M_029_A_XV,9.428967244923117,1994,1,1
M_029_A_XV,7.706997066736221,1994,1,2
M_029_A_XV,8.371745027601719,1994,1,3
M_029_A_XV,15.376097083091736,1994,1,4
M_029_A_XV,11.90671855211258,1994,1,5
M_029_A_XV,3.605924080125988,1994,1,6
M_029_A_XV,5.95875957608223,1994,1,7
M_029_A_XV,0.8810412101447582,1994,1,8
M_029_A_XV,5.6176575012505054,1994,1,9
M_029_A_XV,4.666764941066504,1994,1,10
M_029_A_XV,0.5214729085564613,1994,1,11
M_029_A_XV,0.0,1994,1,12
M_029_A_XV,0.0,1994,1,13
M_029_A_XV,4.181504935026169,1994,1,14
M_029_A_XV,11.587215721607208,1994,1,15
M_029_A_XV,15.332411289215088,1994,1,16
M_029_A_XV,5.926551163196564,1994,1,17
M_029_A_XV,13.985857963562012,1994,1,18
M_029_A_XV,29.90813714265824,1994,1,19
M_029_A_XV,3.075116476044059,1994,1,20
M_029_A_XV,1.4953189976513386,1994,1,21
M_029_A_XV,1.5883758999407291,1994,1,22
M_029_A_XV,3.099471639841795,1994,1,23
M_029_A_XV,7.832403600215912,1994,1,24
M_029_A_XV,7.233875840902328,1994,1,25
M_029_A_XV,7.075914040207863,1994,1,26
M_029_A_XV,15.529942154884338,1994,1,27
M_029_A_XV,4.600640907883644,1994,1,28
M_029_A_XV,2.264251473359764,1994,1,29
M_029_A_XV,10.815851673483849,1994,1,30
M_029_A_XV,17.427898168563843,1994,1,31
M_029_A_XV,12.548278212547302,1994,2,1
M_029_A_XV,5.617182970046997,1994,2,2
M_029_A_XV,3.3448844887316227,1994,2,3
M_029_A_XV,3.634559702128172,1994,2,4
M_029_A_XV,25.326760292053223,1994,2,5
M_029_A_XV,4.662929595448077,1994,2,6
M_029_A_XV,7.546282283961773,1994,2,7
M_029_A_XV,8.390633761882782,1994,2,8
M_029_A_XV,17.169386759400368,1994,2,9
M_029_A_XV,10.660570055246351,1994,2,10
M_029_A_XV,4.681726932525635,1994,2,11
M_029_A_XV,4.477617800235748,1994,2,12
M_029_A_XV,7.666198097169399,1994,2,13
M_029_A_XV,6.730381548404694,1994,2,14
M_029_A_XV,18.644376039505005,1994,2,15
M_029_A_XV,4.9311183989048,1994,2,16
M_029_A_XV,9.0982266664505,1994,2,17
M_029_A_XV,5.433297738432884,1994,2,18
M_029_A_XV,16.65697932243347,1994,2,19
M_029_A_XV,13.05973082780838,1994,2,20
M_029_A_XV,1.4234994743019342,1994,2,21
M_029_A_XV,0.0076427595922723,1994,2,22
M_029_A_XV,0.0019106898689642,1994,2,23
M_029_A_XV,0.2336888313293457,1994,2,24
M_029_A_XV,6.258950501680374,1994,2,25
M_029_A_XV,7.109724174835719,1994,2,26
M_029_A_XV,8.147540129721165,1994,2,27
M_029_A_XV,4.112834930419922,1994,2,28
M_029_A_XV,9.15788561105728,1994,3,1
M_029_A_XV,6.28086669370532,1994,3,2
M_029_A_XV,3.9179639667272568,1994,3,3
M_029_A_XV,2.739061137661338,1994,3,4
M_029_A_XV,11.053348302841188,1994,3,5
M_029_A_XV,7.096788749098778,1994,3,6
M_029_A_XV,24.430460691452023,1994,3,7
M_029_A_XV,15.266311168670654,1994,3,8
M_029_A_XV,3.721729939803481,1994,3,9
M_029_A_XV,5.271105300635099,1994,3,10
M_029_A_XV,0.0573207009583711,1994,3,11
M_029_A_XV,0.4901949316263199,1994,3,12
M_029_A_XV,3.8646782860159874,1994,3,13
M_029_A_XV,10.937468409538267,1994,3,14
M_029_A_XV,15.980605006217957,1994,3,15
M_029_A_XV,7.083886504173279,1994,3,16
M_029_A_XV,5.692480763886124,1994,3,17
M_029_A_XV,15.459194779396055,1994,3,18
M_029_A_XV,0.1748994495719671,1994,3,19
M_029_A_XV,0.0233688820153474,1994,3,20
M_029_A_XV,4.062489200383425,1994,3,21
M_029_A_XV,8.751883149147034,1994,3,22
M_029_A_XV,0.9260286837816238,1994,3,23
M_029_A_XV,2.43251858279109,1994,3,24
M_029_A_XV,2.7573747038841248,1994,3,25
M_029_A_XV,10.636310279369354,1994,3,26
M_029_A_XV,21.64804109930992,1994,3,27
M_029_A_XV,15.109923839569092,1994,3,28
M_029_A_XV,16.897828102111816,1994,3,29
M_029_A_XV,5.968624472618103,1994,3,30
M_029_A_XV,3.95482249557972,1994,3,31
M_029_A_XV,6.354928702116013,1994,4,1
M_029_A_XV,0.9058644622564316,1994,4,2
M_029_A_XV,0.1281630946323275,1994,4,3
M_029_A_XV,1.748799853026867,1994,4,4
M_029_A_XV,9.597060799598694,1994,4,5
M_029_A_XV,0.2054036110639572,1994,4,6
M_029_A_XV,5.877311691641808,1994,4,7
M_029_A_XV,14.82874584197998,1994,4,8
M_029_A_XV,5.345508970320225,1994,4,9
M_029_A_XV,6.441387668717653,1994,4,10
M_029_A_XV,17.575893759727478,1994,4,11
M_029_A_XV,0.8897007103078067,1994,4,12
M_029_A_XV,0.0862964615225792,1994,4,13
M_029_A_XV,1.5825911927968264,1994,4,14
M_029_A_XV,2.02123196516186,1994,4,15
M_029_A_XV,10.829134702682495,1994,4,16
M_029_A_XV,0.0,1994,4,17
M_029_A_XV,1.5290656089782717,1994,4,18
M_029_A_XV,3.107256964314729,1994,4,19
M_029_A_XV,1.893623219802976,1994,4,20
M_029_A_XV,6.3424365520477295,1994,4,21
M_029_A_XV,17.865373492240906,1994,4,22
M_029_A_XV,15.098368048667908,1994,4,23
M_029_A_XV,5.692033410072327,1994,4,24
M_029_A_XV,3.6121655702590942,1994,4,25
M_029_A_XV,0.9846159145236016,1994,4,26
M_029_A_XV,0.1563828364014625,1994,4,27
M_029_A_XV,5.315901733934879,1994,4,28
M_029_A_XV,2.205057891085744,1994,4,29
M_029_A_XV,1.1521304361522198,1994,4,30
M_029_A_XV,0.0,1994,5,1
M_029_A_XV,0.0,1994,5,2
M_029_A_XV,0.0,1994,5,3
M_029_A_XV,0.0,1994,5,4
M_029_A_XV,0.6865471893688664,1994,5,5
M_029_A_XV,3.531548351049423,1994,5,6
M_029_A_XV,1.0001938175410032,1994,5,7
M_029_A_XV,1.8032606840133667,1994,5,8
M_029_A_XV,0.0477594062685966,1994,5,9
M_029_A_XV,0.0581181198358535,1994,5,10
M_029_A_XV,0.0,1994,5,11
M_029_A_XV,0.0,1994,5,12
M_029_A_XV,0.0,1994,5,13
M_029_A_XV,0.0,1994,5,14
M_029_A_XV,0.0,1994,5,15
M_029_A_XV,0.0,1994,5,16
M_029_A_XV,0.0,1994,5,17
M_029_A_XV,0.0,1994,5,18
M_029_A_XV,0.0,1994,5,19
M_029_A_XV,0.0,1994,5,20
M_029_A_XV,0.0,1994,5,21
M_029_A_XV,0.0,1994,5,22
M_029_A_XV,0.0,1994,5,23
M_029_A_XV,0.0,1994,5,24
M_029_A_XV,0.0,1994,5,25
M_029_A_XV,0.0,1994,5,26
M_029_A_XV,0.0,1994,5,27
M_029_A_XV,0.0,1994,5,28
M_029_A_XV,0.0,1994,5,29
M_029_A_XV,0.0,1994,5,30
M_029_A_XV,0.0,1994,5,31
M_029_A_XV,0.0,1994,6,1
M_029_A_XV,0.0,1994,6,2
M_029_A_XV,0.0,1994,6,3
M_029_A_XV,0.0024065356701612,1994,6,4
M_029_A_XV,0.0,1994,6,5
M_029_A_XV,0.0,1994,6,6
M_029_A_XV,0.0,1994,6,7
M_029_A_XV,0.0,1994,6,8
M_029_A_XV,0.0024065356701612,1994,6,9
M_029_A_XV,0.0,1994,6,10
M_029_A_XV,0.0612175390124321,1994,6,11
M_029_A_XV,1.91533786803484,1994,6,12
M_029_A_XV,2.784482002258301,1994,6,13
M_029_A_XV,0.0,1994,6,14
M_029_A_XV,0.0,1994,6,15
M_029_A_XV,0.0,1994,6,16
M_029_A_XV,0.4716783966869116,1994,6,17
M_029_A_XV,0.8464620783925056,1994,6,18
M_029_A_XV,0.4875883311033249,1994,6,19
M_029_A_XV,0.0,1994,6,20
M_029_A_XV,0.0,1994,6,21
M_029_A_XV,0.0,1994,6,22
M_029_A_XV,0.0,1994,6,23
M_029_A_XV,0.0,1994,6,24
M_029_A_XV,0.0,1994,6,25
M_029_A_XV,0.0,1994,6,26
M_029_A_XV,0.0,1994,6,27
M_029_A_XV,0.0,1994,6,28
M_029_A_XV,0.0,1994,6,29
M_029_A_XV,0.0,1994,6,30
M_029_A_XV,0.0803028121590614,1994,7,1
M_029_A_XV,0.0318804681301116,1994,7,2
M_029_A_XV,0.077896274626255,1994,7,3
M_029_A_XV,0.8052101731300354,1994,7,4
M_029_A_XV,0.4712335020303726,1994,7,5
M_029_A_XV,0.0,1994,7,6
M_029_A_XV,0.0,1994,7,7
M_029_A_XV,0.0,1994,7,8
M_029_A_XV,0.0,1994,7,9
M_029_A_XV,0.0,1994,7,10
M_029_A_XV,0.0,1994,7,11
M_029_A_XV,0.0,1994,7,12
M_029_A_XV,0.0,1994,7,13
M_029_A_XV,0.0,1994,7,14
M_029_A_XV,0.0,1994,7,15
M_029_A_XV,0.0,1994,7,16
M_029_A_XV,0.0,1994,7,17
M_029_A_XV,0.0,1994,7,18
M_029_A_XV,0.0,1994,7,19
M_029_A_XV,0.0,1994,7,20
M_029_A_XV,0.0,1994,7,21
M_029_A_XV,0.0,1994,7,22
M_029_A_XV,0.0,1994,7,23
M_029_A_XV,0.0,1994,7,24
M_029_A_XV,0.0,1994,7,25
M_029_A_XV,0.0,1994,7,26
M_029_A_XV,0.0,1994,7,27
M_029_A_XV,0.0,1994,7,28
M_029_A_XV,0.0526469200849533,1994,7,29
M_029_A_XV,0.0784865617752075,1994,7,30
M_029_A_XV,0.0,1994,7,31
M_029_A_XV,0.0,1994,8,1
M_029_A_XV,0.0,1994,8,2
M_029_A_XV,0.0,1994,8,3
M_029_A_XV,0.0,1994,8,4
M_029_A_XV,0.0,1994,8,5
M_029_A_XV,0.0,1994,8,6
M_029_A_XV,0.1085501238703727,1994,8,7
M_029_A_XV,0.02433149702847,1994,8,8
M_029_A_XV,0.0,1994,8,9
M_029_A_XV,0.0,1994,8,10
M_029_A_XV,0.1332751009213097,1994,8,11
M_029_A_XV,0.0097003169357776,1994,8,12
M_029_A_XV,0.4154995293356478,1994,8,13
M_029_A_XV,4.291520789265633,1994,8,14
M_029_A_XV,1.6563917361199856,1994,8,15
M_029_A_XV,0.1981837600469589,1994,8,16
M_029_A_XV,0.0,1994,8,17
M_029_A_XV,0.0,1994,8,18
M_029_A_XV,0.0,1994,8,19
M_029_A_XV,0.1167003586888313,1994,8,20
M_029_A_XV,0.019106900319457,1994,8,21
M_029_A_XV,0.0,1994,8,22
M_029_A_XV,0.0,1994,8,23
M_029_A_XV,0.0,1994,8,24
M_029_A_XV,0.0,1994,8,25
M_029_A_XV,0.0,1994,8,26
M_029_A_XV,0.0,1994,8,27
M_029_A_XV,0.0139984674751758,1994,8,28
M_029_A_XV,0.1161100715398788,1994,8,29
M_029_A_XV,0.0401244905078783,1994,8,30
M_029_A_XV,0.8258789628744125,1994,8,31
M_029_A_XV,0.0,1994,9,1
M_029_A_XV,1.220981851030956,1994,9,2
M_029_A_XV,0.2399057266302406,1994,9,3
M_029_A_XV,0.1617861986160278,1994,9,4
M_029_A_XV,0.0,1994,9,5
M_029_A_XV,0.0,1994,9,6
M_029_A_XV,0.0,1994,9,7
M_029_A_XV,0.3154744207859039,1994,9,8
M_029_A_XV,0.6879814565181732,1994,9,9
M_029_A_XV,0.0252795722335577,1994,9,10
M_029_A_XV,0.0253386013209819,1994,9,11
M_029_A_XV,0.6370799541473389,1994,9,12
M_029_A_XV,0.0,1994,9,13
M_029_A_XV,0.0,1994,9,14
M_029_A_XV,0.0,1994,9,15
M_029_A_XV,0.089223062430392,1994,9,16
M_029_A_XV,2.121291160583496,1994,9,17
M_029_A_XV,11.905634574592112,1994,9,18
M_029_A_XV,1.6679874919354916,1994,9,19
M_029_A_XV,2.6272812094539404,1994,9,20
M_029_A_XV,1.6775475591421127,1994,9,21
M_029_A_XV,0.2592691630125046,1994,9,22
M_029_A_XV,1.456056997179985,1994,9,23
M_029_A_XV,0.0,1994,9,24
M_029_A_XV,0.0808930993080139,1994,9,25
M_029_A_XV,1.188105709850788,1994,9,26
M_029_A_XV,0.1182266622781753,1994,9,27
M_029_A_XV,0.4948847517371177,1994,9,28
M_029_A_XV,0.2139268908249505,1994,9,29
M_029_A_XV,0.7102802991867065,1994,9,30
M_029_A_XV,0.0827093422412872,1994,10,1
M_029_A_XV,0.0,1994,10,2
M_029_A_XV,0.0,1994,10,3
M_029_A_XV,1.0632676929235458,1994,10,4
M_029_A_XV,1.98842934332788,1994,10,5
M_029_A_XV,0.5452739149332047,1994,10,6
M_029_A_XV,0.4230538159608841,1994,10,7
M_029_A_XV,0.3101164400577545,1994,10,8
M_029_A_XV,0.2322201430797577,1994,10,9
M_029_A_XV,0.0,1994,10,10
M_029_A_XV,0.0,1994,10,11
M_029_A_XV,3.187719303765334,1994,10,12
M_029_A_XV,8.163653790950775,1994,10,13
M_029_A_XV,3.975133121013642,1994,10,14
M_029_A_XV,0.0007219606777653,1994,10,15
M_029_A_XV,0.0,1994,10,16
M_029_A_XV,0.0,1994,10,17
M_029_A_XV,1.2409247159957886,1994,10,18
M_029_A_XV,0.5040268581360579,1994,10,19
M_029_A_XV,1.5946129616349936,1994,10,20
M_029_A_XV,1.0478073954582214,1994,10,21
M_029_A_XV,4.06304594874382,1994,10,22
M_029_A_XV,0.4333439171314239,1994,10,23
M_029_A_XV,0.0,1994,10,24
M_029_A_XV,0.0024065356701612,1994,10,25
M_029_A_XV,0.0,1994,10,26
M_029_A_XV,0.0,1994,10,27
M_029_A_XV,0.0,1994,10,28
M_029_A_XV,0.3223918359726667,1994,10,29
M_029_A_XV,1.8912513330578804,1994,10,30
M_029_A_XV,0.0,1994,10,31
M_029_A_XV,1.4186963606625795,1994,11,1
M_029_A_XV,6.826540067791939,1994,11,2
M_029_A_XV,7.608511984348297,1994,11,3
M_029_A_XV,0.1139516867697238,1994,11,4
M_029_A_XV,0.0,1994,11,5
M_029_A_XV,1.733907729387283,1994,11,6
M_029_A_XV,0.6355240345001221,1994,11,7
M_029_A_XV,5.398642316460609,1994,11,8
M_029_A_XV,2.836892493069172,1994,11,9
M_029_A_XV,2.2504664082080126,1994,11,10
M_029_A_XV,2.601856209337712,1994,11,11
M_029_A_XV,2.1776305455714464,1994,11,12
M_029_A_XV,2.5293563306331635,1994,11,13
M_029_A_XV,5.525731608271599,1994,11,14
M_029_A_XV,0.9073227047920228,1994,11,15
M_029_A_XV,2.6636568661779165,1994,11,16
M_029_A_XV,7.389714956283569,1994,11,17
M_029_A_XV,12.47996199131012,1994,11,18
M_029_A_XV,0.711447536945343,1994,11,19
M_029_A_XV,1.014417456462979,1994,11,20
M_029_A_XV,0.1449842600122792,1994,11,21
M_029_A_XV,0.0838490463793277,1994,11,22
M_029_A_XV,2.149825446307659,1994,11,23
M_029_A_XV,1.9416160695254805,1994,11,24
M_029_A_XV,0.1752028439659625,1994,11,25
M_029_A_XV,0.0,1994,11,26
M_029_A_XV,0.0,1994,11,27
M_029_A_XV,0.0,1994,11,28
M_029_A_XV,0.0,1994,11,29
M_029_A_XV,1.659872718155384,1994,11,30
M_029_A_XV,0.6328704953193665,1994,12,1
M_029_A_XV,1.8303082138299944,1994,12,2
M_029_A_XV,0.4578392659313977,1994,12,3
M_029_A_XV,0.0,1994,12,4
M_029_A_XV,0.0,1994,12,5
M_029_A_XV,0.0,1994,12,6
M_029_A_XV,0.9870055075734854,1994,12,7
M_029_A_XV,3.1718909740448,1994,12,8
M_029_A_XV,1.582446277141571,1994,12,9
M_029_A_XV,0.005732069723308,1994,12,10
M_029_A_XV,0.2613010606728494,1994,12,11
M_029_A_XV,2.9475963227450848,1994,12,12
M_029_A_XV,11.61590838432312,1994,12,13
M_029_A_XV,2.363644577562809,1994,12,14
M_029_A_XV,9.041168749332428,1994,12,15
M_029_A_XV,8.35533107444644,1994,12,16
M_029_A_XV,1.6186508648097515,1994,12,17
M_029_A_XV,3.3080050460994244,1994,12,18
M_029_A_XV,5.97455832362175,1994,12,19
M_029_A_XV,10.123049914836884,1994,12,20
M_029_A_XV,0.0,1994,12,21
M_029_A_XV,0.0,1994,12,22
M_029_A_XV,0.9254782795906068,1994,12,23
M_029_A_XV,19.389100790023804,1994,12,24
M_029_A_XV,18.524969041347504,1994,12,25
M_029_A_XV,21.89618371427059,1994,12,26
M_029_A_XV,14.531222850084305,1994,12,27
M_029_A_XV,20.21670377254486,1994,12,28
M_029_A_XV,6.9630069099366665,1994,12,29
M_029_A_XV,9.405485045164824,1994,12,30
M_029_A_XV,15.330957800149918,1994,12,31
M_029_A_XV,6.965785056352615,1995,1,1
M_029_A_XV,9.718506462872028,1995,1,2
M_029_A_XV,5.11261273920536,1995,1,3
M_029_A_XV,15.052455842494965,1995,1,4
M_029_A_XV,3.1944582123542204,1995,1,5
M_029_A_XV,3.073032759130001,1995,1,6
M_029_A_XV,3.429792683571577,1995,1,7
M_029_A_XV,13.99007886648178,1995,1,8
M_029_A_XV,6.11678671836853,1995,1,9
M_029_A_XV,5.136841356754303,1995,1,10
M_029_A_XV,0.7200942505151033,1995,1,11
M_029_A_XV,7.615203283727169,1995,1,12
M_029_A_XV,12.608466386795044,1995,1,13
M_029_A_XV,6.165159976109862,1995,1,14
M_029_A_XV,6.433801929466426,1995,1,15
M_029_A_XV,12.14883041381836,1995,1,16
M_029_A_XV,8.660253942012787,1995,1,17
M_029_A_XV,8.059237003326416,1995,1,18
M_029_A_XV,9.173794463276865,1995,1,19
M_029_A_XV,7.126070708036423,1995,1,20
M_029_A_XV,0.130473201512359,1995,1,21
M_029_A_XV,0.4834599487367086,1995,1,22
M_029_A_XV,1.2905870229005814,1995,1,23
M_029_A_XV,0.1925376709550619,1995,1,24
M_029_A_XV,0.1648151809349656,1995,1,25
M_029_A_XV,0.5247534610098228,1995,1,26
M_029_A_XV,1.111740794032812,1995,1,27
M_029_A_XV,7.797000505030155,1995,1,28
M_029_A_XV,6.684850744903088,1995,1,29
M_029_A_XV,0.9222012832760812,1995,1,30
M_029_A_XV,0.0047903844388201,1995,1,31
M_029_A_XV,0.0019106898689642,1995,2,1
M_029_A_XV,0.5020637945272028,1995,2,2
M_029_A_XV,5.29320901632309,1995,2,3
M_029_A_XV,5.395476184785366,1995,2,4
M_029_A_XV,8.703142121434212,1995,2,5
M_029_A_XV,0.2057326398789882,1995,2,6
M_029_A_XV,9.48384315520525,1995,2,7
M_029_A_XV,6.307358209043741,1995,2,8
M_029_A_XV,0.6539800632745028,1995,2,9
M_029_A_XV,0.0382138006389141,1995,2,10
M_029_A_XV,0.019106900319457,1995,2,11
M_029_A_XV,0.0,1995,2,12
M_029_A_XV,0.0,1995,2,13
M_029_A_XV,5.228461742401123,1995,2,14
M_029_A_XV,15.87316358089447,1995,2,15
M_029_A_XV,0.389412522315979,1995,2,16
M_029_A_XV,0.031729869544506,1995,2,17
M_029_A_XV,8.05772602558136,1995,2,18
M_029_A_XV,3.1962612085044384,1995,2,19
M_029_A_XV,1.9307228922843933,1995,2,20
M_029_A_XV,1.139000579714775,1995,2,21
M_029_A_XV,4.79995147138834,1995,2,22
M_029_A_XV,3.950311847031117,1995,2,23
M_029_A_XV,17.506336450576782,1995,2,24
M_029_A_XV,27.711593329906464,1995,2,25
M_029_A_XV,8.68627804517746,1995,2,26
M_029_A_XV,4.999105662107468,1995,2,27
M_029_A_XV,27.912304282188416,1995,2,28
M_029_A_XV,3.5148175470530987,1995,3,1
M_029_A_XV,1.8019197879330024,1995,3,2
M_029_A_XV,0.0912700028857216,1995,3,3
M_029_A_XV,0.021258243752527,1995,3,4
M_029_A_XV,0.8345246294484241,1995,3,5
M_029_A_XV,1.5074794376268985,1995,3,6
M_029_A_XV,5.105493359267712,1995,3,7
M_029_A_XV,6.97423529624939,1995,3,8
M_029_A_XV,8.522441193461418,1995,3,9
M_029_A_XV,8.80852884054184,1995,3,10
M_029_A_XV,8.63491945154965,1995,3,11
M_029_A_XV,7.52650560438633,1995,3,12
M_029_A_XV,8.035647556185722,1995,3,13
M_029_A_XV,11.034619346261024,1995,3,14
M_029_A_XV,8.392130814492702,1995,3,15
M_029_A_XV,5.490244284272194,1995,3,16
M_029_A_XV,3.4594630915671587,1995,3,17
M_029_A_XV,6.93544265627861,1995,3,18
M_029_A_XV,4.231093421578407,1995,3,19
M_029_A_XV,8.334469057619572,1995,3,20
M_029_A_XV,14.394216120243073,1995,3,21
M_029_A_XV,9.907147645950316,1995,3,22
M_029_A_XV,5.402559861540794,1995,3,23
M_029_A_XV,9.592157006263731,1995,3,24
M_029_A_XV,10.30214911699295,1995,3,25
M_029_A_XV,3.3216359615325928,1995,3,26
M_029_A_XV,5.403098523616791,1995,3,27
M_029_A_XV,0.0,1995,3,28
M_029_A_XV,0.0,1995,3,29
M_029_A_XV,6.384998440742493,1995,3,30
M_029_A_XV,0.0552493520081043,1995,3,31
M_029_A_XV,6.640443451702595,1995,4,1
M_029_A_XV,9.7653249502182,1995,4,2
M_029_A_XV,1.6573094800114632,1995,4,3
M_029_A_XV,4.738228172063828,1995,4,4
M_029_A_XV,2.1099445521831512,1995,4,5
M_029_A_XV,3.0415418446063995,1995,4,6
M_029_A_XV,1.5627385675907135,1995,4,7
M_029_A_XV,0.0,1995,4,8
M_029_A_XV,0.0348920486867427,1995,4,9
M_029_A_XV,5.130986202508211,1995,4,10
M_029_A_XV,9.78053081035614,1995,4,11
M_029_A_XV,5.862312912940979,1995,4,12
M_029_A_XV,4.623721599578857,1995,4,13
M_029_A_XV,0.0,1995,4,14
M_029_A_XV,0.0467377640306949,1995,4,15
M_029_A_XV,2.028437983244657,1995,4,16
M_029_A_XV,2.588153779506684,1995,4,17
M_029_A_XV,0.0,1995,4,18
M_029_A_XV,0.0,1995,4,19
M_029_A_XV,0.6848043091595173,1995,4,20
M_029_A_XV,0.438935250043869,1995,4,21
M_029_A_XV,0.0,1995,4,22
M_029_A_XV,0.0,1995,4,23
M_029_A_XV,0.0,1995,4,24
M_029_A_XV,0.0,1995,4,25
M_029_A_XV,0.0,1995,4,26
M_029_A_XV,0.077896274626255,1995,4,27
M_029_A_XV,0.0,1995,4,28
M_029_A_XV,0.0,1995,4,29
M_029_A_XV,0.0,1995,4,30
M_029_A_XV,0.1832793657667935,1995,5,1
M_029_A_XV,0.5937533862888813,1995,5,2
M_029_A_XV,0.319395013153553,1995,5,3
M_029_A_XV,0.0,1995,5,4
M_029_A_XV,0.0,1995,5,5
M_029_A_XV,0.0,1995,5,6
M_029_A_XV,0.0,1995,5,7
M_029_A_XV,0.0,1995,5,8
M_029_A_XV,0.0,1995,5,9
M_029_A_XV,0.0,1995,5,10
M_029_A_XV,0.0,1995,5,11
M_029_A_XV,0.0,1995,5,12
M_029_A_XV,0.0486484542489051,1995,5,13
M_029_A_XV,0.5341507587581873,1995,5,14
M_029_A_XV,0.0,1995,5,15
M_029_A_XV,0.0,1995,5,16
M_029_A_XV,0.1363975554704666,1995,5,17
M_029_A_XV,2.0850959289819,1995,5,18
M_029_A_XV,5.017181396484375,1995,5,19
M_029_A_XV,0.0,1995,5,20
M_029_A_XV,0.0,1995,5,21
M_029_A_XV,0.0,1995,5,22
M_029_A_XV,0.0,1995,5,23
M_029_A_XV,0.0,1995,5,24
M_029_A_XV,0.0,1995,5,25
M_029_A_XV,0.0,1995,5,26
M_029_A_XV,0.0,1995,5,27
M_029_A_XV,0.0,1995,5,28
M_029_A_XV,0.0,1995,5,29
M_029_A_XV,0.0002406535641057,1995,5,30
M_029_A_XV,0.0,1995,5,31
M_029_A_XV,0.0,1995,6,1
M_029_A_XV,0.0,1995,6,2
M_029_A_XV,0.0,1995,6,3
M_029_A_XV,5.90290474065e-05,1995,6,4
M_029_A_XV,0.0,1995,6,5
M_029_A_XV,0.0,1995,6,6
M_029_A_XV,0.0,1995,6,7
M_029_A_XV,0.0,1995,6,8
M_029_A_XV,0.0,1995,6,9
M_029_A_XV,0.0,1995,6,10
M_029_A_XV,0.0,1995,6,11
M_029_A_XV,0.0,1995,6,12
M_029_A_XV,0.0,1995,6,13
M_029_A_XV,0.0,1995,6,14
M_029_A_XV,0.0,1995,6,15
M_029_A_XV,0.0,1995,6,16
M_029_A_XV,0.0,1995,6,17
M_029_A_XV,0.0,1995,6,18
M_029_A_XV,0.0,1995,6,19
M_029_A_XV,0.0,1995,6,20
M_029_A_XV,0.0,1995,6,21
M_029_A_XV,0.0,1995,6,22
M_029_A_XV,0.0,1995,6,23
M_029_A_XV,0.0,1995,6,24
M_029_A_XV,0.0,1995,6,25
M_029_A_XV,0.0,1995,6,26
M_029_A_XV,0.0,1995,6,27
M_029_A_XV,0.0,1995,6,28
M_029_A_XV,2.689124621450901,1995,6,29
M_029_A_XV,0.9741752557456492,1995,6,30
M_029_A_XV,0.0,1995,7,1
M_029_A_XV,0.0155792543664574,1995,7,2
M_029_A_XV,0.1001656726002693,1995,7,3
M_029_A_XV,0.0781369281903607,1995,7,4
M_029_A_XV,0.0,1995,7,5
M_029_A_XV,0.0,1995,7,6
M_029_A_XV,0.0,1995,7,7
M_029_A_XV,0.0,1995,7,8
M_029_A_XV,0.0,1995,7,9
M_029_A_XV,0.0,1995,7,10
M_029_A_XV,0.0,1995,7,11
M_029_A_XV,0.0,1995,7,12
M_029_A_XV,0.0,1995,7,13
M_029_A_XV,0.0077896271832287,1995,7,14
M_029_A_XV,0.0,1995,7,15
M_029_A_XV,0.2773040998727083,1995,7,16
M_029_A_XV,0.0,1995,7,17
M_029_A_XV,0.0,1995,7,18
M_029_A_XV,0.0,1995,7,19
M_029_A_XV,0.0,1995,7,20
M_029_A_XV,0.0,1995,7,21
M_029_A_XV,0.0,1995,7,22
M_029_A_XV,0.0,1995,7,23
M_029_A_XV,0.0,1995,7,24
M_029_A_XV,0.0,1995,7,25
M_029_A_XV,0.0,1995,7,26
M_029_A_XV,0.0,1995,7,27
M_029_A_XV,0.0,1995,7,28
M_029_A_XV,0.0,1995,7,29
M_029_A_XV,0.0,1995,7,30
M_029_A_XV,0.0,1995,7,31
M_029_A_XV,0.0,1995,8,1
M_029_A_XV,0.0,1995,8,2
M_029_A_XV,0.0,1995,8,3
M_029_A_XV,0.0,1995,8,4
M_029_A_XV,0.0,1995,8,5
M_029_A_XV,0.0,1995,8,6
M_029_A_XV,0.0,1995,8,7
M_029_A_XV,0.0,1995,8,8
M_029_A_XV,0.0,1995,8,9
M_029_A_XV,0.0,1995,8,10
M_029_A_XV,0.0,1995,8,11
M_029_A_XV,0.0,1995,8,12
M_029_A_XV,0.0,1995,8,13
M_029_A_XV,0.0097003169357776,1995,8,14
M_029_A_XV,0.0,1995,8,15
M_029_A_XV,0.2754897531121969,1995,8,16
M_029_A_XV,0.6538313925266266,1995,8,17
M_029_A_XV,0.113867849111557,1995,8,18
M_029_A_XV,0.0,1995,8,19
M_029_A_XV,0.0,1995,8,20
M_029_A_XV,0.0,1995,8,21
M_029_A_XV,0.0,1995,8,22
M_029_A_XV,0.0,1995,8,23
M_029_A_XV,0.0,1995,8,24
M_029_A_XV,0.0,1995,8,25
M_029_A_XV,0.0,1995,8,26
M_029_A_XV,0.0,1995,8,27
M_029_A_XV,0.0,1995,8,28
M_029_A_XV,0.0,1995,8,29
M_029_A_XV,0.0,1995,8,30
M_029_A_XV,0.0,1995,8,31
M_029_A_XV,0.0,1995,9,1
M_029_A_XV,0.0,1995,9,2
M_029_A_XV,0.0,1995,9,3
M_029_A_XV,0.0097593460232019,1995,9,4
M_029_A_XV,0.1345430687069893,1995,9,5
M_029_A_XV,0.1222472001099959,1995,9,6
M_029_A_XV,1.431877376511693,1995,9,7
M_029_A_XV,1.7411510329693556,1995,9,8
M_029_A_XV,0.13652923644986,1995,9,9
M_029_A_XV,0.6128601465607062,1995,9,10
M_029_A_XV,0.3465119078755379,1995,9,11
M_029_A_XV,0.5046783499419689,1995,9,12
M_029_A_XV,1.4824590533971786,1995,9,13
M_029_A_XV,0.0808930993080139,1995,9,14
M_029_A_XV,2.2154886722564697,1995,9,15
M_029_A_XV,2.09300896525383,1995,9,16
M_029_A_XV,0.9855467230081558,1995,9,17
M_029_A_XV,0.0,1995,9,18
M_029_A_XV,2.986166000366211,1995,9,19
M_029_A_XV,2.9967271094210446,1995,9,20
M_029_A_XV,0.0,1995,9,21
M_029_A_XV,0.0,1995,9,22
M_029_A_XV,0.0,1995,9,23
M_029_A_XV,0.110654785297811,1995,9,24
M_029_A_XV,0.0104368161410093,1995,9,25
M_029_A_XV,0.0,1995,9,26
M_029_A_XV,0.0,1995,9,27
M_029_A_XV,0.0,1995,9,28
M_029_A_XV,0.0,1995,9,29
M_029_A_XV,0.0,1995,9,30
M_029_A_XV,2.748413681983948,1995,10,1
M_029_A_XV,14.22803020477295,1995,10,2
M_029_A_XV,1.632927656173706,1995,10,3
M_029_A_XV,0.0,1995,10,4
M_029_A_XV,0.0,1995,10,5
M_029_A_XV,0.0,1995,10,6
M_029_A_XV,0.0,1995,10,7
M_029_A_XV,0.0,1995,10,8
M_029_A_XV,0.0,1995,10,9
M_029_A_XV,0.0,1995,10,10
M_029_A_XV,0.0,1995,10,11
M_029_A_XV,0.0,1995,10,12
M_029_A_XV,0.0,1995,10,13
M_029_A_XV,0.0,1995,10,14
M_029_A_XV,0.0,1995,10,15
M_029_A_XV,0.0,1995,10,16
M_029_A_XV,0.0,1995,10,17
M_029_A_XV,0.0,1995,10,18
M_029_A_XV,0.0,1995,10,19
M_029_A_XV,0.0,1995,10,20
M_029_A_XV,0.0786182353040203,1995,10,21
M_029_A_XV,0.0467377640306949,1995,10,22
M_029_A_XV,0.0905192419886589,1995,10,23
M_029_A_XV,0.0808930993080139,1995,10,24
M_029_A_XV,0.0,1995,10,25
M_029_A_XV,0.0310116410255432,1995,10,26
M_029_A_XV,0.7925617843866348,1995,10,27
M_029_A_XV,0.581189525546506,1995,10,28
M_029_A_XV,0.0005902905249968,1995,10,29
M_029_A_XV,0.0,1995,10,30
M_029_A_XV,0.0,1995,10,31
M_029_A_XV,0.086407862487249,1995,11,1
M_029_A_XV,0.0975934658199548,1995,11,2
M_029_A_XV,0.0388040915131568,1995,11,3
M_029_A_XV,0.0,1995,11,4
M_029_A_XV,0.0,1995,11,5
M_029_A_XV,0.0,1995,11,6
M_029_A_XV,0.6990216225385666,1995,11,7
M_029_A_XV,4.300161421298981,1995,11,8
M_029_A_XV,0.0561631172895431,1995,11,9
M_029_A_XV,0.0,1995,11,10
M_029_A_XV,0.0,1995,11,11
M_029_A_XV,0.0,1995,11,12
M_029_A_XV,4.582911968231201,1995,11,13
M_029_A_XV,4.043708235025406,1995,11,14
M_029_A_XV,6.766584604978561,1995,11,15
M_029_A_XV,6.182626754045487,1995,11,16
M_029_A_XV,1.5950079336762428,1995,11,17
M_029_A_XV,0.3316586313740117,1995,11,18
M_029_A_XV,4.63326495885849,1995,11,19
M_029_A_XV,6.464554816484451,1995,11,20
M_029_A_XV,11.762485980987549,1995,11,21
M_029_A_XV,0.0007219606777653,1995,11,22
M_029_A_XV,0.0,1995,11,23
M_029_A_XV,0.0,1995,11,24
M_029_A_XV,0.0,1995,11,25
M_029_A_XV,0.0,1995,11,26
M_029_A_XV,0.0,1995,11,27
M_029_A_XV,2.9534031227231026,1995,11,28
M_029_A_XV,3.371795892715454,1995,11,29
M_029_A_XV,0.0,1995,11,30
M_029_A_XV,0.0077896271832287,1995,12,1
M_029_A_XV,11.376711463322865,1995,12,2
M_029_A_XV,10.49159523844719,1995,12,3
M_029_A_XV,3.64535832214824,1995,12,4
M_029_A_XV,0.1100173965096473,1995,12,5
M_029_A_XV,0.0,1995,12,6
M_029_A_XV,0.0077896271832287,1995,12,7
M_029_A_XV,13.217081430950202,1995,12,8
M_029_A_XV,15.254860877990724,1995,12,9
M_029_A_XV,0.4640385806560516,1995,12,10
M_029_A_XV,0.0,1995,12,11
M_029_A_XV,0.0,1995,12,12
M_029_A_XV,0.0,1995,12,13
M_029_A_XV,0.2360953688621521,1995,12,14
M_029_A_XV,0.4291074872016907,1995,12,15
M_029_A_XV,0.0,1995,12,16
M_029_A_XV,0.077896274626255,1995,12,17
M_029_A_XV,1.7584325894713402,1995,12,18
M_029_A_XV,0.0,1995,12,19
M_029_A_XV,0.4423960447311401,1995,12,20
M_029_A_XV,2.5888615623116493,1995,12,21
M_029_A_XV,7.889732360839844,1995,12,22
M_029_A_XV,10.086483851075172,1995,12,23
M_029_A_XV,20.93367999792099,1995,12,24
M_029_A_XV,13.910885989665983,1995,12,25
M_029_A_XV,21.853858172893524,1995,12,26
M_029_A_XV,24.912054002285004,1995,12,27
M_029_A_XV,7.50131756067276,1995,12,28
M_029_A_XV,0.3244223606307059,1995,12,29
M_029_A_XV,0.0,1995,12,30
M_029_A_XV,0.0077896271832287,1995,12,31
M_029_A_XV,7.842840812634677,1996,1,1
M_029_A_XV,4.909063909202814,1996,1,2
M_029_A_XV,2.844516821205616,1996,1,3
M_029_A_XV,3.0737700685858727,1996,1,4
M_029_A_XV,3.0020157024264336,1996,1,5
M_029_A_XV,0.016197963617742,1996,1,6
M_029_A_XV,0.0,1996,1,7
M_029_A_XV,0.0,1996,1,8
M_029_A_XV,0.1671688393689692,1996,1,9
M_029_A_XV,1.8185156807303429,1996,1,10
M_029_A_XV,3.228778123855591,1996,1,11
M_029_A_XV,3.567953050136566,1996,1,12
M_029_A_XV,1.7976097203791142,1996,1,13
M_029_A_XV,8.22337293624878,1996,1,14
M_029_A_XV,22.556637823581696,1996,1,15
M_029_A_XV,11.84879344701767,1996,1,16
M_029_A_XV,12.191124230623243,1996,1,17
M_029_A_XV,23.694144994020466,1996,1,18
M_029_A_XV,7.96948366612196,1996,1,19
M_029_A_XV,3.694613955914974,1996,1,20
M_029_A_XV,7.888140320777893,1996,1,21
M_029_A_XV,7.42099241912365,1996,1,22
M_029_A_XV,3.849149014800787,1996,1,23
M_029_A_XV,13.295943081378937,1996,1,24
M_029_A_XV,12.31810836493969,1996,1,25
M_029_A_XV,18.879266500473022,1996,1,26
M_029_A_XV,1.6247841864824295,1996,1,27
M_029_A_XV,0.3005902990698814,1996,1,28
M_029_A_XV,5.797610465437174,1996,1,29
M_029_A_XV,19.92146706581116,1996,1,30
M_029_A_XV,16.24461343884468,1996,1,31
M_029_A_XV,10.368041574954988,1996,2,1
M_029_A_XV,10.185055494308472,1996,2,2
M_029_A_XV,2.386553183197975,1996,2,3
M_029_A_XV,0.8277951590716839,1996,2,4
M_029_A_XV,0.0345392860472202,1996,2,5
M_029_A_XV,1.6359718441963196,1996,2,6
M_029_A_XV,2.909769456833601,1996,2,7
M_029_A_XV,1.6998213976621628,1996,2,8
M_029_A_XV,0.4034454114735126,1996,2,9
M_029_A_XV,4.027595050632954,1996,2,10
M_029_A_XV,5.363252401351929,1996,2,11
M_029_A_XV,7.549128761515021,1996,2,12
M_029_A_XV,8.582529485225677,1996,2,13
M_029_A_XV,7.460688292980194,1996,2,14
M_029_A_XV,6.787370592355728,1996,2,15
M_029_A_XV,5.134972842410207,1996,2,16
M_029_A_XV,4.812561631202698,1996,2,17
M_029_A_XV,6.246851034462452,1996,2,18
M_029_A_XV,17.038807034492493,1996,2,19
M_029_A_XV,13.536274790763857,1996,2,20
M_029_A_XV,4.553355620475486,1996,2,21
M_029_A_XV,0.229076512157917,1996,2,22
M_029_A_XV,8.016309529542923,1996,2,23
M_029_A_XV,16.554336313158274,1996,2,24
M_029_A_XV,5.85998909175396,1996,2,25
M_029_A_XV,3.5707639236934483,1996,2,26
M_029_A_XV,10.4867941737175,1996,2,27
M_029_A_XV,6.383048836141825,1996,2,28
M_029_A_XV,2.252362996339798,1996,2,29
M_029_A_XV,2.4927653074264526,1996,3,1
M_029_A_XV,4.809044815599918,1996,3,2
M_029_A_XV,9.480047971010208,1996,3,3
M_029_A_XV,7.677982270717621,1996,3,4
M_029_A_XV,0.019106900319457,1996,3,5
M_029_A_XV,0.0,1996,3,6
M_029_A_XV,0.057320699095726,1996,3,7
M_029_A_XV,3.088403078727424,1996,3,8
M_029_A_XV,5.776300460100174,1996,3,9
M_029_A_XV,1.4095701202750206,1996,3,10
M_029_A_XV,0.0,1996,3,11
M_029_A_XV,0.0,1996,3,12
M_029_A_XV,0.019106900319457,1996,3,13
M_029_A_XV,0.9260844960808754,1996,3,14
M_029_A_XV,1.954332619905472,1996,3,15
M_029_A_XV,1.21880616620183,1996,3,16
M_029_A_XV,0.3727406617254019,1996,3,17
M_029_A_XV,1.2713669892400503,1996,3,18
M_029_A_XV,7.160935744643211,1996,3,19
M_029_A_XV,4.183126121759415,1996,3,20
M_029_A_XV,1.8479704518103968,1996,3,21
M_029_A_XV,16.022122353315353,1996,3,22
M_029_A_XV,2.185771118849516,1996,3,23
M_029_A_XV,4.486578054726124,1996,3,24
M_029_A_XV,4.06803297996521,1996,3,25
M_029_A_XV,1.1938469260931015,1996,3,26
M_029_A_XV,4.135060638189316,1996,3,27
M_029_A_XV,7.923846140503883,1996,3,28
M_029_A_XV,4.743753768503666,1996,3,29
M_029_A_XV,7.41809893772006,1996,3,30
M_029_A_XV,13.069613933563232,1996,3,31
M_029_A_XV,7.455170214176178,1996,4,1
M_029_A_XV,0.0,1996,4,2
M_029_A_XV,1.566408395767212,1996,4,3
M_029_A_XV,18.08930706977844,1996,4,4
M_029_A_XV,12.171970784664154,1996,4,5
M_029_A_XV,12.364681839942932,1996,4,6
M_029_A_XV,5.779107190668583,1996,4,7
M_029_A_XV,5.769559144973755,1996,4,8
M_029_A_XV,2.305397525895387,1996,4,9
M_029_A_XV,6.537459045648575,1996,4,10
M_029_A_XV,13.896048665046692,1996,4,11
M_029_A_XV,0.7589484751224518,1996,4,12
M_029_A_XV,3.6586752012372017,1996,4,13
M_029_A_XV,4.067588418722153,1996,4,14
M_029_A_XV,0.0,1996,4,15
M_029_A_XV,1.090547800064087,1996,4,16
M_029_A_XV,1.5744972005486488,1996,4,17
M_029_A_XV,2.400957591831684,1996,4,18
M_029_A_XV,5.142207743600011,1996,4,19
M_029_A_XV,2.831881888210773,1996,4,20
M_029_A_XV,3.054358281195164,1996,4,21
M_029_A_XV,0.7969031631946564,1996,4,22
M_029_A_XV,0.210897853015922,1996,4,23
M_029_A_XV,2.6092493794858456,1996,4,24
M_029_A_XV,1.4150651167146862,1996,4,25
M_029_A_XV,2.00746303726919,1996,4,26
M_029_A_XV,0.0,1996,4,27
M_029_A_XV,0.0,1996,4,28
M_029_A_XV,0.0,1996,4,29
M_029_A_XV,0.0210766191594302,1996,4,30
M_029_A_XV,0.7577022667974234,1996,5,1
M_029_A_XV,7.309534549713135,1996,5,2
M_029_A_XV,4.205319680273533,1996,5,3
M_029_A_XV,5.655028998851776,1996,5,4
M_029_A_XV,3.259185194969177,1996,5,5
M_029_A_XV,0.9873629584908484,1996,5,6
M_029_A_XV,0.2954712212085724,1996,5,7
M_029_A_XV,0.0330691970884799,1996,5,8
M_029_A_XV,0.077896274626255,1996,5,9
M_029_A_XV,0.0,1996,5,10
M_029_A_XV,2.067606508731842,1996,5,11
M_029_A_XV,0.0,1996,5,12
M_029_A_XV,0.0,1996,5,13
M_029_A_XV,0.0,1996,5,14
M_029_A_XV,0.0,1996,5,15
M_029_A_XV,0.0,1996,5,16
M_029_A_XV,0.0,1996,5,17
M_029_A_XV,0.0,1996,5,18
M_029_A_XV,0.0,1996,5,19
M_029_A_XV,0.0,1996,5,20
M_029_A_XV,0.0,1996,5,21
M_029_A_XV,0.0,1996,5,22
M_029_A_XV,0.0,1996,5,23
M_029_A_XV,0.0097593460232019,1996,5,24
M_029_A_XV,0.0,1996,5,25
M_029_A_XV,0.0,1996,5,26
M_029_A_XV,0.0,1996,5,27
M_029_A_XV,0.0,1996,5,28
M_029_A_XV,0.0,1996,5,29
M_029_A_XV,0.0,1996,5,30
M_029_A_XV,0.0,1996,5,31
M_029_A_XV,0.0,1996,6,1
M_029_A_XV,0.0,1996,6,2
M_029_A_XV,0.0,1996,6,3
M_029_A_XV,0.0,1996,6,4
M_029_A_XV,0.0,1996,6,5
M_029_A_XV,0.0,1996,6,6
M_029_A_XV,0.0,1996,6,7
M_029_A_XV,0.0,1996,6,8
M_029_A_XV,0.0,1996,6,9
M_029_A_XV,0.0,1996,6,10
M_029_A_XV,0.0,1996,6,11
M_029_A_XV,0.0,1996,6,12
M_029_A_XV,0.0,1996,6,13
M_029_A_XV,0.0,1996,6,14
M_029_A_XV,0.0,1996,6,15
M_029_A_XV,0.0,1996,6,16
M_029_A_XV,0.0,1996,6,17
M_029_A_XV,0.0,1996,6,18
M_029_A_XV,0.177404960617423,1996,6,19
M_029_A_XV,0.0,1996,6,20
M_029_A_XV,0.0,1996,6,21
M_029_A_XV,0.0,1996,6,22
M_029_A_XV,0.0098774041980504,1996,6,23
M_029_A_XV,0.1451122164726257,1996,6,24
M_029_A_XV,0.1113241799175739,1996,6,25
M_029_A_XV,0.0,1996,6,26
M_029_A_XV,0.0,1996,6,27
M_029_A_XV,0.0,1996,6,28
M_029_A_XV,0.0,1996,6,29
M_029_A_XV,0.0,1996,6,30
M_029_A_XV,0.0,1996,7,1
M_029_A_XV,0.0,1996,7,2
M_029_A_XV,0.0,1996,7,3
M_029_A_XV,0.0,1996,7,4
M_029_A_XV,0.0,1996,7,5
M_029_A_XV,0.0,1996,7,6
M_029_A_XV,0.0,1996,7,7
M_029_A_XV,0.0,1996,7,8
M_029_A_XV,0.0,1996,7,9
M_029_A_XV,0.0,1996,7,10
M_029_A_XV,0.0,1996,7,11
M_029_A_XV,0.0,1996,7,12
M_029_A_XV,0.0,1996,7,13
M_029_A_XV,0.0,1996,7,14
M_029_A_XV,0.0,1996,7,15
M_029_A_XV,0.0,1996,7,16
M_029_A_XV,0.0,1996,7,17
M_029_A_XV,0.0,1996,7,18
M_029_A_XV,0.0,1996,7,19
M_029_A_XV,0.0,1996,7,20
M_029_A_XV,1.180404594168067,1996,7,21
M_029_A_XV,1.3563005477190018,1996,7,22
M_029_A_XV,0.0,1996,7,23
M_029_A_XV,0.0,1996,7,24
M_029_A_XV,0.0,1996,7,25
M_029_A_XV,0.0,1996,7,26
M_029_A_XV,0.0,1996,7,27
M_029_A_XV,0.0,1996,7,28
M_029_A_XV,0.076717808842659,1996,7,29
M_029_A_XV,0.0,1996,7,30
M_029_A_XV,0.0,1996,7,31
M_029_A_XV,0.0,1996,8,1
M_029_A_XV,0.0,1996,8,2
M_029_A_XV,0.0002406535641057,1996,8,3
M_029_A_XV,0.0,1996,8,4
M_029_A_XV,0.0,1996,8,5
M_029_A_XV,0.0,1996,8,6
M_029_A_XV,0.0,1996,8,7
M_029_A_XV,0.0,1996,8,8
M_029_A_XV,0.0,1996,8,9
M_029_A_XV,0.0,1996,8,10
M_029_A_XV,0.0,1996,8,11
M_029_A_XV,0.0,1996,8,12
M_029_A_XV,0.0077896271832287,1996,8,13
M_029_A_XV,0.0,1996,8,14
M_029_A_XV,0.9195950252906188,1996,8,15
M_029_A_XV,2.476463258266449,1996,8,16
M_029_A_XV,2.6157363057136536,1996,8,17
M_029_A_XV,2.0227829068899155,1996,8,18
M_029_A_XV,0.3724929094314575,1996,8,19
M_029_A_XV,0.0,1996,8,20
M_029_A_XV,0.0,1996,8,21
M_029_A_XV,0.0,1996,8,22
M_029_A_XV,0.0,1996,8,23
M_029_A_XV,0.0,1996,8,24
M_029_A_XV,0.0,1996,8,25
M_029_A_XV,0.0,1996,8,26
M_029_A_XV,0.0002406535641057,1996,8,27
M_029_A_XV,1.3439850509166718,1996,8,28
M_029_A_XV,9.283353328704834,1996,8,29
M_029_A_XV,2.8742814138531685,1996,8,30
M_029_A_XV,0.0,1996,8,31
M_029_A_XV,0.0,1996,9,1
M_029_A_XV,0.0,1996,9,2
M_029_A_XV,0.0,1996,9,3
M_029_A_XV,0.0,1996,9,4
M_029_A_XV,0.0,1996,9,5
M_029_A_XV,0.0,1996,9,6
M_029_A_XV,0.0,1996,9,7
M_029_A_XV,0.0,1996,9,8
M_029_A_XV,0.0,1996,9,9
M_029_A_XV,0.0,1996,9,10
M_029_A_XV,0.0,1996,9,11
M_029_A_XV,0.0,1996,9,12
M_029_A_XV,1.3416665946133437,1996,9,13
M_029_A_XV,0.8951463587582111,1996,9,14
M_029_A_XV,0.0350653510540723,1996,9,15
M_029_A_XV,0.0,1996,9,16
M_029_A_XV,0.2587440013885498,1996,9,17
M_029_A_XV,0.0,1996,9,18
M_029_A_XV,1.332415592201869,1996,9,19
M_029_A_XV,1.1567897107452154,1996,9,20
M_029_A_XV,0.1012651547789573,1996,9,21
M_029_A_XV,0.699062168598175,1996,9,22
M_029_A_XV,4.761665627360344,1996,9,23
M_029_A_XV,0.3517151772975921,1996,9,24
M_029_A_XV,0.0,1996,9,25
M_029_A_XV,0.0803028121590614,1996,9,26
M_029_A_XV,0.0805434657231671,1996,9,27
M_029_A_XV,1.2942803651094437,1996,9,28
M_029_A_XV,0.8182690665125847,1996,9,29
M_029_A_XV,0.0024065356701612,1996,9,30
M_029_A_XV,0.0,1996,10,1
M_029_A_XV,0.0,1996,10,2
M_029_A_XV,0.0351079478859901,1996,10,3
M_029_A_XV,0.0,1996,10,4
M_029_A_XV,0.0,1996,10,5
M_029_A_XV,1.0590383630478757,1996,10,6
M_029_A_XV,0.6181378378532827,1996,10,7
M_029_A_XV,0.5675353221595287,1996,10,8
M_029_A_XV,0.8112376217031851,1996,10,9
M_029_A_XV,0.0,1996,10,10
M_029_A_XV,0.0005902905249968,1996,10,11
M_029_A_XV,0.1617861986160278,1996,10,12
M_029_A_XV,0.0,1996,10,13
M_029_A_XV,0.0,1996,10,14
M_029_A_XV,0.0,1996,10,15
M_029_A_XV,0.0,1996,10,16
M_029_A_XV,0.0,1996,10,17
M_029_A_XV,0.0,1996,10,18
M_029_A_XV,0.0,1996,10,19
M_029_A_XV,0.6778848171234131,1996,10,20
M_029_A_XV,0.8005834221839905,1996,10,21
M_029_A_XV,3.014780031517148,1996,10,22
M_029_A_XV,1.4100241735577583,1996,10,23
M_029_A_XV,0.077896274626255,1996,10,24
M_029_A_XV,0.303206380456686,1996,10,25
M_029_A_XV,0.0,1996,10,26
M_029_A_XV,0.0,1996,10,27
M_029_A_XV,0.0,1996,10,28
M_029_A_XV,0.0,1996,10,29
M_029_A_XV,0.0,1996,10,30
M_029_A_XV,0.5020840694196522,1996,10,31
M_029_A_XV,0.5866691637784243,1996,11,1
M_029_A_XV,0.0,1996,11,2
M_029_A_XV,0.0318804681301116,1996,11,3
M_029_A_XV,1.1082746051251888,1996,11,4
M_029_A_XV,0.3772756140679121,1996,11,5
M_029_A_XV,0.32656212488655,1996,11,6
M_029_A_XV,3.102966286242008,1996,11,7
M_029_A_XV,15.079790234565737,1996,11,8
M_029_A_XV,3.829176798462868,1996,11,9
M_029_A_XV,7.870504140853882,1996,11,10
M_029_A_XV,4.597696959972382,1996,11,11
M_029_A_XV,14.134661316871645,1996,11,12
M_029_A_XV,11.462049663066864,1996,11,13
M_029_A_XV,14.080171078443527,1996,11,14
M_029_A_XV,0.0,1996,11,15
M_029_A_XV,0.1343343555927276,1996,11,16
M_029_A_XV,6.527704156935215,1996,11,17
M_029_A_XV,15.79039978981018,1996,11,18
M_029_A_XV,7.127729460597038,1996,11,19
M_029_A_XV,4.276596054434776,1996,11,20
M_029_A_XV,0.0985940108075738,1996,11,21
M_029_A_XV,0.0,1996,11,22
M_029_A_XV,0.7165233410960354,1996,11,23
M_029_A_XV,1.168361982290662,1996,11,24
M_029_A_XV,0.0002406535641057,1996,11,25
M_029_A_XV,0.0,1996,11,26
M_029_A_XV,0.0,1996,11,27
M_029_A_XV,0.0503284931182861,1996,11,28
M_029_A_XV,0.3043227731250226,1996,11,29
M_029_A_XV,5.270069222897291,1996,11,30
M_029_A_XV,10.841674208641052,1996,12,1
M_029_A_XV,0.7668817673111334,1996,12,2
M_029_A_XV,10.769347310066223,1996,12,3
M_029_A_XV,0.0827093459665775,1996,12,4
M_029_A_XV,0.0479410326079232,1996,12,5
M_029_A_XV,1.479689048603177,1996,12,6
M_029_A_XV,1.2697435168520317,1996,12,7
M_029_A_XV,0.1193976700305938,1996,12,8
M_029_A_XV,3.04768967628479,1996,12,9
M_029_A_XV,3.202850788831711,1996,12,10
M_029_A_XV,1.1981510929763317,1996,12,11
M_029_A_XV,1.0913523137569427,1996,12,12
M_029_A_XV,6.095168083906174,1996,12,13
M_029_A_XV,4.773083250969648,1996,12,14
M_029_A_XV,2.182134574279189,1996,12,15
M_029_A_XV,0.6077504632994533,1996,12,16
M_029_A_XV,0.5164446454728022,1996,12,17
M_029_A_XV,0.3788537941873073,1996,12,18
M_029_A_XV,6.436730325222015,1996,12,19
M_029_A_XV,3.4575417414307594,1996,12,20
M_029_A_XV,1.4019760601222515,1996,12,21
M_029_A_XV,3.671644389629364,1996,12,22
M_029_A_XV,5.4564113318920135,1996,12,23
M_029_A_XV,1.147945774719119,1996,12,24
M_029_A_XV,0.3277687426889315,1996,12,25
M_029_A_XV,0.6504655288736103,1996,12,26
M_029_A_XV,1.774048388004303,1996,12,27
M_029_A_XV,7.410765830427408,1996,12,28
M_029_A_XV,7.964450375176966,1996,12,29
M_029_A_XV,2.6200833374168724,1996,12,30
M_029_A_XV,4.596284836530685,1996,12,31
M_029_A_XV,7.260561406612396,1997,1,1
M_029_A_XV,6.297503864392638,1997,1,2
M_029_A_XV,3.370179219171405,1997,1,3
M_029_A_XV,2.9879098891251488,1997,1,4
M_029_A_XV,8.458258599042892,1997,1,5
M_029_A_XV,3.8068709578365088,1997,1,6
M_029_A_XV,11.30027076601982,1997,1,7
M_029_A_XV,5.455018162727356,1997,1,8
M_029_A_XV,2.573352716863156,1997,1,9
M_029_A_XV,15.24975687265396,1997,1,10
M_029_A_XV,11.26758486032486,1997,1,11
M_029_A_XV,1.9534396920353168,1997,1,12
M_029_A_XV,5.11455836892128,1997,1,13
M_029_A_XV,5.554491817951202,1997,1,14
M_029_A_XV,4.65182463824749,1997,1,15
M_029_A_XV,5.374795895069838,1997,1,16
M_029_A_XV,10.064319409430029,1997,1,17
M_029_A_XV,10.31730917096138,1997,1,18
M_029_A_XV,0.4664362780749798,1997,1,19
M_029_A_XV,7.843202590942383,1997,1,20
M_029_A_XV,15.319624304771423,1997,1,21
M_029_A_XV,8.468297958374023,1997,1,22
M_029_A_XV,8.383375197649002,1997,1,23
M_029_A_XV,4.883436436764896,1997,1,24
M_029_A_XV,5.363636836409569,1997,1,25
M_029_A_XV,5.186878874897957,1997,1,26
M_029_A_XV,6.532975018024445,1997,1,27
M_029_A_XV,11.300003683194518,1997,1,28
M_029_A_XV,5.472218543291092,1997,1,29
M_029_A_XV,22.98087042570114,1997,1,30
M_029_A_XV,4.9532283544540405,1997,1,31
M_029_A_XV,0.2467033206485211,1997,2,1
M_029_A_XV,0.4115850925445556,1997,2,2
M_029_A_XV,3.644505232572556,1997,2,3
M_029_A_XV,5.873894058167934,1997,2,4
M_029_A_XV,5.883801937103272,1997,2,5
M_029_A_XV,19.28490835428238,1997,2,6
M_029_A_XV,6.574591517448425,1997,2,7
M_029_A_XV,8.65504041314125,1997,2,8
M_029_A_XV,8.179112240672112,1997,2,9
M_029_A_XV,15.921082854270937,1997,2,10
M_029_A_XV,6.099275087937713,1997,2,11
M_029_A_XV,6.246148884296417,1997,2,12
M_029_A_XV,7.167606472969055,1997,2,13
M_029_A_XV,11.83078157901764,1997,2,14
M_029_A_XV,9.281204730272291,1997,2,15
M_029_A_XV,15.672267258167269,1997,2,16
M_029_A_XV,13.011622995138168,1997,2,17
M_029_A_XV,3.2596229277551174,1997,2,18
M_029_A_XV,7.076896101236343,1997,2,19
M_029_A_XV,3.185515262186528,1997,2,20
M_029_A_XV,4.824692443013191,1997,2,21
M_029_A_XV,6.672532737255096,1997,2,22
M_029_A_XV,0.8889358445885591,1997,2,23
M_029_A_XV,2.838455176912248,1997,2,24
M_029_A_XV,1.3030775614315644,1997,2,25
M_029_A_XV,1.8654439449310305,1997,2,26
M_029_A_XV,2.1956221144646406,1997,2,27
M_029_A_XV,5.272125989198685,1997,2,28
M_029_A_XV,2.65808292478323,1997,3,1
M_029_A_XV,6.948652651160955,1997,3,2
M_029_A_XV,10.54997193813324,1997,3,3
M_029_A_XV,5.839606374502182,1997,3,4
M_029_A_XV,4.678462855517864,1997,3,5
M_029_A_XV,7.50935048609972,1997,3,6
M_029_A_XV,13.402186334133148,1997,3,7
M_029_A_XV,21.02256029844284,1997,3,8
M_029_A_XV,20.586578488349915,1997,3,9
M_029_A_XV,3.749827027320862,1997,3,10
M_029_A_XV,7.074553310871124,1997,3,11
M_029_A_XV,7.859481811523437,1997,3,12
M_029_A_XV,4.892229408025742,1997,3,13
M_029_A_XV,0.5996070578694344,1997,3,14
M_029_A_XV,0.0024065356701612,1997,3,15
M_029_A_XV,0.0,1997,3,16
M_029_A_XV,0.6266277432441711,1997,3,17
M_029_A_XV,0.0,1997,3,18
M_029_A_XV,0.3689057826995849,1997,3,19
M_029_A_XV,3.307413227856159,1997,3,20
M_029_A_XV,0.3330985307693481,1997,3,21
M_029_A_XV,0.0992366746068,1997,3,22
M_029_A_XV,1.819882035255432,1997,3,23
M_029_A_XV,0.9460115283727646,1997,3,24
M_029_A_XV,0.025294111284893,1997,3,25
M_029_A_XV,0.0,1997,3,26
M_029_A_XV,0.1679342091083526,1997,3,27
M_029_A_XV,8.938444018363953,1997,3,28
M_029_A_XV,6.269761836156249,1997,3,29
M_029_A_XV,10.722452402114868,1997,3,30
M_029_A_XV,0.6424239277839661,1997,3,31
M_029_A_XV,0.5045647654915228,1997,4,1
M_029_A_XV,1.800081938970834,1997,4,2
M_029_A_XV,5.815382838249207,1997,4,3
M_029_A_XV,6.226459503173828,1997,4,4
M_029_A_XV,3.716831617057324,1997,4,5
M_029_A_XV,3.173073686659336,1997,4,6
M_029_A_XV,9.120222210884094,1997,4,7
M_029_A_XV,13.177558064460754,1997,4,8
M_029_A_XV,7.4212149530649185,1997,4,9
M_029_A_XV,4.338344976305962,1997,4,10
M_029_A_XV,9.029251240193844,1997,4,11
M_029_A_XV,13.367529034614565,1997,4,12
M_029_A_XV,2.416982621420175,1997,4,13
M_029_A_XV,0.0,1997,4,14
M_029_A_XV,0.0,1997,4,15
M_029_A_XV,0.0,1997,4,16
M_029_A_XV,1.0839689057320356,1997,4,17
M_029_A_XV,1.6451425403356552,1997,4,18
M_029_A_XV,0.0,1997,4,19
M_029_A_XV,0.0,1997,4,20
M_029_A_XV,0.0,1997,4,21
M_029_A_XV,0.0,1997,4,22
M_029_A_XV,0.0,1997,4,23
M_029_A_XV,0.0,1997,4,24
M_029_A_XV,0.0,1997,4,25
M_029_A_XV,1.4622217994183302,1997,4,26
M_029_A_XV,0.0,1997,4,27
M_029_A_XV,2.6039137840271,1997,4,28
M_029_A_XV,3.919373787939549,1997,4,29
M_029_A_XV,0.4673776626586914,1997,4,30
M_029_A_XV,0.0024065356701612,1997,5,1
M_029_A_XV,0.0097003169357776,1997,5,2
M_029_A_XV,0.2527957260608673,1997,5,3
M_029_A_XV,0.9837899431586266,1997,5,4
M_029_A_XV,4.3561276495456696,1997,5,5
M_029_A_XV,2.7988783717155457,1997,5,6
M_029_A_XV,0.7245344817638397,1997,5,7
M_029_A_XV,0.4077099040150642,1997,5,8
M_029_A_XV,0.4703744873404503,1997,5,9
M_029_A_XV,0.803292527794838,1997,5,10
M_029_A_XV,0.0,1997,5,11
M_029_A_XV,0.0,1997,5,12
M_029_A_XV,0.0,1997,5,13
M_029_A_XV,0.0,1997,5,14
M_029_A_XV,0.0,1997,5,15
M_029_A_XV,0.0,1997,5,16
M_029_A_XV,0.0,1997,5,17
M_029_A_XV,0.077896274626255,1997,5,18
M_029_A_XV,0.0803028121590614,1997,5,19
M_029_A_XV,0.0,1997,5,20
M_029_A_XV,0.0,1997,5,21
M_029_A_XV,0.0,1997,5,22
M_029_A_XV,0.0,1997,5,23
M_029_A_XV,0.0,1997,5,24
M_029_A_XV,0.0,1997,5,25
M_029_A_XV,0.0,1997,5,26
M_029_A_XV,0.0,1997,5,27
M_029_A_XV,0.0,1997,5,28
M_029_A_XV,0.0,1997,5,29
M_029_A_XV,0.0,1997,5,30
M_029_A_XV,0.0,1997,5,31
M_029_A_XV,0.0,1997,6,1
M_029_A_XV,0.0,1997,6,2
M_029_A_XV,0.0,1997,6,3
M_029_A_XV,0.0,1997,6,4
M_029_A_XV,0.0,1997,6,5
M_029_A_XV,0.0,1997,6,6
M_029_A_XV,0.0,1997,6,7
M_029_A_XV,0.0,1997,6,8
M_029_A_XV,0.0,1997,6,9
M_029_A_XV,0.0,1997,6,10
M_029_A_XV,0.0,1997,6,11
M_029_A_XV,0.0,1997,6,12
M_029_A_XV,0.0,1997,6,13
M_029_A_XV,0.0,1997,6,14
M_029_A_XV,0.0,1997,6,15
M_029_A_XV,0.0,1997,6,16
M_029_A_XV,0.0,1997,6,17
M_029_A_XV,0.0,1997,6,18
M_029_A_XV,0.0,1997,6,19
M_029_A_XV,0.0,1997,6,20
M_029_A_XV,0.0,1997,6,21
M_029_A_XV,0.0,1997,6,22
M_029_A_XV,0.0,1997,6,23
M_029_A_XV,0.0,1997,6,24
M_029_A_XV,0.0,1997,6,25
M_029_A_XV,0.0,1997,6,26
M_029_A_XV,0.0,1997,6,27
M_029_A_XV,0.0,1997,6,28
M_029_A_XV,0.0,1997,6,29
M_029_A_XV,0.0,1997,6,30
M_029_A_XV,0.0,1997,7,1
M_029_A_XV,0.0,1997,7,2
M_029_A_XV,0.0,1997,7,3
M_029_A_XV,0.0,1997,7,4
M_029_A_XV,0.0,1997,7,5
M_029_A_XV,0.0,1997,7,6
M_029_A_XV,0.0,1997,7,7
M_029_A_XV,0.0,1997,7,8
M_029_A_XV,0.0,1997,7,9
M_029_A_XV,0.0,1997,7,10
M_029_A_XV,0.0,1997,7,11
M_029_A_XV,0.0,1997,7,12
M_029_A_XV,0.0,1997,7,13
M_029_A_XV,0.0,1997,7,14
M_029_A_XV,0.0,1997,7,15
M_029_A_XV,0.0,1997,7,16
M_029_A_XV,0.0,1997,7,17
M_029_A_XV,0.0,1997,7,18
M_029_A_XV,0.0,1997,7,19
M_029_A_XV,0.0,1997,7,20
M_029_A_XV,0.0,1997,7,21
M_029_A_XV,0.0,1997,7,22
M_029_A_XV,0.0,1997,7,23
M_029_A_XV,0.0,1997,7,24
M_029_A_XV,0.0101961628533899,1997,7,25
M_029_A_XV,0.0,1997,7,26
M_029_A_XV,0.0,1997,7,27
M_029_A_XV,0.0,1997,7,28
M_029_A_XV,0.0,1997,7,29
M_029_A_XV,0.0,1997,7,30
M_029_A_XV,0.0,1997,7,31
M_029_A_XV,0.0,1997,8,1
M_029_A_XV,0.0,1997,8,2
M_029_A_XV,0.0,1997,8,3
M_029_A_XV,0.0,1997,8,4
M_029_A_XV,0.0,1997,8,5
M_029_A_XV,0.0,1997,8,6
M_029_A_XV,3.2529590390622616,1997,8,7
M_029_A_XV,12.465139865875244,1997,8,8
M_029_A_XV,5.854262411594391,1997,8,9
M_029_A_XV,3.4497384428977966,1997,8,10
M_029_A_XV,13.133726596832275,1997,8,11
M_029_A_XV,8.630273342132568,1997,8,12
M_029_A_XV,0.4404030609875917,1997,8,13
M_029_A_XV,0.5572957377880812,1997,8,14
M_029_A_XV,0.0,1997,8,15
M_029_A_XV,0.0,1997,8,16
M_029_A_XV,0.0,1997,8,17
M_029_A_XV,0.0,1997,8,18
M_029_A_XV,0.0,1997,8,19
M_029_A_XV,0.0,1997,8,20
M_029_A_XV,0.0,1997,8,21
M_029_A_XV,0.0,1997,8,22
M_029_A_XV,0.0,1997,8,23
M_029_A_XV,0.0,1997,8,24
M_029_A_XV,0.0,1997,8,25
M_029_A_XV,0.5013920068740845,1997,8,26
M_029_A_XV,2.887995958328247,1997,8,27
M_029_A_XV,0.2542785014957189,1997,8,28
M_029_A_XV,1.618343025445938,1997,8,29
M_029_A_XV,0.0,1997,8,30
M_029_A_XV,0.0,1997,8,31
M_029_A_XV,0.0,1997,9,1
M_029_A_XV,0.0,1997,9,2
M_029_A_XV,0.0,1997,9,3
M_029_A_XV,0.0,1997,9,4
M_029_A_XV,0.0,1997,9,5
M_029_A_XV,0.0,1997,9,6
M_029_A_XV,0.0,1997,9,7
M_029_A_XV,0.0,1997,9,8
M_029_A_XV,0.0,1997,9,9
M_029_A_XV,0.0,1997,9,10
M_029_A_XV,0.2627240493893623,1997,9,11
M_029_A_XV,0.5471216291189194,1997,9,12
M_029_A_XV,0.5145616536028683,1997,9,13
M_029_A_XV,0.3435728251934051,1997,9,14
M_029_A_XV,0.6818457245826721,1997,9,15
M_029_A_XV,0.428758941590786,1997,9,16
M_029_A_XV,0.0,1997,9,17
M_029_A_XV,2.370495593175292,1997,9,18
M_029_A_XV,10.023011922836304,1997,9,19
M_029_A_XV,0.3439052775502205,1997,9,20
M_029_A_XV,0.0,1997,9,21
M_029_A_XV,0.0,1997,9,22
M_029_A_XV,0.0,1997,9,23
M_029_A_XV,0.4890100285410881,1997,9,24
M_029_A_XV,8.379508078098297,1997,9,25
M_029_A_XV,14.516664385795591,1997,9,26
M_029_A_XV,19.45518708229065,1997,9,27
M_029_A_XV,8.958350390195847,1997,9,28
M_029_A_XV,16.352006196975708,1997,9,29
M_029_A_XV,10.332254894077778,1997,9,30
M_029_A_XV,0.0,1997,10,1
M_029_A_XV,0.0,1997,10,2
M_029_A_XV,0.0,1997,10,3
M_029_A_XV,0.0,1997,10,4
M_029_A_XV,0.0,1997,10,5
M_029_A_XV,0.0,1997,10,6
M_029_A_XV,0.4069174211472273,1997,10,7
M_029_A_XV,0.9575946927070618,1997,10,8
M_029_A_XV,0.4866299405694008,1997,10,9
M_029_A_XV,0.0,1997,10,10
M_029_A_XV,0.0803028121590614,1997,10,11
M_029_A_XV,6.553030461072922,1997,10,12
M_029_A_XV,2.4339240454137325,1997,10,13
M_029_A_XV,3.6262319460511208,1997,10,14
M_029_A_XV,0.4170272182673216,1997,10,15
M_029_A_XV,0.0,1997,10,16
M_029_A_XV,0.0,1997,10,17
M_029_A_XV,0.0,1997,10,18
M_029_A_XV,0.0,1997,10,19
M_029_A_XV,0.0,1997,10,20
M_029_A_XV,0.0,1997,10,21
M_029_A_XV,0.00875224173069,1997,10,22
M_029_A_XV,0.2525273081846535,1997,10,23
M_029_A_XV,0.1012651566416025,1997,10,24
M_029_A_XV,0.0,1997,10,25
M_029_A_XV,0.0,1997,10,26
M_029_A_XV,0.1178809404373169,1997,10,27
M_029_A_XV,0.0235185697674751,1997,10,28
M_029_A_XV,0.077896274626255,1997,10,29
M_029_A_XV,3.0995944421738386,1997,10,30
M_029_A_XV,4.011769510805607,1997,10,31
M_029_A_XV,6.079818904399872,1997,11,1
M_029_A_XV,15.979567050933838,1997,11,2
M_029_A_XV,8.786291122436523,1997,11,3
M_029_A_XV,11.691949605941772,1997,11,4
M_029_A_XV,4.019778490066528,1997,11,5
M_029_A_XV,2.208528995513916,1997,11,6
M_029_A_XV,2.4824498146772385,1997,11,7
M_029_A_XV,2.9019957184791565,1997,11,8
M_029_A_XV,6.086479361751117,1997,11,9
M_029_A_XV,3.1337415599264205,1997,11,10
M_029_A_XV,0.1038277743355138,1997,11,11
M_029_A_XV,0.0,1997,11,12
M_029_A_XV,0.0,1997,11,13
M_029_A_XV,0.0,1997,11,14
M_029_A_XV,0.182038277387619,1997,11,15
M_029_A_XV,0.0,1997,11,16
M_029_A_XV,0.0,1997,11,17
M_029_A_XV,0.0002406535641057,1997,11,18
M_029_A_XV,1.5771777629852295,1997,11,19
M_029_A_XV,2.774345561861992,1997,11,20
M_029_A_XV,10.451458811759949,1997,11,21
M_029_A_XV,7.441784888505936,1997,11,22
M_029_A_XV,9.50888168811798,1997,11,23
M_029_A_XV,0.4190920069813728,1997,11,24
M_029_A_XV,0.0,1997,11,25
M_029_A_XV,0.0,1997,11,26
M_029_A_XV,0.3115850985050201,1997,11,27
M_029_A_XV,2.3593395054340363,1997,11,28
M_029_A_XV,2.185908794403076,1997,11,29
M_029_A_XV,0.6415930259972811,1997,11,30
M_029_A_XV,0.005732069723308,1997,12,1
M_029_A_XV,0.0,1997,12,2
M_029_A_XV,0.0,1997,12,3
M_029_A_XV,0.0,1997,12,4
M_029_A_XV,0.0,1997,12,5
M_029_A_XV,0.77976393699646,1997,12,6
M_029_A_XV,13.26935601234436,1997,12,7
M_029_A_XV,2.012276202440262,1997,12,8
M_029_A_XV,8.480723053216934,1997,12,9
M_029_A_XV,0.0130840055644512,1997,12,10
M_029_A_XV,0.0,1997,12,11
M_029_A_XV,0.0,1997,12,12
M_029_A_XV,0.0,1997,12,13
M_029_A_XV,0.0,1997,12,14
M_029_A_XV,0.0,1997,12,15
M_029_A_XV,0.0,1997,12,16
M_029_A_XV,0.0,1997,12,17
M_029_A_XV,2.73364619910717,1997,12,18
M_029_A_XV,18.83178436756134,1997,12,19
M_029_A_XV,4.65875199995935,1997,12,20
M_029_A_XV,4.578627407550812,1997,12,21
M_029_A_XV,1.325321076437831,1997,12,22
M_029_A_XV,9.2969910800457,1997,12,23
M_029_A_XV,22.105416350066665,1997,12,24
M_029_A_XV,3.636143170297146,1997,12,25
M_029_A_XV,4.982734953984618,1997,12,26
M_029_A_XV,4.527801930904388,1997,12,27
M_029_A_XV,3.060220986022614,1997,12,28
M_029_A_XV,5.217133536934853,1997,12,29
M_029_A_XV,2.546578397974372,1997,12,30
M_029_A_XV,0.6322985589504242,1997,12,31
M_029_A_XV,2.48215426504612,1998,1,1
M_029_A_XV,4.456053590402007,1998,1,2
M_029_A_XV,2.246735598426312,1998,1,3
M_029_A_XV,2.2877106219530106,1998,1,4
M_029_A_XV,4.211731754243374,1998,1,5
M_029_A_XV,4.416571334004402,1998,1,6
M_029_A_XV,10.492754613980653,1998,1,7
M_029_A_XV,10.627577602863312,1998,1,8
M_029_A_XV,5.529674023389816,1998,1,9
M_029_A_XV,5.865249961614609,1998,1,10
M_029_A_XV,7.526732325553894,1998,1,11
M_029_A_XV,14.218039274215698,1998,1,12
M_029_A_XV,19.133241653442383,1998,1,13
M_029_A_XV,9.408767377957702,1998,1,14
M_029_A_XV,6.595115900039673,1998,1,15
M_029_A_XV,0.6584607660770416,1998,1,16
M_029_A_XV,2.1870125979185104,1998,1,17
M_029_A_XV,2.0343207269907,1998,1,18
M_029_A_XV,6.939895689487457,1998,1,19
M_029_A_XV,3.051050489768386,1998,1,20
M_029_A_XV,5.745608627796173,1998,1,21
M_029_A_XV,3.1295151710510254,1998,1,22
M_029_A_XV,2.3434408642351627,1998,1,23
M_029_A_XV,6.563464939594269,1998,1,24
M_029_A_XV,14.671200931072237,1998,1,25
M_029_A_XV,19.40025794506073,1998,1,26
M_029_A_XV,14.061841011047363,1998,1,27
M_029_A_XV,7.716925948858261,1998,1,28
M_029_A_XV,2.278053866699338,1998,1,29
M_029_A_XV,5.186808317899704,1998,1,30
M_029_A_XV,3.447425603866577,1998,1,31
M_029_A_XV,0.0,1998,2,1
M_029_A_XV,1.1064292192459106,1998,2,2
M_029_A_XV,2.5506512504071,1998,2,3
M_029_A_XV,0.790382981300354,1998,2,4
M_029_A_XV,4.238089516758919,1998,2,5
M_029_A_XV,10.919315934181212,1998,2,6
M_029_A_XV,26.72913283109665,1998,2,7
M_029_A_XV,14.39822083711624,1998,2,8
M_029_A_XV,0.2557925581932068,1998,2,9
M_029_A_XV,1.7445664405822754,1998,2,10
M_029_A_XV,11.463136553764343,1998,2,11
M_029_A_XV,25.9054958820343,1998,2,12
M_029_A_XV,14.111368691548703,1998,2,13
M_029_A_XV,13.63549381494522,1998,2,14
M_029_A_XV,17.56887638568878,1998,2,15
M_029_A_XV,8.00619424879551,1998,2,16
M_029_A_XV,4.33583889901638,1998,2,17
M_029_A_XV,0.1726382970809936,1998,2,18
M_029_A_XV,0.4356913560768589,1998,2,19
M_029_A_XV,11.046502888202667,1998,2,20
M_029_A_XV,1.81596040725708,1998,2,21
M_029_A_XV,5.315351188182831,1998,2,22
M_029_A_XV,1.5968749523162842,1998,2,23
M_029_A_XV,7.951649963855743,1998,2,24
M_029_A_XV,3.7199233025312415,1998,2,25
M_029_A_XV,1.504896318539977,1998,2,26
M_029_A_XV,4.603616386651993,1998,2,27
M_029_A_XV,7.778667241334915,1998,2,28
M_029_A_XV,4.5119070410728455,1998,3,1
M_029_A_XV,0.3330985344946384,1998,3,2
M_029_A_XV,2.8396754432469606,1998,3,3
M_029_A_XV,3.665977770462632,1998,3,4
M_029_A_XV,0.518527090549469,1998,3,5
M_029_A_XV,1.1180676445364952,1998,3,6
M_029_A_XV,1.686129465699196,1998,3,7
M_029_A_XV,1.1567087769508362,1998,3,8
M_029_A_XV,3.1009185016155243,1998,3,9
M_029_A_XV,13.63350510597229,1998,3,10
M_029_A_XV,23.20120072364807,1998,3,11
M_029_A_XV,10.103770270943642,1998,3,12
M_029_A_XV,0.0,1998,3,13
M_029_A_XV,1.1345218420028689,1998,3,14
M_029_A_XV,2.9534458592534065,1998,3,15
M_029_A_XV,17.09268820285797,1998,3,16
M_029_A_XV,1.8129272013902664,1998,3,17
M_029_A_XV,0.2336888313293457,1998,3,18
M_029_A_XV,3.0148878563195467,1998,3,19
M_029_A_XV,4.111286967992783,1998,3,20
M_029_A_XV,2.2953611686825752,1998,3,21
M_029_A_XV,0.0233688820153474,1998,3,22
M_029_A_XV,0.0,1998,3,23
M_029_A_XV,0.0,1998,3,24
M_029_A_XV,0.5086405742913485,1998,3,25
M_029_A_XV,1.6835764572024343,1998,3,26
M_029_A_XV,5.805587507784367,1998,3,27
M_029_A_XV,1.2776529900729656,1998,3,28
M_029_A_XV,4.791245274245739,1998,3,29
M_029_A_XV,20.728766322135925,1998,3,30
M_029_A_XV,5.256872788071632,1998,3,31
M_029_A_XV,8.184363640844822,1998,4,1
M_029_A_XV,4.7949090003967285,1998,4,2
M_029_A_XV,0.1581990849226713,1998,4,3
M_029_A_XV,0.0,1998,4,4
M_029_A_XV,0.0,1998,4,5
M_029_A_XV,0.0,1998,4,6
M_029_A_XV,0.0,1998,4,7
M_029_A_XV,0.0,1998,4,8
M_029_A_XV,0.0,1998,4,9
M_029_A_XV,0.077896274626255,1998,4,10
M_029_A_XV,2.792380534112453,1998,4,11
M_029_A_XV,7.684030294418335,1998,4,12
M_029_A_XV,0.6290073649724945,1998,4,13
M_029_A_XV,1.1433555241674185,1998,4,14
M_029_A_XV,0.0,1998,4,15
M_029_A_XV,0.0,1998,4,16
M_029_A_XV,0.0,1998,4,17
M_029_A_XV,0.0,1998,4,18
M_029_A_XV,0.0,1998,4,19
M_029_A_XV,0.0,1998,4,20
M_029_A_XV,0.0,1998,4,21
M_029_A_XV,0.0,1998,4,22
M_029_A_XV,0.0,1998,4,23
M_029_A_XV,0.0,1998,4,24
M_029_A_XV,0.7083084881305695,1998,4,25
M_029_A_XV,0.0,1998,4,26
M_029_A_XV,0.0,1998,4,27
M_029_A_XV,0.0,1998,4,28
M_029_A_XV,0.0,1998,4,29
M_029_A_XV,0.0,1998,4,30
M_029_A_XV,0.0,1998,5,1
M_029_A_XV,0.0,1998,5,2
M_029_A_XV,0.0,1998,5,3
M_029_A_XV,0.0,1998,5,4
M_029_A_XV,0.0,1998,5,5
M_029_A_XV,0.0,1998,5,6
M_029_A_XV,0.0,1998,5,7
M_029_A_XV,0.0,1998,5,8
M_029_A_XV,0.0,1998,5,9
M_029_A_XV,0.0,1998,5,10
M_029_A_XV,0.0,1998,5,11
M_029_A_XV,0.2994106765836477,1998,5,12
M_029_A_XV,0.0990695878863334,1998,5,13
M_029_A_XV,0.0,1998,5,14
M_029_A_XV,0.0,1998,5,15
M_029_A_XV,0.0,1998,5,16
M_029_A_XV,0.0,1998,5,17
M_029_A_XV,0.0,1998,5,18
M_029_A_XV,0.0,1998,5,19
M_029_A_XV,0.0,1998,5,20
M_029_A_XV,0.0,1998,5,21
M_029_A_XV,0.0,1998,5,22
M_029_A_XV,0.0,1998,5,23
M_029_A_XV,0.0,1998,5,24
M_029_A_XV,0.0,1998,5,25
M_029_A_XV,0.0,1998,5,26
M_029_A_XV,0.0,1998,5,27
M_029_A_XV,0.0,1998,5,28
M_029_A_XV,0.0,1998,5,29
M_029_A_XV,0.0,1998,5,30
M_029_A_XV,0.0,1998,5,31
M_029_A_XV,0.0,1998,6,1
M_029_A_XV,0.0,1998,6,2
M_029_A_XV,0.0,1998,6,3
M_029_A_XV,0.0,1998,6,4
M_029_A_XV,0.0,1998,6,5
M_029_A_XV,0.0,1998,6,6
M_029_A_XV,0.0,1998,6,7
M_029_A_XV,0.0,1998,6,8
M_029_A_XV,0.097003174945712,1998,6,9
M_029_A_XV,0.0,1998,6,10
M_029_A_XV,0.0,1998,6,11
M_029_A_XV,0.0,1998,6,12
M_029_A_XV,0.0,1998,6,13
M_029_A_XV,0.0914770010858774,1998,6,14
M_029_A_XV,0.0,1998,6,15
M_029_A_XV,0.0,1998,6,16
M_029_A_XV,0.0,1998,6,17
M_029_A_XV,0.0,1998,6,18
M_029_A_XV,0.0,1998,6,19
M_029_A_XV,0.0,1998,6,20
M_029_A_XV,0.0,1998,6,21
M_029_A_XV,0.1043155416846275,1998,6,22
M_029_A_XV,1.8862204551696773,1998,6,23
M_029_A_XV,5.605932183563709,1998,6,24
M_029_A_XV,10.057844877243042,1998,6,25
M_029_A_XV,1.8930003643035889,1998,6,26
M_029_A_XV,0.0,1998,6,27
M_029_A_XV,0.0,1998,6,28
M_029_A_XV,0.2134157456457615,1998,6,29
M_029_A_XV,0.3667834233492613,1998,6,30
M_029_A_XV,0.144338583573699,1998,7,1
M_029_A_XV,5.90290474065e-05,1998,7,2
M_029_A_XV,0.0,1998,7,3
M_029_A_XV,0.0,1998,7,4
M_029_A_XV,0.0,1998,7,5
M_029_A_XV,0.0,1998,7,6
M_029_A_XV,0.0,1998,7,7
M_029_A_XV,0.0,1998,7,8
M_029_A_XV,0.0,1998,7,9
M_029_A_XV,0.0,1998,7,10
M_029_A_XV,0.0,1998,7,11
M_029_A_XV,0.0,1998,7,12
M_029_A_XV,0.0,1998,7,13
M_029_A_XV,0.0,1998,7,14
M_029_A_XV,0.0,1998,7,15
M_029_A_XV,0.0,1998,7,16
M_029_A_XV,0.0,1998,7,17
M_029_A_XV,0.0,1998,7,18
M_029_A_XV,0.0,1998,7,19
M_029_A_XV,0.0,1998,7,20
M_029_A_XV,0.0,1998,7,21
M_029_A_XV,0.0077896271832287,1998,7,22
M_029_A_XV,0.0291009508073329,1998,7,23
M_029_A_XV,0.0,1998,7,24
M_029_A_XV,0.0077896271832287,1998,7,25
M_029_A_XV,0.0,1998,7,26
M_029_A_XV,0.0,1998,7,27
M_029_A_XV,0.0,1998,7,28
M_029_A_XV,0.0,1998,7,29
M_029_A_XV,0.0,1998,7,30
M_029_A_XV,0.0,1998,7,31
M_029_A_XV,0.0,1998,8,1
M_029_A_XV,0.0,1998,8,2
M_029_A_XV,0.0,1998,8,3
M_029_A_XV,0.0,1998,8,4
M_029_A_XV,0.0,1998,8,5
M_029_A_XV,0.0,1998,8,6
M_029_A_XV,0.0,1998,8,7
M_029_A_XV,0.0,1998,8,8
M_029_A_XV,0.0,1998,8,9
M_029_A_XV,0.0,1998,8,10
M_029_A_XV,0.0802247002720832,1998,8,11
M_029_A_XV,0.1601688056252896,1998,8,12
M_029_A_XV,0.4393476359546184,1998,8,13
M_029_A_XV,0.0827093422412872,1998,8,14
M_029_A_XV,0.0,1998,8,15
M_029_A_XV,0.0,1998,8,16
M_029_A_XV,0.0,1998,8,17
M_029_A_XV,0.0,1998,8,18
M_029_A_XV,0.0,1998,8,19
M_029_A_XV,0.0,1998,8,20
M_029_A_XV,0.6080120727419853,1998,8,21
M_029_A_XV,0.077896274626255,1998,8,22
M_029_A_XV,0.0,1998,8,23
M_029_A_XV,0.0,1998,8,24
M_029_A_XV,0.0,1998,8,25
M_029_A_XV,0.0,1998,8,26
M_029_A_XV,0.0,1998,8,27
M_029_A_XV,0.0,1998,8,28
M_029_A_XV,0.3212112486362457,1998,8,29
M_029_A_XV,2.9361470714211464,1998,8,30
M_029_A_XV,0.9670754745602608,1998,8,31
M_029_A_XV,0.4218015354126692,1998,9,1
M_029_A_XV,0.0328430831432342,1998,9,2
M_029_A_XV,0.0,1998,9,3
M_029_A_XV,0.0,1998,9,4
M_029_A_XV,0.2424613527837209,1998,9,5
M_029_A_XV,0.4545633941888809,1998,9,6
M_029_A_XV,0.0,1998,9,7
M_029_A_XV,0.0,1998,9,8
M_029_A_XV,0.0,1998,9,9
M_029_A_XV,0.0,1998,9,10
M_029_A_XV,0.0,1998,9,11
M_029_A_XV,0.0,1998,9,12
M_029_A_XV,0.0,1998,9,13
M_029_A_XV,0.9385417439043522,1998,9,14
M_029_A_XV,3.079637736082077,1998,9,15
M_029_A_XV,0.0620910784200532,1998,9,16
M_029_A_XV,0.3318725783610716,1998,9,17
M_029_A_XV,0.0,1998,9,18
M_029_A_XV,0.0,1998,9,19
M_029_A_XV,0.0,1998,9,20
M_029_A_XV,0.0,1998,9,21
M_029_A_XV,0.0002406535641057,1998,9,22
M_029_A_XV,0.1587893739342689,1998,9,23
M_029_A_XV,0.8478349819779396,1998,9,24
M_029_A_XV,0.4039206057786941,1998,9,25
M_029_A_XV,0.0,1998,9,26
M_029_A_XV,0.0,1998,9,27
M_029_A_XV,0.0,1998,9,28
M_029_A_XV,0.0,1998,9,29
M_029_A_XV,0.0,1998,9,30
M_029_A_XV,0.0,1998,10,1
M_029_A_XV,0.0,1998,10,2
M_029_A_XV,0.0,1998,10,3
M_029_A_XV,0.0,1998,10,4
M_029_A_XV,0.0,1998,10,5
M_029_A_XV,0.0,1998,10,6
M_029_A_XV,0.0,1998,10,7
M_029_A_XV,0.0,1998,10,8
M_029_A_XV,0.0803028121590614,1998,10,9
M_029_A_XV,0.0,1998,10,10
M_029_A_XV,0.0,1998,10,11
M_029_A_XV,0.0,1998,10,12
M_029_A_XV,2.2298281379044056,1998,10,13
M_029_A_XV,6.237407818436623,1998,10,14
M_029_A_XV,0.4361816340824589,1998,10,15
M_029_A_XV,0.0,1998,10,16
M_029_A_XV,0.0,1998,10,17
M_029_A_XV,4.6576675325632095,1998,10,18
M_029_A_XV,5.561703562736511,1998,10,19
M_029_A_XV,2.099124707281589,1998,10,20
M_029_A_XV,9.516310185194016,1998,10,21
M_029_A_XV,2.9250128343701363,1998,10,22
M_029_A_XV,2.965384721755981,1998,10,23
M_029_A_XV,11.8751802444458,1998,10,24
M_029_A_XV,1.8174251317977903,1998,10,25
M_029_A_XV,0.0,1998,10,26
M_029_A_XV,0.0024065356701612,1998,10,27
M_029_A_XV,3.927506744861603,1998,10,28
M_029_A_XV,7.79074501991272,1998,10,29
M_029_A_XV,2.9257462974637747,1998,10,30
M_029_A_XV,0.0,1998,10,31
M_029_A_XV,0.0,1998,11,1
M_029_A_XV,0.0,1998,11,2
M_029_A_XV,0.0,1998,11,3
M_029_A_XV,0.0,1998,11,4
M_029_A_XV,0.0,1998,11,5
M_029_A_XV,0.0,1998,11,6
M_029_A_XV,0.0,1998,11,7
M_029_A_XV,0.0803028121590614,1998,11,8
M_029_A_XV,0.0,1998,11,9
M_029_A_XV,0.0,1998,11,10
M_029_A_XV,0.0,1998,11,11
M_029_A_XV,0.0,1998,11,12
M_029_A_XV,0.2533860206604004,1998,11,13
M_029_A_XV,3.8889020681381226,1998,11,14
M_029_A_XV,5.083723768591881,1998,11,15
M_029_A_XV,25.10556721687317,1998,11,16
M_029_A_XV,2.3756582364439964,1998,11,17
M_029_A_XV,0.1833415199071169,1998,11,18
M_029_A_XV,1.9859977243468163,1998,11,19
M_029_A_XV,1.0780544389272109,1998,11,20
M_029_A_XV,10.064140498638151,1998,11,21
M_029_A_XV,11.12657618522644,1998,11,22
M_029_A_XV,0.3765493053942919,1998,11,23
M_029_A_XV,0.0,1998,11,24
M_029_A_XV,0.0,1998,11,25
M_029_A_XV,0.0100145386531949,1998,11,26
M_029_A_XV,0.0024065356701612,1998,11,27
M_029_A_XV,0.0087522414396516,1998,11,28
M_029_A_XV,0.7437340556643903,1998,11,29
M_029_A_XV,0.6812674775719643,1998,11,30
M_029_A_XV,0.0,1998,12,1
M_029_A_XV,0.0,1998,12,2
M_029_A_XV,0.0,1998,12,3
M_029_A_XV,0.0467377640306949,1998,12,4
M_029_A_XV,2.119836751371622,1998,12,5
M_029_A_XV,1.6369878454133868,1998,12,6
M_029_A_XV,3.872028421610594,1998,12,7
M_029_A_XV,1.9316864144057035,1998,12,8
M_029_A_XV,0.0002406535641057,1998,12,9
M_029_A_XV,1.6599315484054389,1998,12,10
M_029_A_XV,0.0077896271832287,1998,12,11
M_029_A_XV,0.0,1998,12,12
M_029_A_XV,1.2514698058366776,1998,12,13
M_029_A_XV,1.7699474096298218,1998,12,14
M_029_A_XV,0.5028893910348415,1998,12,15
M_029_A_XV,8.930124141275883,1998,12,16
M_029_A_XV,2.826277196058072,1998,12,17
M_029_A_XV,0.2964605465531349,1998,12,18
M_029_A_XV,0.0019106898689642,1998,12,19
M_029_A_XV,0.5411989092826843,1998,12,20
M_029_A_XV,1.6196144558489325,1998,12,21
M_029_A_XV,3.415037378668785,1998,12,22
M_029_A_XV,6.567891672253609,1998,12,23
M_029_A_XV,3.499350255355239,1998,12,24
M_029_A_XV,3.0256977528333664,1998,12,25
M_029_A_XV,1.5613835211843252,1998,12,26
M_029_A_XV,1.4229713432723656,1998,12,27
M_029_A_XV,9.897600650787354,1998,12,28
M_029_A_XV,0.0007219606777653,1998,12,29
M_029_A_XV,0.2546491324901581,1998,12,30
M_029_A_XV,2.094438881613314,1998,12,31
M_029_A_XV,1.906422359868884,1999,1,1
M_029_A_XV,1.670459821820259,1999,1,2
M_029_A_XV,0.0982037565554492,1999,1,3
M_029_A_XV,0.0,1999,1,4
M_029_A_XV,0.0,1999,1,5
M_029_A_XV,0.4159078598022461,1999,1,6
M_029_A_XV,1.7028067912906408,1999,1,7
M_029_A_XV,0.0002996826078742,1999,1,8
M_029_A_XV,5.627247840166092,1999,1,9
M_029_A_XV,7.143259763717651,1999,1,10
M_029_A_XV,6.199998617172241,1999,1,11
M_029_A_XV,8.835317850112915,1999,1,12
M_029_A_XV,3.3239354491233826,1999,1,13
M_029_A_XV,3.990806370973587,1999,1,14
M_029_A_XV,0.0,1999,1,15
M_029_A_XV,0.0,1999,1,16
M_029_A_XV,2.86269997729687,1999,1,17
M_029_A_XV,1.363966315984726,1999,1,18
M_029_A_XV,1.5745109589770436,1999,1,19
M_029_A_XV,4.314230715855956,1999,1,20
M_029_A_XV,14.836611866950989,1999,1,21
M_029_A_XV,9.97807627916336,1999,1,22
M_029_A_XV,7.582785844802856,1999,1,23
M_029_A_XV,8.119999289512634,1999,1,24
M_029_A_XV,1.4061322039924562,1999,1,25
M_029_A_XV,0.9456380158662796,1999,1,26
M_029_A_XV,3.269660495221615,1999,1,27
M_029_A_XV,7.464142382144928,1999,1,28
M_029_A_XV,6.05381440743804,1999,1,29
M_029_A_XV,7.384311109781265,1999,1,30
M_029_A_XV,3.64864650554955,1999,1,31
M_029_A_XV,11.19445252418518,1999,2,1
M_029_A_XV,3.191303588449955,1999,2,2
M_029_A_XV,5.440648674964905,1999,2,3
M_029_A_XV,6.499695628881455,1999,2,4
M_029_A_XV,6.662368193268776,1999,2,5
M_029_A_XV,3.869715970009565,1999,2,6
M_029_A_XV,1.798418785445392,1999,2,7
M_029_A_XV,3.32078517973423,1999,2,8
M_029_A_XV,3.985665056854488,1999,2,9
M_029_A_XV,3.681703258305788,1999,2,10
M_029_A_XV,4.20533381588757,1999,2,11
M_029_A_XV,11.027043342590332,1999,2,12
M_029_A_XV,13.103963315486908,1999,2,13
M_029_A_XV,10.700855523347856,1999,2,14
M_029_A_XV,8.565824888646603,1999,2,15
M_029_A_XV,14.582831360399725,1999,2,16
M_029_A_XV,3.655728381127119,1999,2,17
M_029_A_XV,4.825090976431966,1999,2,18
M_029_A_XV,3.2555612828582525,1999,2,19
M_029_A_XV,1.8626098539680245,1999,2,20
M_029_A_XV,2.5833204966038465,1999,2,21
M_029_A_XV,1.6579602612182498,1999,2,22
M_029_A_XV,2.732461867853999,1999,2,23
M_029_A_XV,5.8324717581272125,1999,2,24
M_029_A_XV,19.45279264450073,1999,2,25
M_029_A_XV,24.39438569545746,1999,2,26
M_029_A_XV,14.091846607625484,1999,2,27
M_029_A_XV,6.863052027416416,1999,2,28
M_029_A_XV,10.411643266677856,1999,3,1
M_029_A_XV,9.064293880015612,1999,3,2
M_029_A_XV,6.928018450737,1999,3,3
M_029_A_XV,10.040226846933365,1999,3,4
M_029_A_XV,8.633451491594315,1999,3,5
M_029_A_XV,13.771504282951357,1999,3,6
M_029_A_XV,15.801790595054626,1999,3,7
M_029_A_XV,11.320005789399149,1999,3,8
M_029_A_XV,6.463379248976708,1999,3,9
M_029_A_XV,6.189614795148373,1999,3,10
M_029_A_XV,2.951504710130393,1999,3,11
M_029_A_XV,3.70485726557672,1999,3,12
M_029_A_XV,9.534354507923126,1999,3,13
M_029_A_XV,9.81821870803833,1999,3,14
M_029_A_XV,3.537578582763672,1999,3,15
M_029_A_XV,6.609174430370331,1999,3,16
M_029_A_XV,7.713644221425056,1999,3,17
M_029_A_XV,6.748056411743164,1999,3,18
M_029_A_XV,13.132583379745483,1999,3,19
M_029_A_XV,6.644481390714645,1999,3,20
M_029_A_XV,5.079230150207877,1999,3,21
M_029_A_XV,4.884754844009876,1999,3,22
M_029_A_XV,8.168977439403534,1999,3,23
M_029_A_XV,8.146947011351585,1999,3,24
M_029_A_XV,5.146309327334166,1999,3,25
M_029_A_XV,3.7393607795238495,1999,3,26
M_029_A_XV,2.21710810624063,1999,3,27
M_029_A_XV,2.827415527775884,1999,3,28
M_029_A_XV,5.197785183787346,1999,3,29
M_029_A_XV,3.6008467376232147,1999,3,30
M_029_A_XV,6.214816357940435,1999,3,31
M_029_A_XV,6.686872398440755,1999,4,1
M_029_A_XV,3.298450320959091,1999,4,2
M_029_A_XV,9.759124103933573,1999,4,3
M_029_A_XV,2.4684655740857124,1999,4,4
M_029_A_XV,3.433837778866291,1999,4,5
M_029_A_XV,4.702005952596664,1999,4,6
M_029_A_XV,0.8159075751900673,1999,4,7
M_029_A_XV,3.089740378782153,1999,4,8
M_029_A_XV,5.571970164775848,1999,4,9
M_029_A_XV,1.4399338215589523,1999,4,10
M_029_A_XV,3.86549480445683,1999,4,11
M_029_A_XV,4.867443924769759,1999,4,12
M_029_A_XV,2.836430221796036,1999,4,13
M_029_A_XV,0.0,1999,4,14
M_029_A_XV,0.0,1999,4,15
M_029_A_XV,0.0,1999,4,16
M_029_A_XV,0.0,1999,4,17
M_029_A_XV,0.0002406535641057,1999,4,18
M_029_A_XV,0.0,1999,4,19
M_029_A_XV,0.7348180413246155,1999,4,20
M_029_A_XV,4.9987815618515015,1999,4,21
M_029_A_XV,4.266173869371414,1999,4,22
M_029_A_XV,0.3899595588445663,1999,4,23
M_029_A_XV,0.2619704063981771,1999,4,24
M_029_A_XV,2.132835648953914,1999,4,25
M_029_A_XV,0.0,1999,4,26
M_029_A_XV,2.151420749723912,1999,4,27
M_029_A_XV,1.8745978455990555,1999,4,28
M_029_A_XV,0.0269005814334377,1999,4,29
M_029_A_XV,1.4857428409159184,1999,4,30
M_029_A_XV,5.248841196298599,1999,5,1
M_029_A_XV,8.7063547372818,1999,5,2
M_029_A_XV,0.2336888238787651,1999,5,3
M_029_A_XV,0.0,1999,5,4
M_029_A_XV,0.0,1999,5,5
M_029_A_XV,0.0,1999,5,6
M_029_A_XV,0.0,1999,5,7
M_029_A_XV,0.0,1999,5,8
M_029_A_XV,0.0,1999,5,9
M_029_A_XV,0.0,1999,5,10
M_029_A_XV,0.0,1999,5,11
M_029_A_XV,0.0,1999,5,12
M_029_A_XV,0.0,1999,5,13
M_029_A_XV,0.0,1999,5,14
M_029_A_XV,0.0,1999,5,15
M_029_A_XV,0.0,1999,5,16
M_029_A_XV,0.0,1999,5,17
M_029_A_XV,0.0,1999,5,18
M_029_A_XV,0.0,1999,5,19
M_029_A_XV,0.0159046198241412,1999,5,20
M_029_A_XV,0.0177260604687035,1999,5,21
M_029_A_XV,0.3446409553289413,1999,5,22
M_029_A_XV,0.0808930993080139,1999,5,23
M_029_A_XV,0.0,1999,5,24
M_029_A_XV,0.0,1999,5,25
M_029_A_XV,0.0024065356701612,1999,5,26
M_029_A_XV,0.0,1999,5,27
M_029_A_XV,0.0,1999,5,28
M_029_A_XV,0.0,1999,5,29
M_029_A_XV,0.0002406535641057,1999,5,30
M_029_A_XV,0.0,1999,5,31
M_029_A_XV,0.0,1999,6,1
M_029_A_XV,0.0,1999,6,2
M_029_A_XV,0.042887570336461,1999,6,3
M_029_A_XV,0.2539762984961271,1999,6,4
M_029_A_XV,0.0,1999,6,5
M_029_A_XV,0.0,1999,6,6
M_029_A_XV,0.0,1999,6,7
M_029_A_XV,0.0,1999,6,8
M_029_A_XV,0.0,1999,6,9
M_029_A_XV,0.0,1999,6,10
M_029_A_XV,0.0,1999,6,11
M_029_A_XV,0.0,1999,6,12
M_029_A_XV,0.0,1999,6,13
M_029_A_XV,0.0,1999,6,14
M_029_A_XV,0.0,1999,6,15
M_029_A_XV,0.0,1999,6,16
M_029_A_XV,0.0,1999,6,17
M_029_A_XV,0.0,1999,6,18
M_029_A_XV,0.0,1999,6,19
M_029_A_XV,0.0,1999,6,20
M_029_A_XV,0.0,1999,6,21
M_029_A_XV,0.0,1999,6,22
M_029_A_XV,0.0,1999,6,23
M_029_A_XV,0.0,1999,6,24
M_029_A_XV,0.0,1999,6,25
M_029_A_XV,0.0097003169357776,1999,6,26
M_029_A_XV,0.1193168498575687,1999,6,27
M_029_A_XV,0.0,1999,6,28
M_029_A_XV,0.0,1999,6,29
M_029_A_XV,0.0,1999,6,30
M_029_A_XV,0.0,1999,7,1
M_029_A_XV,0.0,1999,7,2
M_029_A_XV,0.0,1999,7,3
M_029_A_XV,0.0,1999,7,4
M_029_A_XV,0.0,1999,7,5
M_029_A_XV,0.0,1999,7,6
M_029_A_XV,0.0,1999,7,7
M_029_A_XV,0.0236685648560524,1999,7,8
M_029_A_XV,0.1093544624745845,1999,7,9
M_029_A_XV,0.1030677855014801,1999,7,10
M_029_A_XV,0.0,1999,7,11
M_029_A_XV,0.0,1999,7,12
M_029_A_XV,0.0,1999,7,13
M_029_A_XV,0.0,1999,7,14
M_029_A_XV,0.0,1999,7,15
M_029_A_XV,0.0,1999,7,16
M_029_A_XV,0.0097593460232019,1999,7,17
M_029_A_XV,0.0448875129222869,1999,7,18
M_029_A_XV,0.0,1999,7,19
M_029_A_XV,0.0,1999,7,20
M_029_A_XV,0.0,1999,7,21
M_029_A_XV,0.0,1999,7,22
M_029_A_XV,0.0234279111027717,1999,7,23
M_029_A_XV,0.0097593460232019,1999,7,24
M_029_A_XV,0.0,1999,7,25
M_029_A_XV,0.0392144694924354,1999,7,26
M_029_A_XV,0.0,1999,7,27
M_029_A_XV,0.0,1999,7,28
M_029_A_XV,0.0,1999,7,29
M_029_A_XV,0.0,1999,7,30
M_029_A_XV,0.0080893095582723,1999,7,31
M_029_A_XV,0.2814380228519439,1999,8,1
M_029_A_XV,0.3608410358428955,1999,8,2
M_029_A_XV,0.077896274626255,1999,8,3
M_029_A_XV,0.0,1999,8,4
M_029_A_XV,0.0,1999,8,5
M_029_A_XV,0.0,1999,8,6
M_029_A_XV,0.0,1999,8,7
M_029_A_XV,0.0,1999,8,8
M_029_A_XV,0.1011827811598777,1999,8,9
M_029_A_XV,0.8899479638785124,1999,8,10
M_029_A_XV,0.3915127292275429,1999,8,11
M_029_A_XV,0.0,1999,8,12
M_029_A_XV,0.0,1999,8,13
M_029_A_XV,0.0,1999,8,14
M_029_A_XV,0.0,1999,8,15
M_029_A_XV,0.0,1999,8,16
M_029_A_XV,0.0,1999,8,17
M_029_A_XV,0.0,1999,8,18
M_029_A_XV,0.0,1999,8,19
M_029_A_XV,0.0,1999,8,20
M_029_A_XV,0.0,1999,8,21
M_029_A_XV,0.0,1999,8,22
M_029_A_XV,0.0,1999,8,23
M_029_A_XV,0.0,1999,8,24
M_029_A_XV,0.0,1999,8,25
M_029_A_XV,0.0,1999,8,26
M_029_A_XV,0.0,1999,8,27
M_029_A_XV,0.0,1999,8,28
M_029_A_XV,0.0,1999,8,29
M_029_A_XV,0.0,1999,8,30
M_029_A_XV,0.0,1999,8,31
M_029_A_XV,0.152665737667121,1999,9,1
M_029_A_XV,0.2569753304123878,1999,9,2
M_029_A_XV,0.3534052778268233,1999,9,3
M_029_A_XV,0.4939475879073143,1999,9,4
M_029_A_XV,0.0,1999,9,5
M_029_A_XV,0.0,1999,9,6
M_029_A_XV,0.0,1999,9,7
M_029_A_XV,0.0,1999,9,8
M_029_A_XV,0.0,1999,9,9
M_029_A_XV,0.0,1999,9,10
M_029_A_XV,0.0,1999,9,11
M_029_A_XV,0.0,1999,9,12
M_029_A_XV,0.0,1999,9,13
M_029_A_XV,0.0,1999,9,14
M_029_A_XV,0.0,1999,9,15
M_029_A_XV,0.0,1999,9,16
M_029_A_XV,0.0,1999,9,17
M_029_A_XV,1.684914544224739,1999,9,18
M_029_A_XV,7.381635069847107,1999,9,19
M_029_A_XV,3.211955077946186,1999,9,20
M_029_A_XV,0.0,1999,9,21
M_029_A_XV,0.0,1999,9,22
M_029_A_XV,0.0,1999,9,23
M_029_A_XV,0.0,1999,9,24
M_029_A_XV,0.0,1999,9,25
M_029_A_XV,1.2368381023406982,1999,9,26
M_029_A_XV,0.6486539863981307,1999,9,27
M_029_A_XV,0.0989138666773215,1999,9,28
M_029_A_XV,0.005732069723308,1999,9,29
M_029_A_XV,0.0032274784025503,1999,9,30
M_029_A_XV,3.219934463500977,1999,10,1
M_029_A_XV,2.2797937095165253,1999,10,2
M_029_A_XV,7.109287708997726,1999,10,3
M_029_A_XV,5.082241117954254,1999,10,4
M_029_A_XV,5.005317777395248,1999,10,5
M_029_A_XV,0.0326614594087004,1999,10,6
M_029_A_XV,0.0835402829543454,1999,10,7
M_029_A_XV,1.4971968673053198,1999,10,8
M_029_A_XV,0.4270006397709949,1999,10,9
M_029_A_XV,0.5513005091779632,1999,10,10
M_029_A_XV,0.6464439202100039,1999,10,11
M_029_A_XV,3.535159945487976,1999,10,12
M_029_A_XV,7.328543156385422,1999,10,13
M_029_A_XV,2.659628868103028,1999,10,14
M_029_A_XV,0.1529104337096214,1999,10,15
M_029_A_XV,0.0077896271832287,1999,10,16
M_029_A_XV,0.0,1999,10,17
M_029_A_XV,1.6382591724395752,1999,10,18
M_029_A_XV,0.8498237431049347,1999,10,19
M_029_A_XV,0.1480321837589144,1999,10,20
M_029_A_XV,1.7338998895138502,1999,10,21
M_029_A_XV,0.817916989326477,1999,10,22
M_029_A_XV,0.0,1999,10,23
M_029_A_XV,0.0,1999,10,24
M_029_A_XV,0.0,1999,10,25
M_029_A_XV,0.0,1999,10,26
M_029_A_XV,0.0,1999,10,27
M_029_A_XV,0.0,1999,10,28
M_029_A_XV,0.077896274626255,1999,10,29
M_029_A_XV,1.7698491178452969,1999,10,30
M_029_A_XV,4.566456779837608,1999,10,31
M_029_A_XV,0.0,1999,11,1
M_029_A_XV,0.5500869750976562,1999,11,2
M_029_A_XV,0.0008309440891025,1999,11,3
M_029_A_XV,0.0,1999,11,4
M_029_A_XV,0.0,1999,11,5
M_029_A_XV,0.0,1999,11,6
M_029_A_XV,0.0,1999,11,7
M_029_A_XV,0.0,1999,11,8
M_029_A_XV,0.7313086395151913,1999,11,9
M_029_A_XV,1.2223942633718252,1999,11,10
M_029_A_XV,1.0297427028417587,1999,11,11
M_029_A_XV,0.0,1999,11,12
M_029_A_XV,0.3999920189380646,1999,11,13
M_029_A_XV,2.0746455304324627,1999,11,14
M_029_A_XV,0.0605391934514045,1999,11,15
M_029_A_XV,0.4159263968467712,1999,11,16
M_029_A_XV,0.372968862298876,1999,11,17
M_029_A_XV,0.0,1999,11,18
M_029_A_XV,0.0,1999,11,19
M_029_A_XV,0.0,1999,11,20
M_029_A_XV,0.0,1999,11,21
M_029_A_XV,0.0798069644952192,1999,11,22
M_029_A_XV,1.19593504013028,1999,11,23
M_029_A_XV,0.1012651547789573,1999,11,24
M_029_A_XV,0.0,1999,11,25
M_029_A_XV,0.0,1999,11,26
M_029_A_XV,0.0,1999,11,27
M_029_A_XV,0.0,1999,11,28
M_029_A_XV,0.0,1999,11,29
M_029_A_XV,0.0,1999,11,30
M_029_A_XV,0.0,1999,12,1
M_029_A_XV,2.5842617638409138,1999,12,2
M_029_A_XV,4.436419516801834,1999,12,3
M_029_A_XV,5.7912657558918,1999,12,4
M_029_A_XV,0.0,1999,12,5
M_029_A_XV,0.0,1999,12,6
M_029_A_XV,0.0,1999,12,7
M_029_A_XV,0.1494318237528205,1999,12,8
M_029_A_XV,6.343625906389207,1999,12,9
M_029_A_XV,0.7575668953359127,1999,12,10
M_029_A_XV,0.0,1999,12,11
M_029_A_XV,0.0,1999,12,12
M_029_A_XV,0.0,1999,12,13
M_029_A_XV,0.3917655572295189,1999,12,14
M_029_A_XV,0.0,1999,12,15
M_029_A_XV,0.0,1999,12,16
M_029_A_XV,0.0,1999,12,17
M_029_A_XV,0.0,1999,12,18
M_029_A_XV,0.0,1999,12,19
M_029_A_XV,5.96858990045439,1999,12,20
M_029_A_XV,6.19079415500164,1999,12,21
M_029_A_XV,9.12072928249836,1999,12,22
M_029_A_XV,6.267104782164097,1999,12,23
M_029_A_XV,0.8067827563063474,1999,12,24
M_029_A_XV,0.9338938873261212,1999,12,25
M_029_A_XV,1.2132657505571842,1999,12,26
M_029_A_XV,12.11087203025818,1999,12,27
M_029_A_XV,13.516354829072952,1999,12,28
M_029_A_XV,7.676469873636961,1999,12,29
M_029_A_XV,7.216918349266052,1999,12,30
M_029_A_XV,9.7094966173172,1999,12,31
M_029_A_XV,1.2993621826171875,2000,1,1
M_029_A_XV,7.566882118582725,2000,1,2
M_029_A_XV,11.629327297210692,2000,1,3
M_029_A_XV,1.0892791748046875,2000,1,4
M_029_A_XV,0.6707031736150384,2000,1,5
M_029_A_XV,11.36998037993908,2000,1,6
M_029_A_XV,13.713613986968994,2000,1,7
M_029_A_XV,14.928049832582474,2000,1,8
M_029_A_XV,16.013538002967834,2000,1,9
M_029_A_XV,4.588205114006996,2000,1,10
M_029_A_XV,3.3338165283203125,2000,1,11
M_029_A_XV,6.902109187096357,2000,1,12
M_029_A_XV,6.227637514472008,2000,1,13
M_029_A_XV,4.340493505820632,2000,1,14
M_029_A_XV,3.7779927253723145,2000,1,15
M_029_A_XV,6.575182676315308,2000,1,16
M_029_A_XV,4.734689569100738,2000,1,17
M_029_A_XV,2.833972569205798,2000,1,18
M_029_A_XV,1.0038989912718534,2000,1,19
M_029_A_XV,3.9318949934095135,2000,1,20
M_029_A_XV,3.8099522590637207,2000,1,21
M_029_A_XV,4.3250226974487305,2000,1,22
M_029_A_XV,3.953118681907654,2000,1,23
M_029_A_XV,5.282726496458054,2000,1,24
M_029_A_XV,5.6894190311431885,2000,1,25
M_029_A_XV,12.227602005004885,2000,1,26
M_029_A_XV,3.2656919211149216,2000,1,27
M_029_A_XV,15.139887362718582,2000,1,28
M_029_A_XV,10.680661499500276,2000,1,29
M_029_A_XV,4.783328646753944,2000,1,30
M_029_A_XV,8.252960436046124,2000,1,31
M_029_A_XV,8.91802802681923,2000,2,1
M_029_A_XV,8.768798395991325,2000,2,2
M_029_A_XV,1.878454014658928,2000,2,3
M_029_A_XV,0.0,2000,2,4
M_029_A_XV,0.0,2000,2,5
M_029_A_XV,1.939944863319397,2000,2,6
M_029_A_XV,6.986473739147186,2000,2,7
M_029_A_XV,13.553048551082613,2000,2,8
M_029_A_XV,4.628299623727799,2000,2,9
M_029_A_XV,10.800831496715546,2000,2,10
M_029_A_XV,19.878424167633057,2000,2,11
M_029_A_XV,8.069069981575012,2000,2,12
M_029_A_XV,2.3632464706897736,2000,2,13
M_029_A_XV,4.00280298265352,2000,2,14
M_029_A_XV,5.49679359793663,2000,2,15
M_029_A_XV,4.553560674190521,2000,2,16
M_029_A_XV,4.073925323784351,2000,2,17
M_029_A_XV,3.2790083289146423,2000,2,18
M_029_A_XV,3.00154322758317,2000,2,19
M_029_A_XV,7.157681420445442,2000,2,20
M_029_A_XV,6.6106287548318505,2000,2,21
M_029_A_XV,10.957742661237717,2000,2,22
M_029_A_XV,12.478276707231998,2000,2,23
M_029_A_XV,7.268004581332207,2000,2,24
M_029_A_XV,6.475977268069983,2000,2,25
M_029_A_XV,2.7723515168763697,2000,2,26
M_029_A_XV,7.14639675617218,2000,2,27
M_029_A_XV,5.494548887014389,2000,2,28
M_029_A_XV,3.7425218671560287,2000,2,29
M_029_A_XV,6.349395349621773,2000,3,1
M_029_A_XV,4.15927042812109,2000,3,2
M_029_A_XV,2.9951405078172684,2000,3,3
M_029_A_XV,3.870363369584084,2000,3,4
M_029_A_XV,3.446496112272144,2000,3,5
M_029_A_XV,5.78560283780098,2000,3,6
M_029_A_XV,9.880695359781384,2000,3,7
M_029_A_XV,10.389209389686584,2000,3,8
M_029_A_XV,2.9221602212637663,2000,3,9
M_029_A_XV,2.892596185207367,2000,3,10
M_029_A_XV,1.474293451756239,2000,3,11
M_029_A_XV,12.839079022407532,2000,3,12
M_029_A_XV,0.1165004973299801,2000,3,13
M_029_A_XV,0.0,2000,3,14
M_029_A_XV,0.0,2000,3,15
M_029_A_XV,1.357146978378296,2000,3,16
M_029_A_XV,2.9977026019478217,2000,3,17
M_029_A_XV,9.905990567058325,2000,3,18
M_029_A_XV,8.571469247341156,2000,3,19
M_029_A_XV,3.1245813369750977,2000,3,20
M_029_A_XV,0.7362463721074164,2000,3,21
M_029_A_XV,2.025462637655437,2000,3,22
M_029_A_XV,4.287233680297504,2000,3,23
M_029_A_XV,2.0160241946578026,2000,3,24
M_029_A_XV,3.4824550945777446,2000,3,25
M_029_A_XV,6.568758855573833,2000,3,26
M_029_A_XV,2.6551749110221863,2000,3,27
M_029_A_XV,0.6756559014320374,2000,3,28
M_029_A_XV,1.5252751987427473,2000,3,29
M_029_A_XV,1.779275804758072,2000,3,30
M_029_A_XV,2.018961884081364,2000,3,31
M_029_A_XV,0.3395427176728844,2000,4,1
M_029_A_XV,0.4459881745278835,2000,4,2
M_029_A_XV,2.5083024501800537,2000,4,3
M_029_A_XV,2.606571428477764,2000,4,4
M_029_A_XV,1.713648535311222,2000,4,5
M_029_A_XV,1.3798632379621267,2000,4,6
M_029_A_XV,2.850465804338455,2000,4,7
M_029_A_XV,4.056465815752745,2000,4,8
M_029_A_XV,0.13804786442779,2000,4,9
M_029_A_XV,0.0002406535641057,2000,4,10
M_029_A_XV,0.0,2000,4,11
M_029_A_XV,0.5773466229438782,2000,4,12
M_029_A_XV,0.7498210892081261,2000,4,13
M_029_A_XV,0.0,2000,4,14
M_029_A_XV,2.266445215791464,2000,4,15
M_029_A_XV,2.9606744945049286,2000,4,16
M_029_A_XV,0.0,2000,4,17
M_029_A_XV,0.0,2000,4,18
M_029_A_XV,0.0,2000,4,19
M_029_A_XV,0.0,2000,4,20
M_029_A_XV,0.0259379656054079,2000,4,21
M_029_A_XV,2.402779996395111,2000,4,22
M_029_A_XV,4.521770924329758,2000,4,23
M_029_A_XV,1.5671590268611908,2000,4,24
M_029_A_XV,0.0,2000,4,25
M_029_A_XV,0.0548270717263221,2000,4,26
M_029_A_XV,3.611218623816967,2000,4,27
M_029_A_XV,0.2336888313293457,2000,4,28
M_029_A_XV,1.7488686465658247,2000,4,29
M_029_A_XV,0.0,2000,4,30
M_029_A_XV,0.0,2000,5,1
M_029_A_XV,0.0,2000,5,2
M_029_A_XV,0.0,2000,5,3
M_029_A_XV,0.0,2000,5,4
M_029_A_XV,0.0,2000,5,5
M_029_A_XV,0.077896274626255,2000,5,6
M_029_A_XV,4.700042881071568,2000,5,7
M_029_A_XV,3.0769706051796675,2000,5,8
M_029_A_XV,2.119889549911022,2000,5,9
M_029_A_XV,0.0,2000,5,10
M_029_A_XV,0.9735593795776368,2000,5,11
M_029_A_XV,0.7801433205604553,2000,5,12
M_029_A_XV,2.8828041218221188,2000,5,13
M_029_A_XV,9.11709451675415,2000,5,14
M_029_A_XV,1.7606908679008484,2000,5,15
M_029_A_XV,0.0,2000,5,16
M_029_A_XV,0.0,2000,5,17
M_029_A_XV,0.0,2000,5,18
M_029_A_XV,0.0,2000,5,19
M_029_A_XV,0.0,2000,5,20
M_029_A_XV,0.0,2000,5,21
M_029_A_XV,0.0,2000,5,22
M_029_A_XV,0.0,2000,5,23
M_029_A_XV,0.0,2000,5,24
M_029_A_XV,0.0,2000,5,25
M_029_A_XV,0.0,2000,5,26
M_029_A_XV,0.0,2000,5,27
M_029_A_XV,0.0,2000,5,28
M_029_A_XV,0.0,2000,5,29
M_029_A_XV,0.0,2000,5,30
M_029_A_XV,0.0,2000,5,31
M_029_A_XV,0.0,2000,6,1
M_029_A_XV,0.2251652926206588,2000,6,2
M_029_A_XV,0.0,2000,6,3
M_029_A_XV,0.0,2000,6,4
M_029_A_XV,0.0,2000,6,5
M_029_A_XV,0.1754897385835647,2000,6,6
M_029_A_XV,0.5605382137000561,2000,6,7
M_029_A_XV,0.902054876089096,2000,6,8
M_029_A_XV,0.6953808292746544,2000,6,9
M_029_A_XV,0.1581990867853164,2000,6,10
M_029_A_XV,0.0,2000,6,11
M_029_A_XV,0.0,2000,6,12
M_029_A_XV,0.0,2000,6,13
M_029_A_XV,0.0,2000,6,14
M_029_A_XV,0.0,2000,6,15
M_029_A_XV,0.0,2000,6,16
M_029_A_XV,0.0,2000,6,17
M_029_A_XV,0.0,2000,6,18
M_029_A_XV,0.0,2000,6,19
M_029_A_XV,0.0,2000,6,20
M_029_A_XV,0.0,2000,6,21
M_029_A_XV,0.0,2000,6,22
M_029_A_XV,0.0,2000,6,23
M_029_A_XV,0.0,2000,6,24
M_029_A_XV,0.0,2000,6,25
M_029_A_XV,0.0,2000,6,26
M_029_A_XV,0.0,2000,6,27
M_029_A_XV,0.0,2000,6,28
M_029_A_XV,0.0,2000,6,29
M_029_A_XV,0.0,2000,6,30
M_029_A_XV,0.0,2000,7,1
M_029_A_XV,0.0,2000,7,2
M_029_A_XV,0.0,2000,7,3
M_029_A_XV,0.0,2000,7,4
M_029_A_XV,0.0,2000,7,5
M_029_A_XV,0.0,2000,7,6
M_029_A_XV,0.0,2000,7,7
M_029_A_XV,0.0,2000,7,8
M_029_A_XV,0.0,2000,7,9
M_029_A_XV,0.0,2000,7,10
M_029_A_XV,0.0,2000,7,11
M_029_A_XV,0.0,2000,7,12
M_029_A_XV,0.0,2000,7,13
M_029_A_XV,0.0,2000,7,14
M_029_A_XV,0.0,2000,7,15
M_029_A_XV,0.0,2000,7,16
M_029_A_XV,0.0,2000,7,17
M_029_A_XV,0.0,2000,7,18
M_029_A_XV,0.6505368277430534,2000,7,19
M_029_A_XV,0.7680856809020042,2000,7,20
M_029_A_XV,0.0,2000,7,21
M_029_A_XV,0.0,2000,7,22
M_029_A_XV,0.0,2000,7,23
M_029_A_XV,0.0,2000,7,24
M_029_A_XV,0.0,2000,7,25
M_029_A_XV,0.6679679155349731,2000,7,26
M_029_A_XV,1.391706980764866,2000,7,27
M_029_A_XV,0.1787684988230466,2000,7,28
M_029_A_XV,0.0,2000,7,29
M_029_A_XV,0.0,2000,7,30
M_029_A_XV,0.0,2000,7,31
M_029_A_XV,0.0,2000,8,1
M_029_A_XV,0.0,2000,8,2
M_029_A_XV,0.0,2000,8,3
M_029_A_XV,0.0,2000,8,4
M_029_A_XV,0.0,2000,8,5
M_029_A_XV,0.0,2000,8,6
M_029_A_XV,0.0,2000,8,7
M_029_A_XV,0.0,2000,8,8
M_029_A_XV,0.0,2000,8,9
M_029_A_XV,0.1593796610832214,2000,8,10
M_029_A_XV,0.0658487156033515,2000,8,11
M_029_A_XV,0.0,2000,8,12
M_029_A_XV,0.0720763653516769,2000,8,13
M_029_A_XV,0.3962895721197128,2000,8,14
M_029_A_XV,0.9838552214205264,2000,8,15
M_029_A_XV,1.1068218983709812,2000,8,16
M_029_A_XV,0.0,2000,8,17
M_029_A_XV,0.9662215919670416,2000,8,18
M_029_A_XV,1.7747792955487969,2000,8,19
M_029_A_XV,2.261730656027794,2000,8,20
M_029_A_XV,2.23663142323494,2000,8,21
M_029_A_XV,1.5474861413240433,2000,8,22
M_029_A_XV,0.0233688820153474,2000,8,23
M_029_A_XV,0.0262376498430967,2000,8,24
M_029_A_XV,0.0,2000,8,25
M_029_A_XV,0.0,2000,8,26
M_029_A_XV,0.0,2000,8,27
M_029_A_XV,0.0,2000,8,28
M_029_A_XV,0.0,2000,8,29
M_029_A_XV,0.0,2000,8,30
M_029_A_XV,0.0,2000,8,31
M_029_A_XV,0.0803028121590614,2000,9,1
M_029_A_XV,0.0,2000,9,2
M_029_A_XV,0.0,2000,9,3
M_029_A_XV,0.0,2000,9,4
M_029_A_XV,0.0,2000,9,5
M_029_A_XV,0.0,2000,9,6
M_029_A_XV,0.0,2000,9,7
M_029_A_XV,0.0,2000,9,8
M_029_A_XV,0.0,2000,9,9
M_029_A_XV,0.3115850985050201,2000,9,10
M_029_A_XV,0.0024065356701612,2000,9,11
M_029_A_XV,0.0,2000,9,12
M_029_A_XV,0.0,2000,9,13
M_029_A_XV,0.0,2000,9,14
M_029_A_XV,0.0019106898689642,2000,9,15
M_029_A_XV,0.0,2000,9,16
M_029_A_XV,0.0,2000,9,17
M_029_A_XV,0.0,2000,9,18
M_029_A_XV,0.6554632494226098,2000,9,19
M_029_A_XV,3.563371479511261,2000,9,20
M_029_A_XV,0.5229373574256897,2000,9,21
M_029_A_XV,1.786275285296142,2000,9,22
M_029_A_XV,0.4872202575206756,2000,9,23
M_029_A_XV,0.0,2000,9,24
M_029_A_XV,0.0,2000,9,25
M_029_A_XV,0.0,2000,9,26
M_029_A_XV,0.0,2000,9,27
M_029_A_XV,0.0,2000,9,28
M_029_A_XV,0.0,2000,9,29
M_029_A_XV,0.2399612365261418,2000,9,30
M_029_A_XV,0.0682261753827333,2000,10,1
M_029_A_XV,0.1129063814878463,2000,10,2
M_029_A_XV,0.2220806390978396,2000,10,3
M_029_A_XV,0.0,2000,10,4
M_029_A_XV,0.0,2000,10,5
M_029_A_XV,0.0,2000,10,6
M_029_A_XV,0.3438598811626434,2000,10,7
M_029_A_XV,2.7180734872818,2000,10,8
M_029_A_XV,1.076323378831148,2000,10,9
M_029_A_XV,0.5954955145716667,2000,10,10
M_029_A_XV,0.7358809970319271,2000,10,11
M_029_A_XV,0.0,2000,10,12
M_029_A_XV,0.3978815674781799,2000,10,13
M_029_A_XV,12.419047951698303,2000,10,14
M_029_A_XV,24.35146164894104,2000,10,15
M_029_A_XV,12.093148231506348,2000,10,16
M_029_A_XV,0.4748379290103912,2000,10,17
M_029_A_XV,2.943891439586878,2000,10,18
M_029_A_XV,8.128304168581963,2000,10,19
M_029_A_XV,8.578283220529556,2000,10,20
M_029_A_XV,6.592036664485931,2000,10,21
M_029_A_XV,1.635707842186093,2000,10,22
M_029_A_XV,5.90290474065e-05,2000,10,23
M_029_A_XV,0.0,2000,10,24
M_029_A_XV,2.443463698029518,2000,10,25
M_029_A_XV,1.5114621818065643,2000,10,26
M_029_A_XV,3.96606208384037,2000,10,27
M_029_A_XV,0.5229778364300728,2000,10,28
M_029_A_XV,0.0,2000,10,29
M_029_A_XV,0.0,2000,10,30
M_029_A_XV,0.0,2000,10,31
M_029_A_XV,0.0,2000,11,1
M_029_A_XV,0.0,2000,11,2
M_029_A_XV,0.0,2000,11,3
M_029_A_XV,0.0,2000,11,4
M_029_A_XV,0.0,2000,11,5
M_029_A_XV,0.0,2000,11,6
M_029_A_XV,0.0,2000,11,7
M_029_A_XV,0.0,2000,11,8
M_029_A_XV,0.0,2000,11,9
M_029_A_XV,0.0,2000,11,10
M_029_A_XV,0.0,2000,11,11
M_029_A_XV,0.0,2000,11,12
M_029_A_XV,0.0,2000,11,13
M_029_A_XV,0.0,2000,11,14
M_029_A_XV,0.0,2000,11,15
M_029_A_XV,0.0,2000,11,16
M_029_A_XV,0.0,2000,11,17
M_029_A_XV,0.0,2000,11,18
M_029_A_XV,0.0,2000,11,19
M_029_A_XV,0.0,2000,11,20
M_029_A_XV,0.0148339485749602,2000,11,21
M_029_A_XV,3.183611394797481,2000,11,22
M_029_A_XV,11.057363748550417,2000,11,23
M_029_A_XV,6.811541557312012,2000,11,24
M_029_A_XV,8.835355341434479,2000,11,25
M_029_A_XV,0.0914319083094596,2000,11,26
M_029_A_XV,0.0,2000,11,27
M_029_A_XV,0.6269942194921896,2000,11,28
M_029_A_XV,0.0346190296113491,2000,11,29
M_029_A_XV,0.0002406535641057,2000,11,30
M_029_A_XV,0.0,2000,12,1
M_029_A_XV,0.0,2000,12,2
M_029_A_XV,0.0,2000,12,3
M_029_A_XV,0.0,2000,12,4
M_029_A_XV,0.1071642911592789,2000,12,5
M_029_A_XV,9.079281449317932,2000,12,6
M_029_A_XV,3.005579106509685,2000,12,7
M_029_A_XV,2.9124383628368378,2000,12,8
M_029_A_XV,0.4423756785690784,2000,12,9
M_029_A_XV,3.4619700256735086,2000,12,10
M_029_A_XV,3.568458393216133,2000,12,11
M_029_A_XV,0.2472243215888738,2000,12,12
M_029_A_XV,0.0,2000,12,13
M_029_A_XV,0.0,2000,12,14
M_029_A_XV,0.0,2000,12,15
M_029_A_XV,7.563367858994752,2000,12,16
M_029_A_XV,1.9540851563215256,2000,12,17
M_029_A_XV,5.146223679184914,2000,12,18
M_029_A_XV,0.8559663976775482,2000,12,19
M_029_A_XV,10.735154300928116,2000,12,20
M_029_A_XV,13.9175905585289,2000,12,21
M_029_A_XV,8.220889866352081,2000,12,22
M_029_A_XV,3.063077785074711,2000,12,23
M_029_A_XV,1.7822592854499817,2000,12,24
M_029_A_XV,2.751212753355503,2000,12,25
M_029_A_XV,2.2026215083897114,2000,12,26
M_029_A_XV,0.0,2000,12,27
M_029_A_XV,3.108553931117058,2000,12,28
M_029_A_XV,5.947213381528854,2000,12,29
M_029_A_XV,11.718080013990402,2000,12,30
M_029_A_XV,10.665962636470796,2000,12,31
M_029_A_XV,9.648992717266085,2001,1,1
M_029_A_XV,6.439397782087326,2001,1,2
M_029_A_XV,8.332993388175964,2001,1,3
M_029_A_XV,11.54408037662506,2001,1,4
M_029_A_XV,1.2345975886564702,2001,1,5
M_029_A_XV,4.622994986944832,2001,1,6
M_029_A_XV,8.439426362514496,2001,1,7
M_029_A_XV,1.043186079710722,2001,1,8
M_029_A_XV,1.7593157272785902,2001,1,9
M_029_A_XV,0.1984976259991526,2001,1,10
M_029_A_XV,2.2702276296913624,2001,1,11
M_029_A_XV,12.626521348953249,2001,1,12
M_029_A_XV,1.2168036960065365,2001,1,13
M_029_A_XV,16.584509804844856,2001,1,14
M_029_A_XV,11.735756829380987,2001,1,15
M_029_A_XV,1.0345796346664429,2001,1,16
M_029_A_XV,9.63723892904818,2001,1,17
M_029_A_XV,8.846825122833252,2001,1,18
M_029_A_XV,10.636490223929286,2001,1,19
M_029_A_XV,9.3317950963974,2001,1,20
M_029_A_XV,15.979219436645508,2001,1,21
M_029_A_XV,12.725920766592026,2001,1,22
M_029_A_XV,20.6219289302826,2001,1,23
M_029_A_XV,7.529082044959068,2001,1,24
M_029_A_XV,11.303310632705688,2001,1,25
M_029_A_XV,8.037923313677311,2001,1,26
M_029_A_XV,15.090338841080666,2001,1,27
M_029_A_XV,7.7041570749133825,2001,1,28
M_029_A_XV,8.744291201233864,2001,1,29
M_029_A_XV,16.62347960472107,2001,1,30
M_029_A_XV,12.107545107603071,2001,1,31
M_029_A_XV,29.46176481246948,2001,2,1
M_029_A_XV,3.576144903898239,2001,2,2
M_029_A_XV,9.8224358856678,2001,2,3
M_029_A_XV,5.765156792476773,2001,2,4
M_029_A_XV,2.048775628019939,2001,2,5
M_029_A_XV,1.060224547793041,2001,2,6
M_029_A_XV,1.2004951387643814,2001,2,7
M_029_A_XV,1.7558248937129974,2001,2,8
M_029_A_XV,2.8130723237991333,2001,2,9
M_029_A_XV,7.543513368815184,2001,2,10
M_029_A_XV,6.140169143676758,2001,2,11
M_029_A_XV,5.066647656261921,2001,2,12
M_029_A_XV,9.022537738084791,2001,2,13
M_029_A_XV,23.909767150878903,2001,2,14
M_029_A_XV,10.855474188923836,2001,2,15
M_029_A_XV,16.4149409532547,2001,2,16
M_029_A_XV,12.664903283119202,2001,2,17
M_029_A_XV,23.699764490127563,2001,2,18
M_029_A_XV,7.803514629602432,2001,2,19
M_029_A_XV,12.845383882522585,2001,2,20
M_029_A_XV,4.313221447169781,2001,2,21
M_029_A_XV,8.81697428226471,2001,2,22
M_029_A_XV,23.96981811523437,2001,2,23
M_029_A_XV,15.974414944648744,2001,2,24
M_029_A_XV,9.993453189730644,2001,2,25
M_029_A_XV,13.281900495290756,2001,2,26
M_029_A_XV,19.57531231641769,2001,2,27
M_029_A_XV,2.963240960612893,2001,2,28
M_029_A_XV,1.9274630844593048,2001,3,1
M_029_A_XV,5.306254083523527,2001,3,2
M_029_A_XV,10.60218781232834,2001,3,3
M_029_A_XV,6.114615298807621,2001,3,4
M_029_A_XV,17.574260473251343,2001,3,5
M_029_A_XV,5.336173956282437,2001,3,6
M_029_A_XV,4.122360808774829,2001,3,7
M_029_A_XV,4.805729512125254,2001,3,8
M_029_A_XV,9.415937453508375,2001,3,9
M_029_A_XV,8.319278568029404,2001,3,10
M_029_A_XV,16.83074313402176,2001,3,11
M_029_A_XV,2.0456393510103226,2001,3,12
M_029_A_XV,2.252237394452095,2001,3,13
M_029_A_XV,4.76909470371902,2001,3,14
M_029_A_XV,25.87166213989257,2001,3,15
M_029_A_XV,5.847408056259155,2001,3,16
M_029_A_XV,4.840425740927458,2001,3,17
M_029_A_XV,4.718987535685301,2001,3,18
M_029_A_XV,6.178511992096901,2001,3,19
M_029_A_XV,10.827496528625488,2001,3,20
M_029_A_XV,6.262299776077271,2001,3,21
M_029_A_XV,1.3033671230077744,2001,3,22
M_029_A_XV,0.0,2001,3,23
M_029_A_XV,0.0,2001,3,24
M_029_A_XV,2.551535164471716,2001,3,25
M_029_A_XV,0.7203187495470047,2001,3,26
M_029_A_XV,0.8493157921329839,2001,3,27
M_029_A_XV,0.0,2001,3,28
M_029_A_XV,0.0989914834499359,2001,3,29
M_029_A_XV,1.2276968897203917,2001,3,30
M_029_A_XV,0.15579254925251,2001,3,31
M_029_A_XV,1.2463403940200806,2001,4,1
M_029_A_XV,3.434750162065029,2001,4,2
M_029_A_XV,1.0851081982254982,2001,4,3
M_029_A_XV,2.368041753768921,2001,4,4
M_029_A_XV,2.536032532108948,2001,4,5
M_029_A_XV,4.682784527540207,2001,4,6
M_029_A_XV,9.790551632642746,2001,4,7
M_029_A_XV,5.764910459518433,2001,4,8
M_029_A_XV,8.430415153503418,2001,4,9
M_029_A_XV,5.550908155739307,2001,4,10
M_029_A_XV,4.086964971153066,2001,4,11
M_029_A_XV,1.468042254447937,2001,4,12
M_029_A_XV,0.4378733485937118,2001,4,13
M_029_A_XV,0.9471090659499168,2001,4,14
M_029_A_XV,0.0764276012778282,2001,4,15
M_029_A_XV,0.0009626142564229,2001,4,16
M_029_A_XV,0.0,2001,4,17
M_029_A_XV,0.0,2001,4,18
M_029_A_XV,0.2901859283447265,2001,4,19
M_029_A_XV,0.0253386013209819,2001,4,20
M_029_A_XV,0.0,2001,4,21
M_029_A_XV,0.0,2001,4,22
M_029_A_XV,0.0,2001,4,23
M_029_A_XV,0.0,2001,4,24
M_029_A_XV,0.0054033617489039,2001,4,25
M_029_A_XV,0.0,2001,4,26
M_029_A_XV,0.0,2001,4,27
M_029_A_XV,3.061642825603485,2001,4,28
M_029_A_XV,1.930508811026812,2001,4,29
M_029_A_XV,0.4145819395780563,2001,4,30
M_029_A_XV,0.0,2001,5,1
M_029_A_XV,0.2336888313293457,2001,5,2
M_029_A_XV,0.6465390790253878,2001,5,3
M_029_A_XV,0.7569184899330139,2001,5,4
M_029_A_XV,1.863003507256508,2001,5,5
M_029_A_XV,0.516099601984024,2001,5,6
M_029_A_XV,0.0,2001,5,7
M_029_A_XV,0.0,2001,5,8
M_029_A_XV,0.0,2001,5,9
M_029_A_XV,0.0,2001,5,10
M_029_A_XV,0.0,2001,5,11
M_029_A_XV,0.0,2001,5,12
M_029_A_XV,0.0,2001,5,13
M_029_A_XV,0.3066052049398422,2001,5,14
M_029_A_XV,1.422277718782425,2001,5,15
M_029_A_XV,0.0,2001,5,16
M_029_A_XV,0.0,2001,5,17
M_029_A_XV,0.0545273907482624,2001,5,18
M_029_A_XV,0.5151722207665443,2001,5,19
M_029_A_XV,0.1255966536700725,2001,5,20
M_029_A_XV,0.0,2001,5,21
M_029_A_XV,0.0,2001,5,22
M_029_A_XV,0.0,2001,5,23
M_029_A_XV,0.0,2001,5,24
M_029_A_XV,0.0,2001,5,25
M_029_A_XV,0.0,2001,5,26
M_029_A_XV,0.0,2001,5,27
M_029_A_XV,0.0,2001,5,28
M_029_A_XV,0.0,2001,5,29
M_029_A_XV,0.0,2001,5,30
M_029_A_XV,0.0,2001,5,31
M_029_A_XV,0.0,2001,6,1
M_029_A_XV,0.0,2001,6,2
M_029_A_XV,0.0,2001,6,3
M_029_A_XV,0.0,2001,6,4
M_029_A_XV,0.0,2001,6,5
M_029_A_XV,0.0,2001,6,6
M_029_A_XV,0.0,2001,6,7
M_029_A_XV,0.0,2001,6,8
M_029_A_XV,0.0,2001,6,9
M_029_A_XV,0.0,2001,6,10
M_029_A_XV,0.0,2001,6,11
M_029_A_XV,0.0,2001,6,12
M_029_A_XV,0.0,2001,6,13
M_029_A_XV,0.0,2001,6,14
M_029_A_XV,0.0,2001,6,15
M_029_A_XV,0.0,2001,6,16
M_029_A_XV,0.0,2001,6,17
M_029_A_XV,0.0,2001,6,18
M_029_A_XV,0.0,2001,6,19
M_029_A_XV,0.0,2001,6,20
M_029_A_XV,0.0,2001,6,21
M_029_A_XV,0.1731154024600982,2001,6,22
M_029_A_XV,0.2385018989443779,2001,6,23
M_029_A_XV,0.0,2001,6,24
M_029_A_XV,0.0,2001,6,25
M_029_A_XV,0.0,2001,6,26
M_029_A_XV,0.3644621474668383,2001,6,27
M_029_A_XV,3.871817007660866,2001,6,28
M_029_A_XV,0.0,2001,6,29
M_029_A_XV,0.1527524292469024,2001,6,30
M_029_A_XV,0.0321211218833923,2001,7,1
M_029_A_XV,0.0,2001,7,2
M_029_A_XV,0.0,2001,7,3
M_029_A_XV,0.0,2001,7,4
M_029_A_XV,0.15579254925251,2001,7,5
M_029_A_XV,7.836230039596558,2001,7,6
M_029_A_XV,3.268923759460449,2001,7,7
M_029_A_XV,0.3755082488059997,2001,7,8
M_029_A_XV,0.0,2001,7,9
M_029_A_XV,0.0,2001,7,10
M_029_A_XV,0.0,2001,7,11
M_029_A_XV,0.0,2001,7,12
M_029_A_XV,0.0,2001,7,13
M_029_A_XV,0.0,2001,7,14
M_029_A_XV,0.0,2001,7,15
M_029_A_XV,0.0,2001,7,16
M_029_A_XV,0.0,2001,7,17
M_029_A_XV,0.0,2001,7,18
M_029_A_XV,0.0,2001,7,19
M_029_A_XV,0.0,2001,7,20
M_029_A_XV,0.0,2001,7,21
M_029_A_XV,0.0,2001,7,22
M_029_A_XV,0.0,2001,7,23
M_029_A_XV,0.0,2001,7,24
M_029_A_XV,0.0,2001,7,25
M_029_A_XV,0.0,2001,7,26
M_029_A_XV,0.0,2001,7,27
M_029_A_XV,0.0,2001,7,28
M_029_A_XV,0.0,2001,7,29
M_029_A_XV,0.0,2001,7,30
M_029_A_XV,0.0,2001,7,31
M_029_A_XV,0.0525288619101047,2001,8,1
M_029_A_XV,0.0,2001,8,2
M_029_A_XV,0.0,2001,8,3
M_029_A_XV,0.0,2001,8,4
M_029_A_XV,0.0,2001,8,5
M_029_A_XV,0.0,2001,8,6
M_029_A_XV,0.086707544804085,2001,8,7
M_029_A_XV,0.0,2001,8,8
M_029_A_XV,0.0216064695268869,2001,8,9
M_029_A_XV,0.0784865617752075,2001,8,10
M_029_A_XV,0.0019697188399732,2001,8,11
M_029_A_XV,0.077896274626255,2001,8,12
M_029_A_XV,0.0,2001,8,13
M_029_A_XV,0.0,2001,8,14
M_029_A_XV,0.6729892045259476,2001,8,15
M_029_A_XV,7.274990320205688,2001,8,16
M_029_A_XV,11.523561239242554,2001,8,17
M_029_A_XV,0.0496256053447723,2001,8,18
M_029_A_XV,0.9666305780410768,2001,8,19
M_029_A_XV,7.401218295097351,2001,8,20
M_029_A_XV,11.154659867286682,2001,8,21
M_029_A_XV,6.43544328212738,2001,8,22
M_029_A_XV,0.0803028121590614,2001,8,23
M_029_A_XV,0.0,2001,8,24
M_029_A_XV,0.0,2001,8,25
M_029_A_XV,0.0,2001,8,26
M_029_A_XV,0.0,2001,8,27
M_029_A_XV,0.0,2001,8,28
M_029_A_XV,0.0,2001,8,29
M_029_A_XV,0.0970031768083572,2001,8,30
M_029_A_XV,0.6235257741063833,2001,8,31
M_029_A_XV,1.8361380357528103,2001,9,1
M_029_A_XV,0.008030280470848,2001,9,2
M_029_A_XV,1.917852759361267,2001,9,3
M_029_A_XV,4.706974565982819,2001,9,4
M_029_A_XV,3.0770644545555115,2001,9,5
M_029_A_XV,2.4122211188077927,2001,9,6
M_029_A_XV,0.0559974759817123,2001,9,7
M_029_A_XV,0.2122348546981811,2001,9,8
M_029_A_XV,0.5980459302663803,2001,9,9
M_029_A_XV,0.2107661962509155,2001,9,10
M_029_A_XV,2.9727875129319727,2001,9,11
M_029_A_XV,1.644492818042636,2001,9,12
M_029_A_XV,0.008030280470848,2001,9,13
M_029_A_XV,0.0,2001,9,14
M_029_A_XV,0.0,2001,9,15
M_029_A_XV,0.0,2001,9,16
M_029_A_XV,0.0,2001,9,17
M_029_A_XV,0.0,2001,9,18
M_029_A_XV,0.0,2001,9,19
M_029_A_XV,0.3532862737774849,2001,9,20
M_029_A_XV,0.0,2001,9,21
M_029_A_XV,0.0803028121590614,2001,9,22
M_029_A_XV,0.0,2001,9,23
M_029_A_XV,0.0,2001,9,24
M_029_A_XV,0.0,2001,9,25
M_029_A_XV,0.0,2001,9,26
M_029_A_XV,0.0,2001,9,27
M_029_A_XV,0.0,2001,9,28
M_029_A_XV,0.0,2001,9,29
M_029_A_XV,0.0,2001,9,30
M_029_A_XV,0.0,2001,10,1
M_029_A_XV,0.0,2001,10,2
M_029_A_XV,0.077896274626255,2001,10,3
M_029_A_XV,1.347033478319645,2001,10,4
M_029_A_XV,4.995784044265747,2001,10,5
M_029_A_XV,15.164064645767212,2001,10,6
M_029_A_XV,0.0319394953548908,2001,10,7
M_029_A_XV,0.0,2001,10,8
M_029_A_XV,0.0,2001,10,9
M_029_A_XV,0.0,2001,10,10
M_029_A_XV,0.0,2001,10,11
M_029_A_XV,0.3212112486362457,2001,10,12
M_029_A_XV,0.0024065356701612,2001,10,13
M_029_A_XV,0.0,2001,10,14
M_029_A_XV,0.0,2001,10,15
M_029_A_XV,0.8098068833351135,2001,10,16
M_029_A_XV,2.4797157887369394,2001,10,17
M_029_A_XV,0.0,2001,10,18
M_029_A_XV,0.0,2001,10,19
M_029_A_XV,0.0,2001,10,20
M_029_A_XV,0.0,2001,10,21
M_029_A_XV,0.0,2001,10,22
M_029_A_XV,0.1174346976913511,2001,10,23
M_029_A_XV,0.6530052535235882,2001,10,24
M_029_A_XV,0.639051616191864,2001,10,25
M_029_A_XV,0.0970031768083572,2001,10,26
M_029_A_XV,3.125816395506263,2001,10,27
M_029_A_XV,1.1480023805052042,2001,10,28
M_029_A_XV,0.0,2001,10,29
M_029_A_XV,0.3895224034786224,2001,10,30
M_029_A_XV,8.689107298851013,2001,10,31
M_029_A_XV,10.588603138923643,2001,11,1
M_029_A_XV,1.244495796971023,2001,11,2
M_029_A_XV,0.0,2001,11,3
M_029_A_XV,0.0,2001,11,4
M_029_A_XV,0.0887417551130056,2001,11,5
M_029_A_XV,0.0803028121590614,2001,11,6
M_029_A_XV,0.0,2001,11,7
M_029_A_XV,2.390305995941162,2001,11,8
M_029_A_XV,1.2346919714473188,2001,11,9
M_029_A_XV,0.0,2001,11,10
M_029_A_XV,0.0,2001,11,11
M_029_A_XV,0.0,2001,11,12
M_029_A_XV,0.0,2001,11,13
M_029_A_XV,0.0,2001,11,14
M_029_A_XV,0.0,2001,11,15
M_029_A_XV,0.0,2001,11,16
M_029_A_XV,0.0,2001,11,17
M_029_A_XV,0.0,2001,11,18
M_029_A_XV,0.0,2001,11,19
M_029_A_XV,0.3741427658096654,2001,11,20
M_029_A_XV,7.636955797672272,2001,11,21
M_029_A_XV,18.044797398149967,2001,11,22
M_029_A_XV,2.747419312596321,2001,11,23
M_029_A_XV,2.4477032385766506,2001,11,24
M_029_A_XV,0.3394534904509783,2001,11,25
M_029_A_XV,0.7911499161273241,2001,11,26
M_029_A_XV,2.457128345966339,2001,11,27
M_029_A_XV,6.757065117359161,2001,11,28
M_029_A_XV,3.043137699365616,2001,11,29
M_029_A_XV,0.0,2001,11,30
M_029_A_XV,0.0,2001,12,1
M_029_A_XV,0.7488241828978062,2001,12,2
M_029_A_XV,0.0,2001,12,3
M_029_A_XV,0.0,2001,12,4
M_029_A_XV,0.0,2001,12,5
M_029_A_XV,1.1766824714723043,2001,12,6
M_029_A_XV,1.1380616780370474,2001,12,7
M_029_A_XV,0.1500048952875659,2001,12,8
M_029_A_XV,0.1995035345898941,2001,12,9
M_029_A_XV,0.0306193679571151,2001,12,10
M_029_A_XV,0.0,2001,12,11
M_029_A_XV,0.5823212265968323,2001,12,12
M_029_A_XV,1.657803654670715,2001,12,13
M_029_A_XV,5.767570972442627,2001,12,14
M_029_A_XV,3.200903959572315,2001,12,15
M_029_A_XV,9.062886461615562,2001,12,16
M_029_A_XV,20.28820848464965,2001,12,17
M_029_A_XV,31.78688335418701,2001,12,18
M_029_A_XV,3.901092678308487,2001,12,19
M_029_A_XV,2.582609705626965,2001,12,20
M_029_A_XV,0.0,2001,12,21
M_029_A_XV,1.5762908551441797,2001,12,22
M_029_A_XV,3.442119898274541,2001,12,23
M_029_A_XV,2.2434539422392845,2001,12,24
M_029_A_XV,4.469198763370514,2001,12,25
M_029_A_XV,4.53242963552475,2001,12,26
M_029_A_XV,0.0,2001,12,27
M_029_A_XV,2.4842090606689453,2001,12,28
M_029_A_XV,23.296765208244324,2001,12,29
M_029_A_XV,7.797214724123478,2001,12,30
M_029_A_XV,0.0,2001,12,31
M_029_A_XV,0.0,2002,1,1
M_029_A_XV,1.26274836063385,2002,1,2
M_029_A_XV,3.8264069613069296,2002,1,3
M_029_A_XV,0.0120917073982127,2002,1,4
M_029_A_XV,0.0,2002,1,5
M_029_A_XV,0.025245938450098,2002,1,6
M_029_A_XV,0.0,2002,1,7
M_029_A_XV,0.0,2002,1,8
M_029_A_XV,0.15579254925251,2002,1,9
M_029_A_XV,6.807917451485992,2002,1,10
M_029_A_XV,9.912270426750185,2002,1,11
M_029_A_XV,5.2833103239536285,2002,1,12
M_029_A_XV,0.2385018989443779,2002,1,13
M_029_A_XV,2.1088576316833496,2002,1,14
M_029_A_XV,17.65928825736046,2002,1,15
M_029_A_XV,0.8661207556724548,2002,1,16
M_029_A_XV,0.2619315981864929,2002,1,17
M_029_A_XV,7.540747553110123,2002,1,18
M_029_A_XV,3.9538168907165527,2002,1,19
M_029_A_XV,5.274519456550479,2002,1,20
M_029_A_XV,8.560141265392303,2002,1,21
M_029_A_XV,4.9921470284461975,2002,1,22
M_029_A_XV,8.393881678581238,2002,1,23
M_029_A_XV,6.235526219010353,2002,1,24
M_029_A_XV,9.916694827377796,2002,1,25
M_029_A_XV,5.639399498701096,2002,1,26
M_029_A_XV,5.535387486219406,2002,1,27
M_029_A_XV,2.93724500015378,2002,1,28
M_029_A_XV,2.61037939786911,2002,1,29
M_029_A_XV,3.220183946192265,2002,1,30
M_029_A_XV,5.01488484442234,2002,1,31
M_029_A_XV,8.013422202318907,2002,2,1
M_029_A_XV,12.869074665009975,2002,2,2
M_029_A_XV,15.601395359262824,2002,2,3
M_029_A_XV,22.451012194156647,2002,2,4
M_029_A_XV,6.968275249004364,2002,2,5
M_029_A_XV,9.456360697746277,2002,2,6
M_029_A_XV,4.946802243590355,2002,2,7
M_029_A_XV,0.1234014816582202,2002,2,8
M_029_A_XV,2.441569656133652,2002,2,9
M_029_A_XV,5.248478950932622,2002,2,10
M_029_A_XV,15.862533569335938,2002,2,11
M_029_A_XV,10.137443095445631,2002,2,12
M_029_A_XV,9.560134023427963,2002,2,13
M_029_A_XV,11.977065920829771,2002,2,14
M_029_A_XV,9.22334724664688,2002,2,15
M_029_A_XV,6.254384204745293,2002,2,16
M_029_A_XV,12.02432568371296,2002,2,17
M_029_A_XV,27.29534393548965,2002,2,18
M_029_A_XV,1.7935399189591408,2002,2,19
M_029_A_XV,0.7028655372560024,2002,2,20
M_029_A_XV,0.4472955306991935,2002,2,21
M_029_A_XV,0.0,2002,2,22
M_029_A_XV,0.2798391208052635,2002,2,23
M_029_A_XV,3.585802495479584,2002,2,24
M_029_A_XV,6.37094447016716,2002,2,25
M_029_A_XV,12.49326777458191,2002,2,26
M_029_A_XV,5.661963313817978,2002,2,27
M_029_A_XV,4.908515989780426,2002,2,28
M_029_A_XV,2.975946195423603,2002,3,1
M_029_A_XV,13.242432028055193,2002,3,2
M_029_A_XV,8.888717696070671,2002,3,3
M_029_A_XV,3.1086905635893345,2002,3,4
M_029_A_XV,0.3901905971579253,2002,3,5
M_029_A_XV,5.374479474499822,2002,3,6
M_029_A_XV,9.342282183468342,2002,3,7
M_029_A_XV,3.887827491387725,2002,3,8
M_029_A_XV,12.43741576746106,2002,3,9
M_029_A_XV,24.049010515213013,2002,3,10
M_029_A_XV,2.8357242550300725,2002,3,11
M_029_A_XV,7.942471422255039,2002,3,12
M_029_A_XV,11.413766622543337,2002,3,13
M_029_A_XV,5.836711436510086,2002,3,14
M_029_A_XV,2.3926897421479225,2002,3,15
M_029_A_XV,6.9685134924948215,2002,3,16
M_029_A_XV,7.682121127843857,2002,3,17
M_029_A_XV,0.0339730475097894,2002,3,18
M_029_A_XV,0.0,2002,3,19
M_029_A_XV,1.398894190788269,2002,3,20
M_029_A_XV,3.99950510263443,2002,3,21
M_029_A_XV,12.37231469154358,2002,3,22
M_029_A_XV,2.7671250253915787,2002,3,23
M_029_A_XV,6.309045419096947,2002,3,24
M_029_A_XV,3.0927684158086777,2002,3,25
M_029_A_XV,3.7822558283805847,2002,3,26
M_029_A_XV,3.747889459133148,2002,3,27
M_029_A_XV,0.8539920585462824,2002,3,28
M_029_A_XV,1.8284912143135443,2002,3,29
M_029_A_XV,3.416136579588056,2002,3,30
M_029_A_XV,6.923055291175842,2002,3,31
M_029_A_XV,5.03124424489215,2002,4,1
M_029_A_XV,0.0,2002,4,2
M_029_A_XV,2.9318374153226614,2002,4,3
M_029_A_XV,3.419647455215454,2002,4,4
M_029_A_XV,3.2069754749536514,2002,4,5
M_029_A_XV,1.3086572885513306,2002,4,6
M_029_A_XV,1.7965118046849966,2002,4,7
M_029_A_XV,2.7428695615381,2002,4,8
M_029_A_XV,1.448910869657993,2002,4,9
M_029_A_XV,2.262693017721176,2002,4,10
M_029_A_XV,4.986731667071581,2002,4,11
M_029_A_XV,10.899112820625303,2002,4,12
M_029_A_XV,5.127365235239267,2002,4,13
M_029_A_XV,5.620593823492527,2002,4,14
M_029_A_XV,2.143148332834244,2002,4,15
M_029_A_XV,9.474519968032835,2002,4,16
M_029_A_XV,7.889540135860443,2002,4,17
M_029_A_XV,3.8960933685302734,2002,4,18
M_029_A_XV,3.461346358060837,2002,4,19
M_029_A_XV,2.8341708183288574,2002,4,20
M_029_A_XV,7.064141415059567,2002,4,21
M_029_A_XV,8.485947847366333,2002,4,22
M_029_A_XV,10.002746507525444,2002,4,23
M_029_A_XV,0.0,2002,4,24
M_029_A_XV,1.4528753985650835,2002,4,25
M_029_A_XV,5.981661915779114,2002,4,26
M_029_A_XV,8.046409338712692,2002,4,27
M_029_A_XV,1.971873119473457,2002,4,28
M_029_A_XV,0.0,2002,4,29
M_029_A_XV,0.0,2002,4,30
M_029_A_XV,0.019106900319457,2002,5,1
M_029_A_XV,0.5604729652404785,2002,5,2
M_029_A_XV,0.4911941885948181,2002,5,3
M_029_A_XV,3.499167770147324,2002,5,4
M_029_A_XV,1.7790303006768229,2002,5,5
M_029_A_XV,2.101263523101806,2002,5,6
M_029_A_XV,2.692998081445694,2002,5,7
M_029_A_XV,0.0,2002,5,8
M_029_A_XV,0.5469973383442266,2002,5,9
M_029_A_XV,0.9338768720626832,2002,5,10
M_029_A_XV,0.5013639163225889,2002,5,11
M_029_A_XV,0.5655614212155342,2002,5,12
M_029_A_XV,5.416535168886185,2002,5,13
M_029_A_XV,3.607725724577904,2002,5,14
M_029_A_XV,0.15579254925251,2002,5,15
M_029_A_XV,0.4673776626586914,2002,5,16
M_029_A_XV,0.0,2002,5,17
M_029_A_XV,0.0,2002,5,18
M_029_A_XV,0.0,2002,5,19
M_029_A_XV,0.0,2002,5,20
M_029_A_XV,0.0,2002,5,21
M_029_A_XV,0.0,2002,5,22
M_029_A_XV,0.0,2002,5,23
M_029_A_XV,0.0292780380696058,2002,5,24
M_029_A_XV,1.9140202440321443,2002,5,25
M_029_A_XV,1.831300999969244,2002,5,26
M_029_A_XV,0.0,2002,5,27
M_029_A_XV,0.0,2002,5,28
M_029_A_XV,0.0,2002,5,29
M_029_A_XV,0.0,2002,5,30
M_029_A_XV,0.0,2002,5,31
M_029_A_XV,0.0,2002,6,1
M_029_A_XV,0.0,2002,6,2
M_029_A_XV,0.0,2002,6,3
M_029_A_XV,0.0,2002,6,4
M_029_A_XV,0.0,2002,6,5
M_029_A_XV,0.0,2002,6,6
M_029_A_XV,0.0,2002,6,7
M_029_A_XV,0.0,2002,6,8
M_029_A_XV,0.0,2002,6,9
M_029_A_XV,0.0,2002,6,10
M_029_A_XV,0.0,2002,6,11
M_029_A_XV,0.0,2002,6,12
M_029_A_XV,0.0,2002,6,13
M_029_A_XV,0.0,2002,6,14
M_029_A_XV,0.0,2002,6,15
M_029_A_XV,0.008030280470848,2002,6,16
M_029_A_XV,0.0,2002,6,17
M_029_A_XV,0.0,2002,6,18
M_029_A_XV,0.0,2002,6,19
M_029_A_XV,0.0002406535641057,2002,6,20
M_029_A_XV,0.0,2002,6,21
M_029_A_XV,0.0781959572341293,2002,6,22
M_029_A_XV,0.0,2002,6,23
M_029_A_XV,0.0311585091985762,2002,6,24
M_029_A_XV,0.0077896271832287,2002,6,25
M_029_A_XV,0.077896274626255,2002,6,26
M_029_A_XV,2.2830764204263687,2002,6,27
M_029_A_XV,2.0905946642160416,2002,6,28
M_029_A_XV,2.9874459505081177,2002,6,29
M_029_A_XV,2.425899244844913,2002,6,30
M_029_A_XV,0.8202737712999806,2002,7,1
M_029_A_XV,0.9751016497612,2002,7,2
M_029_A_XV,8.692579865455627,2002,7,3
M_029_A_XV,0.5783180892467499,2002,7,4
M_029_A_XV,0.0,2002,7,5
M_029_A_XV,0.0,2002,7,6
M_029_A_XV,0.0,2002,7,7
M_029_A_XV,0.0,2002,7,8
M_029_A_XV,0.0,2002,7,9
M_029_A_XV,1.4571622014045715,2002,7,10
M_029_A_XV,9.947145700454712,2002,7,11
M_029_A_XV,0.816560722887516,2002,7,12
M_029_A_XV,1.0586407650262115,2002,7,13
M_029_A_XV,1.722625657916069,2002,7,14
M_029_A_XV,0.0,2002,7,15
M_029_A_XV,0.8817413449287415,2002,7,16
M_029_A_XV,6.989755123853684,2002,7,17
M_029_A_XV,0.9887126423418522,2002,7,18
M_029_A_XV,0.0,2002,7,19
M_029_A_XV,0.0,2002,7,20
M_029_A_XV,0.0,2002,7,21
M_029_A_XV,0.0,2002,7,22
M_029_A_XV,0.0,2002,7,23
M_029_A_XV,0.0,2002,7,24
M_029_A_XV,0.0236685648560524,2002,7,25
M_029_A_XV,0.0,2002,7,26
M_029_A_XV,0.0,2002,7,27
M_029_A_XV,9.358707442879677,2002,7,28
M_029_A_XV,3.5331891626119614,2002,7,29
M_029_A_XV,0.0002406535641057,2002,7,30
M_029_A_XV,0.0,2002,7,31
M_029_A_XV,0.0,2002,8,1
M_029_A_XV,0.0,2002,8,2
M_029_A_XV,0.8337404428020818,2002,8,3
M_029_A_XV,0.0256337467581033,2002,8,4
M_029_A_XV,0.0,2002,8,5
M_029_A_XV,0.077896274626255,2002,8,6
M_029_A_XV,0.7121401950716972,2002,8,7
M_029_A_XV,2.7349801659584045,2002,8,8
M_029_A_XV,1.5035506337881088,2002,8,9
M_029_A_XV,0.4193747360259294,2002,8,10
M_029_A_XV,0.019106900319457,2002,8,11
M_029_A_XV,0.3101164307445287,2002,8,12
M_029_A_XV,2.006006680428982,2002,8,13
M_029_A_XV,0.5620723325992003,2002,8,14
M_029_A_XV,0.6522051692008972,2002,8,15
M_029_A_XV,3.4344001412391663,2002,8,16
M_029_A_XV,2.833342880010605,2002,8,17
M_029_A_XV,0.0,2002,8,18
M_029_A_XV,0.0,2002,8,19
M_029_A_XV,0.0,2002,8,20
M_029_A_XV,0.0,2002,8,21
M_029_A_XV,0.0,2002,8,22
M_029_A_XV,0.0,2002,8,23
M_029_A_XV,0.0,2002,8,24
M_029_A_XV,0.195669949054718,2002,8,25
M_029_A_XV,1.977507546544075,2002,8,26
M_029_A_XV,4.553997278213501,2002,8,27
M_029_A_XV,0.0,2002,8,28
M_029_A_XV,0.0,2002,8,29
M_029_A_XV,0.0,2002,8,30
M_029_A_XV,0.194632887840271,2002,8,31
M_029_A_XV,0.3390921875834465,2002,9,1
M_029_A_XV,1.5001286268234253,2002,9,2
M_029_A_XV,0.5078937783837318,2002,9,3
M_029_A_XV,0.6911015659570694,2002,9,4
M_029_A_XV,0.0,2002,9,5
M_029_A_XV,0.0,2002,9,6
M_029_A_XV,0.0,2002,9,7
M_029_A_XV,0.1581990867853164,2002,9,8
M_029_A_XV,1.719336599111557,2002,9,9
M_029_A_XV,4.388872802257538,2002,9,10
M_029_A_XV,4.047688417136669,2002,9,11
M_029_A_XV,0.4488877654075622,2002,9,12
M_029_A_XV,0.4713935032486915,2002,9,13
M_029_A_XV,0.0,2002,9,14
M_029_A_XV,0.0,2002,9,15
M_029_A_XV,0.0,2002,9,16
M_029_A_XV,0.392478197813034,2002,9,17
M_029_A_XV,1.329834371805191,2002,9,18
M_029_A_XV,0.3001237846910953,2002,9,19
M_029_A_XV,0.0,2002,9,20
M_029_A_XV,0.0,2002,9,21
M_029_A_XV,0.0,2002,9,22
M_029_A_XV,0.0,2002,9,23
M_029_A_XV,0.0,2002,9,24
M_029_A_XV,0.0,2002,9,25
M_029_A_XV,0.0002406535641057,2002,9,26
M_029_A_XV,1.6625504116527736,2002,9,27
M_029_A_XV,1.6182207651436329,2002,9,28
M_029_A_XV,2.994423482567072,2002,9,29
M_029_A_XV,0.0023238931316882,2002,9,30
M_029_A_XV,0.2749857300659641,2002,10,1
M_029_A_XV,0.591890447307378,2002,10,2
M_029_A_XV,1.5678214058279991,2002,10,3
M_029_A_XV,6.0941684022545815,2002,10,4
M_029_A_XV,10.48505736887455,2002,10,5
M_029_A_XV,1.114737803582102,2002,10,6
M_029_A_XV,0.0803028121590614,2002,10,7
M_029_A_XV,3.269310474395752,2002,10,8
M_029_A_XV,13.24374270439148,2002,10,9
M_029_A_XV,2.536183450371027,2002,10,10
M_029_A_XV,0.0,2002,10,11
M_029_A_XV,2.18242759257555,2002,10,12
M_029_A_XV,4.864754557609558,2002,10,13
M_029_A_XV,0.0,2002,10,14
M_029_A_XV,0.0226486437022686,2002,10,15
M_029_A_XV,0.477674201130867,2002,10,16
M_029_A_XV,3.217365516582504,2002,10,17
M_029_A_XV,0.0,2002,10,18
M_029_A_XV,0.0,2002,10,19
M_029_A_XV,0.0,2002,10,20
M_029_A_XV,2.694678828120232,2002,10,21
M_029_A_XV,14.997198462486269,2002,10,22
M_029_A_XV,4.772112846374512,2002,10,23
M_029_A_XV,0.6795791371696396,2002,10,24
M_029_A_XV,4.193670153617859,2002,10,25
M_029_A_XV,0.2436706859152764,2002,10,26
M_029_A_XV,0.0073059037094935,2002,10,27
M_029_A_XV,0.0,2002,10,28
M_029_A_XV,0.3614867031574249,2002,10,29
M_029_A_XV,1.488740123808384,2002,10,30
M_029_A_XV,2.052005395293236,2002,10,31
M_029_A_XV,0.0768803618848323,2002,11,1
M_029_A_XV,0.9981494103558362,2002,11,2
M_029_A_XV,0.0001770871458575,2002,11,3
M_029_A_XV,0.0,2002,11,4
M_029_A_XV,0.0,2002,11,5
M_029_A_XV,0.15579254925251,2002,11,6
M_029_A_XV,2.06869675219059,2002,11,7
M_029_A_XV,1.3941684202291071,2002,11,8
M_029_A_XV,0.1056414130143821,2002,11,9
M_029_A_XV,0.0,2002,11,10
M_029_A_XV,0.0,2002,11,11
M_029_A_XV,0.0,2002,11,12
M_029_A_XV,0.0,2002,11,13
M_029_A_XV,1.8485649712383747,2002,11,14
M_029_A_XV,6.045363306999207,2002,11,15
M_029_A_XV,8.230712816119194,2002,11,16
M_029_A_XV,0.0906227603554725,2002,11,17
M_029_A_XV,2.843331813812256,2002,11,18
M_029_A_XV,12.138168156147003,2002,11,19
M_029_A_XV,5.763717544265091,2002,11,20
M_029_A_XV,3.8900216072797775,2002,11,21
M_029_A_XV,3.20116675645113,2002,11,22
M_029_A_XV,11.57696270942688,2002,11,23
M_029_A_XV,12.758547514677048,2002,11,24
M_029_A_XV,6.154573131352663,2002,11,25
M_029_A_XV,13.422840118408203,2002,11,26
M_029_A_XV,2.6050581112504005,2002,11,27
M_029_A_XV,0.3256317232735455,2002,11,28
M_029_A_XV,0.0,2002,11,29
M_029_A_XV,0.0,2002,11,30
M_029_A_XV,0.4015140533447265,2002,12,1
M_029_A_XV,7.440744698047638,2002,12,2
M_029_A_XV,8.061023950576782,2002,12,3
M_029_A_XV,8.156673863530159,2002,12,4
M_029_A_XV,20.36349654197693,2002,12,5
M_029_A_XV,0.261870801448822,2002,12,6
M_029_A_XV,0.0,2002,12,7
M_029_A_XV,0.008030280470848,2002,12,8
M_029_A_XV,0.0,2002,12,9
M_029_A_XV,0.0,2002,12,10
M_029_A_XV,0.3396622096188366,2002,12,11
M_029_A_XV,4.769888669252396,2002,12,12
M_029_A_XV,2.618804395198822,2002,12,13
M_029_A_XV,0.0,2002,12,14
M_029_A_XV,0.0,2002,12,15
M_029_A_XV,0.0,2002,12,16
M_029_A_XV,3.078574724495411,2002,12,17
M_029_A_XV,22.652603268623352,2002,12,18
M_029_A_XV,6.199984289705753,2002,12,19
M_029_A_XV,13.056135654449465,2002,12,20
M_029_A_XV,9.868032157421112,2002,12,21
M_029_A_XV,0.9440910182893276,2002,12,22
M_029_A_XV,0.0,2002,12,23
M_029_A_XV,0.2804265916347503,2002,12,24
M_029_A_XV,5.003329681232572,2002,12,25
M_029_A_XV,19.310866355896,2002,12,26
M_029_A_XV,15.29025101661682,2002,12,27
M_029_A_XV,4.194624420255423,2002,12,28
M_029_A_XV,16.670077443122864,2002,12,29
M_029_A_XV,21.703705549240112,2002,12,30
M_029_A_XV,6.028637634590268,2002,12,31
M_029_A_XV,8.583472520112991,2003,1,1
M_029_A_XV,0.8800789341330528,2003,1,2
M_029_A_XV,0.0,2003,1,3
M_029_A_XV,0.0,2003,1,4
M_029_A_XV,0.0,2003,1,5
M_029_A_XV,0.0,2003,1,6
M_029_A_XV,5.194850618951023,2003,1,7
M_029_A_XV,5.333159926929511,2003,1,8
M_029_A_XV,0.7701506614685059,2003,1,9
M_029_A_XV,3.4786152094602585,2003,1,10
M_029_A_XV,19.50792121887207,2003,1,11
M_029_A_XV,10.800283670425417,2003,1,12
M_029_A_XV,3.244292311836034,2003,1,13
M_029_A_XV,0.3969416281179292,2003,1,14
M_029_A_XV,7.0367763210088015,2003,1,15
M_029_A_XV,9.348479751497509,2003,1,16
M_029_A_XV,6.661381304264069,2003,1,17
M_029_A_XV,4.965753644704819,2003,1,18
M_029_A_XV,13.36506986618042,2003,1,19
M_029_A_XV,12.13502812385559,2003,1,20
M_029_A_XV,1.824928343296051,2003,1,21
M_029_A_XV,0.1562647816317621,2003,1,22
M_029_A_XV,4.609380725421943,2003,1,23
M_029_A_XV,14.71216681599617,2003,1,24
M_029_A_XV,17.81920886039734,2003,1,25
M_029_A_XV,2.0608946996508166,2003,1,26
M_029_A_XV,1.7518803030252457,2003,1,27
M_029_A_XV,4.247440680861473,2003,1,28
M_029_A_XV,6.11046177148819,2003,1,29
M_029_A_XV,6.252369597554207,2003,1,30
M_029_A_XV,1.8926622197031973,2003,1,31
M_029_A_XV,6.507829904556274,2003,2,1
M_029_A_XV,6.753819525241852,2003,2,2
M_029_A_XV,1.9024399891495705,2003,2,3
M_029_A_XV,10.849840074777603,2003,2,4
M_029_A_XV,15.971145153045654,2003,2,5
M_029_A_XV,0.4650446843588725,2003,2,6
M_029_A_XV,4.63761743158102,2003,2,7
M_029_A_XV,2.860369993373752,2003,2,8
M_029_A_XV,0.6977328569046222,2003,2,9
M_029_A_XV,6.860464561730623,2003,2,10
M_029_A_XV,6.924206048250198,2003,2,11
M_029_A_XV,4.029645100235939,2003,2,12
M_029_A_XV,7.791973635554314,2003,2,13
M_029_A_XV,4.681970887351781,2003,2,14
M_029_A_XV,2.6991773750633,2003,2,15
M_029_A_XV,4.003742985893041,2003,2,16
M_029_A_XV,2.12444081902504,2003,2,17
M_029_A_XV,5.125501316040754,2003,2,18
M_029_A_XV,7.515258628875017,2003,2,19
M_029_A_XV,1.274211898446083,2003,2,20
M_029_A_XV,1.5347949867136776,2003,2,21
M_029_A_XV,5.87031465023756,2003,2,22
M_029_A_XV,19.62110936641693,2003,2,23
M_029_A_XV,25.149742603302,2003,2,24
M_029_A_XV,22.667722463607788,2003,2,25
M_029_A_XV,20.450440645217896,2003,2,26
M_029_A_XV,7.188847474753857,2003,2,27
M_029_A_XV,21.232970610260963,2003,2,28
M_029_A_XV,16.067229211330414,2003,3,1
M_029_A_XV,6.449881434440613,2003,3,2
M_029_A_XV,7.294218719005585,2003,3,3
M_029_A_XV,16.650490701198578,2003,3,4
M_029_A_XV,20.992331624031067,2003,3,5
M_029_A_XV,7.124897509813309,2003,3,6
M_029_A_XV,9.898265480995178,2003,3,7
M_029_A_XV,4.3080673585645854,2003,3,8
M_029_A_XV,5.2719574626135,2003,3,9
M_029_A_XV,4.447799682617188,2003,3,10
M_029_A_XV,3.51740406639874,2003,3,11
M_029_A_XV,4.765601012855768,2003,3,12
M_029_A_XV,11.41895306110382,2003,3,13
M_029_A_XV,8.303301692008972,2003,3,14
M_029_A_XV,0.0,2003,3,15
M_029_A_XV,1.8860673904418943,2003,3,16
M_029_A_XV,16.709752187132835,2003,3,17
M_029_A_XV,12.09362781047821,2003,3,18
M_029_A_XV,2.1066597029566765,2003,3,19
M_029_A_XV,7.197374731302261,2003,3,20
M_029_A_XV,9.524445023038425,2003,3,21
M_029_A_XV,15.27279248740524,2003,3,22
M_029_A_XV,6.205450057983398,2003,3,23
M_029_A_XV,19.349985122680664,2003,3,24
M_029_A_XV,5.181828618049622,2003,3,25
M_029_A_XV,1.8466614466160536,2003,3,26
M_029_A_XV,1.6850773990154266,2003,3,27
M_029_A_XV,1.3541086316108704,2003,3,28
M_029_A_XV,6.94539937376976,2003,3,29
M_029_A_XV,19.972039222717285,2003,3,30
M_029_A_XV,17.12892982363701,2003,3,31
M_029_A_XV,15.187791973352432,2003,4,1
M_029_A_XV,10.811684924759902,2003,4,2
M_029_A_XV,9.301114320755005,2003,4,3
M_029_A_XV,0.4484985191375017,2003,4,4
M_029_A_XV,0.0005902905249968,2003,4,5
M_029_A_XV,0.0,2003,4,6
M_029_A_XV,0.0,2003,4,7
M_029_A_XV,0.0,2003,4,8
M_029_A_XV,0.0,2003,4,9
M_029_A_XV,0.0,2003,4,10
M_029_A_XV,0.0,2003,4,11
M_029_A_XV,1.1143969353288412,2003,4,12
M_029_A_XV,1.0049777552485466,2003,4,13
M_029_A_XV,0.2482677916996181,2003,4,14
M_029_A_XV,0.3903123138443334,2003,4,15
M_029_A_XV,2.46618415415287,2003,4,16
M_029_A_XV,0.0,2003,4,17
M_029_A_XV,0.0,2003,4,18
M_029_A_XV,0.0,2003,4,19
M_029_A_XV,0.0,2003,4,20
M_029_A_XV,0.0005902905249968,2003,4,21
M_029_A_XV,0.9842216726392508,2003,4,22
M_029_A_XV,0.9023936714511364,2003,4,23
M_029_A_XV,0.8619936071336269,2003,4,24
M_029_A_XV,0.8757882080972195,2003,4,25
M_029_A_XV,1.3673224933445454,2003,4,26
M_029_A_XV,0.0019106898689642,2003,4,27
M_029_A_XV,0.0764276012778282,2003,4,28
M_029_A_XV,0.0970031768083572,2003,4,29
M_029_A_XV,0.0821596682071685,2003,4,30
M_029_A_XV,0.0,2003,5,1
M_029_A_XV,0.0002406535641057,2003,5,2
M_029_A_XV,0.0,2003,5,3
M_029_A_XV,0.0,2003,5,4
M_029_A_XV,0.0,2003,5,5
M_029_A_XV,0.0,2003,5,6
M_029_A_XV,0.0,2003,5,7
M_029_A_XV,0.0,2003,5,8
M_029_A_XV,0.0002406535641057,2003,5,9
M_029_A_XV,0.0,2003,5,10
M_029_A_XV,1.669561505317688,2003,5,11
M_029_A_XV,2.3263798505067825,2003,5,12
M_029_A_XV,1.2456681951880455,2003,5,13
M_029_A_XV,0.972166931256652,2003,5,14
M_029_A_XV,0.4869005471700802,2003,5,15
M_029_A_XV,6.51381728053093,2003,5,16
M_029_A_XV,11.01208508014679,2003,5,17
M_029_A_XV,6.544245004653931,2003,5,18
M_029_A_XV,6.3864506483078,2003,5,19
M_029_A_XV,0.1873245723545551,2003,5,20
M_029_A_XV,0.0,2003,5,21
M_029_A_XV,0.0,2003,5,22
M_029_A_XV,0.0,2003,5,23
M_029_A_XV,0.0,2003,5,24
M_029_A_XV,0.0,2003,5,25
M_029_A_XV,0.0,2003,5,26
M_029_A_XV,0.0,2003,5,27
M_029_A_XV,0.0,2003,5,28
M_029_A_XV,0.0,2003,5,29
M_029_A_XV,0.0,2003,5,30
M_029_A_XV,0.0,2003,5,31
M_029_A_XV,0.0,2003,6,1
M_029_A_XV,0.0,2003,6,2
M_029_A_XV,0.0,2003,6,3
M_029_A_XV,0.0,2003,6,4
M_029_A_XV,0.0,2003,6,5
M_029_A_XV,0.0,2003,6,6
M_029_A_XV,0.0,2003,6,7
M_029_A_XV,0.0,2003,6,8
M_029_A_XV,0.0,2003,6,9
M_029_A_XV,0.0,2003,6,10
M_029_A_XV,0.0,2003,6,11
M_029_A_XV,0.0,2003,6,12
M_029_A_XV,0.0,2003,6,13
M_029_A_XV,0.0,2003,6,14
M_029_A_XV,0.0,2003,6,15
M_029_A_XV,0.0,2003,6,16
M_029_A_XV,0.0,2003,6,17
M_029_A_XV,0.0,2003,6,18
M_029_A_XV,0.0,2003,6,19
M_029_A_XV,1.0673851892352104,2003,6,20
M_029_A_XV,0.0,2003,6,21
M_029_A_XV,0.0,2003,6,22
M_029_A_XV,0.0,2003,6,23
M_029_A_XV,0.0,2003,6,24
M_029_A_XV,0.0,2003,6,25
M_029_A_XV,0.0,2003,6,26
M_029_A_XV,0.0,2003,6,27
M_029_A_XV,0.0,2003,6,28
M_029_A_XV,0.0,2003,6,29
M_029_A_XV,0.0,2003,6,30
M_029_A_XV,0.0,2003,7,1
M_029_A_XV,0.0,2003,7,2
M_029_A_XV,0.0,2003,7,3
M_029_A_XV,0.0,2003,7,4
M_029_A_XV,0.0,2003,7,5
M_029_A_XV,0.0,2003,7,6
M_029_A_XV,0.0,2003,7,7
M_029_A_XV,0.0,2003,7,8
M_029_A_XV,0.0,2003,7,9
M_029_A_XV,0.0,2003,7,10
M_029_A_XV,0.0,2003,7,11
M_029_A_XV,0.0,2003,7,12
M_029_A_XV,0.0,2003,7,13
M_029_A_XV,0.0,2003,7,14
M_029_A_XV,0.0,2003,7,15
M_029_A_XV,0.0,2003,7,16
M_029_A_XV,1.029113893979229,2003,7,17
M_029_A_XV,2.712842047214508,2003,7,18
M_029_A_XV,0.9510879933368416,2003,7,19
M_029_A_XV,0.9386566074535948,2003,7,20
M_029_A_XV,0.1170025616884231,2003,7,21
M_029_A_XV,0.234410792007111,2003,7,22
M_029_A_XV,0.0,2003,7,23
M_029_A_XV,0.3321132359997136,2003,7,24
M_029_A_XV,0.2336888313293457,2003,7,25
M_029_A_XV,0.1641927389428019,2003,7,26
M_029_A_XV,0.319489449262619,2003,7,27
M_029_A_XV,2.0116468146443367,2003,7,28
M_029_A_XV,0.7166862785816193,2003,7,29
M_029_A_XV,0.1161327173904283,2003,7,30
M_029_A_XV,0.0,2003,7,31
M_029_A_XV,0.0,2003,8,1
M_029_A_XV,1.2009270754642785,2003,8,2
M_029_A_XV,9.100792050361632,2003,8,3
M_029_A_XV,1.466994784772396,2003,8,4
M_029_A_XV,0.0,2003,8,5
M_029_A_XV,0.0,2003,8,6
M_029_A_XV,0.0077896271832287,2003,8,7
M_029_A_XV,0.2879770267754793,2003,8,8
M_029_A_XV,3.5692427456378937,2003,8,9
M_029_A_XV,3.227509915828705,2003,8,10
M_029_A_XV,0.077896274626255,2003,8,11
M_029_A_XV,0.0,2003,8,12
M_029_A_XV,0.0,2003,8,13
M_029_A_XV,0.0,2003,8,14
M_029_A_XV,0.0,2003,8,15
M_029_A_XV,0.0,2003,8,16
M_029_A_XV,0.0,2003,8,17
M_029_A_XV,0.0,2003,8,18
M_029_A_XV,0.0,2003,8,19
M_029_A_XV,0.0,2003,8,20
M_029_A_XV,0.0,2003,8,21
M_029_A_XV,0.0,2003,8,22
M_029_A_XV,0.0,2003,8,23
M_029_A_XV,0.0,2003,8,24
M_029_A_XV,0.0,2003,8,25
M_029_A_XV,0.0,2003,8,26
M_029_A_XV,0.1123729199171066,2003,8,27
M_029_A_XV,0.0,2003,8,28
M_029_A_XV,0.0,2003,8,29
M_029_A_XV,0.0,2003,8,30
M_029_A_XV,0.0,2003,8,31
M_029_A_XV,0.0,2003,9,1
M_029_A_XV,0.1919678151607513,2003,9,2
M_029_A_XV,1.2055129744112492,2003,9,3
M_029_A_XV,0.0,2003,9,4
M_029_A_XV,0.5793649926781654,2003,9,5
M_029_A_XV,0.0024065356701612,2003,9,6
M_029_A_XV,0.0,2003,9,7
M_029_A_XV,0.0,2003,9,8
M_029_A_XV,0.0,2003,9,9
M_029_A_XV,0.0,2003,9,10
M_029_A_XV,0.2721259705722332,2003,9,11
M_029_A_XV,0.2554136663675308,2003,9,12
M_029_A_XV,0.0,2003,9,13
M_029_A_XV,0.1214570440351963,2003,9,14
M_029_A_XV,0.0,2003,9,15
M_029_A_XV,0.0,2003,9,16
M_029_A_XV,0.0,2003,9,17
M_029_A_XV,0.1955592624726705,2003,9,18
M_029_A_XV,0.8644200135022402,2003,9,19
M_029_A_XV,2.097396604716778,2003,9,20
M_029_A_XV,3.2115071415901184,2003,9,21
M_029_A_XV,0.5037358594126999,2003,9,22
M_029_A_XV,5.415271878242493,2003,9,23
M_029_A_XV,1.935139425098896,2003,9,24
M_029_A_XV,0.0092335483059287,2003,9,25
M_029_A_XV,0.0,2003,9,26
M_029_A_XV,0.0,2003,9,27
M_029_A_XV,0.0,2003,9,28
M_029_A_XV,0.3401721976697445,2003,9,29
M_029_A_XV,2.260402447776869,2003,9,30
M_029_A_XV,2.858850240707397,2003,10,1
M_029_A_XV,7.798283040523529,2003,10,2
M_029_A_XV,9.470301032066343,2003,10,3
M_029_A_XV,0.0481816865503788,2003,10,4
M_029_A_XV,0.0,2003,10,5
M_029_A_XV,0.0,2003,10,6
M_029_A_XV,0.0,2003,10,7
M_029_A_XV,0.0,2003,10,8
M_029_A_XV,0.0,2003,10,9
M_029_A_XV,0.0,2003,10,10
M_029_A_XV,0.0,2003,10,11
M_029_A_XV,1.2020294666290283,2003,10,12
M_029_A_XV,0.7371121346950531,2003,10,13
M_029_A_XV,0.7780842781066895,2003,10,14
M_029_A_XV,0.0,2003,10,15
M_029_A_XV,0.0,2003,10,16
M_029_A_XV,0.0,2003,10,17
M_029_A_XV,0.0,2003,10,18
M_029_A_XV,0.0,2003,10,19
M_029_A_XV,0.0,2003,10,20
M_029_A_XV,0.0,2003,10,21
M_029_A_XV,0.0,2003,10,22
M_029_A_XV,0.0,2003,10,23
M_029_A_XV,0.0,2003,10,24
M_029_A_XV,0.7799006011337042,2003,10,25
M_029_A_XV,0.0,2003,10,26
M_029_A_XV,0.0,2003,10,27
M_029_A_XV,8.451098568737507,2003,10,28
M_029_A_XV,3.926786802709103,2003,10,29
M_029_A_XV,0.6303897872567177,2003,10,30
M_029_A_XV,0.0856859018094837,2003,10,31
M_029_A_XV,0.0857061650604009,2003,11,1
M_029_A_XV,0.0,2003,11,2
M_029_A_XV,0.0002406535641057,2003,11,3
M_029_A_XV,0.0,2003,11,4
M_029_A_XV,0.0,2003,11,5
M_029_A_XV,0.0,2003,11,6
M_029_A_XV,0.0,2003,11,7
M_029_A_XV,3.219114374180208,2003,11,8
M_029_A_XV,5.09072301350534,2003,11,9
M_029_A_XV,6.954107940196991,2003,11,10
M_029_A_XV,0.231487225741148,2003,11,11
M_029_A_XV,0.3135548047721386,2003,11,12
M_029_A_XV,4.250416286289692,2003,11,13
M_029_A_XV,1.389198275282979,2003,11,14
M_029_A_XV,0.0,2003,11,15
M_029_A_XV,0.0,2003,11,16
M_029_A_XV,0.0,2003,11,17
M_029_A_XV,0.0,2003,11,18
M_029_A_XV,0.0,2003,11,19
M_029_A_XV,3.443396605201997,2003,11,20
M_029_A_XV,1.2037941236048937,2003,11,21
M_029_A_XV,0.4450452979654073,2003,11,22
M_029_A_XV,0.5805503726005554,2003,11,23
M_029_A_XV,1.6867369804531336,2003,11,24
M_029_A_XV,0.0856859018094837,2003,11,25
M_029_A_XV,0.0,2003,11,26
M_029_A_XV,9.278328478336334,2003,11,27
M_029_A_XV,0.4634710550308227,2003,11,28
M_029_A_XV,0.3967009782791137,2003,11,29
M_029_A_XV,1.6481275712139904,2003,11,30
M_029_A_XV,6.514371110126376,2003,12,1
M_029_A_XV,0.1654186844825744,2003,12,2
M_029_A_XV,0.0,2003,12,3
M_029_A_XV,0.0,2003,12,4
M_029_A_XV,0.0,2003,12,5
M_029_A_XV,14.783695723861456,2003,12,6
M_029_A_XV,4.096388317455421,2003,12,7
M_029_A_XV,5.797469422221184,2003,12,8
M_029_A_XV,2.702848108485341,2003,12,9
M_029_A_XV,0.6568617224693298,2003,12,10
M_029_A_XV,0.0,2003,12,11
M_029_A_XV,2.8162242606049404,2003,12,12
M_029_A_XV,10.05200982093811,2003,12,13
M_029_A_XV,5.90290474065e-05,2003,12,14
M_029_A_XV,0.0085706170648336,2003,12,15
M_029_A_XV,7.575806379318237,2003,12,16
M_029_A_XV,9.855081677436829,2003,12,17
M_029_A_XV,6.0047846883535385,2003,12,18
M_029_A_XV,2.9608734669163823,2003,12,19
M_029_A_XV,3.435905107762665,2003,12,20
M_029_A_XV,5.350190218538046,2003,12,21
M_029_A_XV,6.0058491341769695,2003,12,22
M_029_A_XV,11.276209354400637,2003,12,23
M_029_A_XV,9.91418975777924,2003,12,24
M_029_A_XV,10.147450134158134,2003,12,25
M_029_A_XV,9.80710244178772,2003,12,26
M_029_A_XV,0.0156685020774602,2003,12,27
M_029_A_XV,0.0,2003,12,28
M_029_A_XV,17.68271791934967,2003,12,29
M_029_A_XV,5.950278073549271,2003,12,30
M_029_A_XV,3.454355680849403,2003,12,31
M_029_A_XV,17.1835777759552,2004,1,1
M_029_A_XV,7.645359545946121,2004,1,2
M_029_A_XV,4.704108223319054,2004,1,3
M_029_A_XV,6.351077510043979,2004,1,4
M_029_A_XV,6.249953806400299,2004,1,5
M_029_A_XV,13.40404924750328,2004,1,6
M_029_A_XV,8.630287796258926,2004,1,7
M_029_A_XV,18.38273823261261,2004,1,8
M_029_A_XV,3.8240252137184143,2004,1,9
M_029_A_XV,17.380590438842773,2004,1,10
M_029_A_XV,10.615358263254166,2004,1,11
M_029_A_XV,18.414311408996586,2004,1,12
M_029_A_XV,23.4607162475586,2004,1,13
M_029_A_XV,5.9931928515434265,2004,1,14
M_029_A_XV,0.107333221763838,2004,1,15
M_029_A_XV,2.5572512559592724,2004,1,16
M_029_A_XV,6.638992190361023,2004,1,17
M_029_A_XV,10.204798340797424,2004,1,18
M_029_A_XV,3.5747845377773046,2004,1,19
M_029_A_XV,0.532243873924017,2004,1,20
M_029_A_XV,0.1423170566558838,2004,1,21
M_029_A_XV,6.391933441162109,2004,1,22
M_029_A_XV,5.195777732878923,2004,1,23
M_029_A_XV,13.384928535670042,2004,1,24
M_029_A_XV,12.297191232442856,2004,1,25
M_029_A_XV,5.010223543271422,2004,1,26
M_029_A_XV,5.582115905359387,2004,1,27
M_029_A_XV,5.760782063007355,2004,1,28
M_029_A_XV,1.923184297978878,2004,1,29
M_029_A_XV,2.925765543594025,2004,1,30
M_029_A_XV,10.255070388317108,2004,1,31
M_029_A_XV,4.204515755176544,2004,2,1
M_029_A_XV,5.6624337285757065,2004,2,2
M_029_A_XV,11.120368599891664,2004,2,3
M_029_A_XV,1.8130311603890727,2004,2,4
M_029_A_XV,13.84009850025177,2004,2,5
M_029_A_XV,6.654824733734131,2004,2,6
M_029_A_XV,8.047305108979344,2004,2,7
M_029_A_XV,17.715345829725266,2004,2,8
M_029_A_XV,24.209014177322388,2004,2,9
M_029_A_XV,17.996208667755127,2004,2,10
M_029_A_XV,18.079794704914093,2004,2,11
M_029_A_XV,14.49499274417758,2004,2,12
M_029_A_XV,4.530529469251633,2004,2,13
M_029_A_XV,3.285158395767212,2004,2,14
M_029_A_XV,1.5172094572335482,2004,2,15
M_029_A_XV,0.0,2004,2,16
M_029_A_XV,0.0,2004,2,17
M_029_A_XV,1.7816404104232788,2004,2,18
M_029_A_XV,10.233039259910583,2004,2,19
M_029_A_XV,25.97859907150269,2004,2,20
M_029_A_XV,2.969168961048126,2004,2,21
M_029_A_XV,0.0024065356701612,2004,2,22
M_029_A_XV,0.7735089641064405,2004,2,23
M_029_A_XV,1.795727327466011,2004,2,24
M_029_A_XV,1.360040245577693,2004,2,25
M_029_A_XV,2.8209937093779445,2004,2,26
M_029_A_XV,0.2548687923699617,2004,2,27
M_029_A_XV,0.0955345015972852,2004,2,28
M_029_A_XV,0.3366946280002594,2004,2,29
M_029_A_XV,1.146716119721532,2004,3,1
M_029_A_XV,5.778575472533703,2004,3,2
M_029_A_XV,11.408329725265505,2004,3,3
M_029_A_XV,1.6200509183108809,2004,3,4
M_029_A_XV,5.622020721435547,2004,3,5
M_029_A_XV,8.751795470714569,2004,3,6
M_029_A_XV,5.409847564995289,2004,3,7
M_029_A_XV,10.365398302674294,2004,3,8
M_029_A_XV,7.715651378035545,2004,3,9
M_029_A_XV,9.211879014968872,2004,3,10
M_029_A_XV,13.76499056816101,2004,3,11
M_029_A_XV,3.654905393719673,2004,3,12
M_029_A_XV,6.016683101654053,2004,3,13
M_029_A_XV,5.824775982648134,2004,3,14
M_029_A_XV,7.0676523223519325,2004,3,15
M_029_A_XV,4.866826146841049,2004,3,16
M_029_A_XV,5.6740502044558525,2004,3,17
M_029_A_XV,5.937008827924728,2004,3,18
M_029_A_XV,7.922620020806789,2004,3,19
M_029_A_XV,8.510037004947662,2004,3,20
M_029_A_XV,9.034947514533997,2004,3,21
M_029_A_XV,6.717599332332611,2004,3,22
M_029_A_XV,15.751574635505676,2004,3,23
M_029_A_XV,7.765888091176748,2004,3,24
M_029_A_XV,2.434182196855545,2004,3,25
M_029_A_XV,0.0,2004,3,26
M_029_A_XV,0.0,2004,3,27
M_029_A_XV,0.7282809019088745,2004,3,28
M_029_A_XV,5.672585166990757,2004,3,29
M_029_A_XV,12.48061227798462,2004,3,30
M_029_A_XV,5.212308585643768,2004,3,31
M_029_A_XV,10.133651971817017,2004,4,1
M_029_A_XV,9.342823639512062,2004,4,2
M_029_A_XV,17.61012065410614,2004,4,3
M_029_A_XV,5.249359078705311,2004,4,4
M_029_A_XV,8.455828845500946,2004,4,5
M_029_A_XV,4.625250980257988,2004,4,6
M_029_A_XV,2.435059864073992,2004,4,7
M_029_A_XV,5.650073438882828,2004,4,8
M_029_A_XV,5.292292505502701,2004,4,9
M_029_A_XV,1.699712198227644,2004,4,10
M_029_A_XV,0.0,2004,4,11
M_029_A_XV,0.0,2004,4,12
M_029_A_XV,0.4673776626586914,2004,4,13
M_029_A_XV,1.8283593654632568,2004,4,14
M_029_A_XV,3.618382692337036,2004,4,15
M_029_A_XV,6.191003307700157,2004,4,16
M_029_A_XV,4.229830967262387,2004,4,17
M_029_A_XV,5.732612192630768,2004,4,18
M_029_A_XV,0.3139916360378265,2004,4,19
M_029_A_XV,0.0240908432751894,2004,4,20
M_029_A_XV,0.0,2004,4,21
M_029_A_XV,0.0,2004,4,22
M_029_A_XV,0.0,2004,4,23
M_029_A_XV,0.15579254925251,2004,4,24
M_029_A_XV,7.101147472858429,2004,4,25
M_029_A_XV,1.7676269114017489,2004,4,26
M_029_A_XV,0.0004813071282114,2004,4,27
M_029_A_XV,0.3277848660945892,2004,4,28
M_029_A_XV,0.8783383648842573,2004,4,29
M_029_A_XV,0.0,2004,4,30
M_029_A_XV,0.0002406535641057,2004,5,1
M_029_A_XV,0.0,2004,5,2
M_029_A_XV,0.0,2004,5,3
M_029_A_XV,0.0,2004,5,4
M_029_A_XV,0.0,2004,5,5
M_029_A_XV,0.0,2004,5,6
M_029_A_XV,0.0,2004,5,7
M_029_A_XV,0.0,2004,5,8
M_029_A_XV,0.0,2004,5,9
M_029_A_XV,0.0,2004,5,10
M_029_A_XV,0.0,2004,5,11
M_029_A_XV,0.0,2004,5,12
M_029_A_XV,0.0,2004,5,13
M_029_A_XV,0.0,2004,5,14
M_029_A_XV,0.0,2004,5,15
M_029_A_XV,0.0,2004,5,16
M_029_A_XV,0.0,2004,5,17
M_029_A_XV,0.0,2004,5,18
M_029_A_XV,0.0,2004,5,19
M_029_A_XV,0.0,2004,5,20
M_029_A_XV,0.0,2004,5,21
M_029_A_XV,0.0,2004,5,22
M_029_A_XV,0.0,2004,5,23
M_029_A_XV,0.0,2004,5,24
M_029_A_XV,0.0,2004,5,25
M_029_A_XV,0.0,2004,5,26
M_029_A_XV,0.0,2004,5,27
M_029_A_XV,0.0,2004,5,28
M_029_A_XV,0.0,2004,5,29
M_029_A_XV,0.0,2004,5,30
M_029_A_XV,0.0,2004,5,31
M_029_A_XV,0.0,2004,6,1
M_029_A_XV,0.0,2004,6,2
M_029_A_XV,0.0,2004,6,3
M_029_A_XV,0.0,2004,6,4
M_029_A_XV,0.0,2004,6,5
M_029_A_XV,0.0,2004,6,6
M_029_A_XV,0.4611286350991577,2004,6,7
M_029_A_XV,0.0085115879774093,2004,6,8
M_029_A_XV,0.0,2004,6,9
M_029_A_XV,0.0,2004,6,10
M_029_A_XV,0.0,2004,6,11
M_029_A_XV,0.0,2004,6,12
M_029_A_XV,0.0,2004,6,13
M_029_A_XV,0.0,2004,6,14
M_029_A_XV,0.0,2004,6,15
M_029_A_XV,0.0,2004,6,16
M_029_A_XV,0.0,2004,6,17
M_029_A_XV,0.0,2004,6,18
M_029_A_XV,0.0,2004,6,19
M_029_A_XV,0.0,2004,6,20
M_029_A_XV,0.0,2004,6,21
M_029_A_XV,0.0,2004,6,22
M_029_A_XV,0.15579254925251,2004,6,23
M_029_A_XV,0.4113926757127046,2004,6,24
M_029_A_XV,0.0,2004,6,25
M_029_A_XV,0.0,2004,6,26
M_029_A_XV,0.2409084364771843,2004,6,27
M_029_A_XV,0.0,2004,6,28
M_029_A_XV,0.0961672067642211,2004,6,29
M_029_A_XV,0.5100137367844582,2004,6,30
M_029_A_XV,1.1489634290337565,2004,7,1
M_029_A_XV,5.01313591003418,2004,7,2
M_029_A_XV,6.655299961566925,2004,7,3
M_029_A_XV,1.805479109287262,2004,7,4
M_029_A_XV,1.1993546120793326,2004,7,5
M_029_A_XV,3.047564593143761,2004,7,6
M_029_A_XV,0.0024065356701612,2004,7,7
M_029_A_XV,0.0,2004,7,8
M_029_A_XV,0.0,2004,7,9
M_029_A_XV,0.0,2004,7,10
M_029_A_XV,0.0,2004,7,11
M_029_A_XV,0.0,2004,7,12
M_029_A_XV,0.0,2004,7,13
M_029_A_XV,0.0,2004,7,14
M_029_A_XV,0.0,2004,7,15
M_029_A_XV,0.0,2004,7,16
M_029_A_XV,0.4280155748128891,2004,7,17
M_029_A_XV,0.2439052760601043,2004,7,18
M_029_A_XV,0.0,2004,7,19
M_029_A_XV,0.0,2004,7,20
M_029_A_XV,0.0,2004,7,21
M_029_A_XV,0.0,2004,7,22
M_029_A_XV,0.0,2004,7,23
M_029_A_XV,0.0715505704283714,2004,7,24
M_029_A_XV,0.4144814969040453,2004,7,25
M_029_A_XV,0.9601077620172872,2004,7,26
M_029_A_XV,0.7986630031809909,2004,7,27
M_029_A_XV,0.0,2004,7,28
M_029_A_XV,0.0,2004,7,29
M_029_A_XV,0.0,2004,7,30
M_029_A_XV,0.0,2004,7,31
M_029_A_XV,0.0,2004,8,1
M_029_A_XV,0.0,2004,8,2
M_029_A_XV,0.0,2004,8,3
M_029_A_XV,0.0954452455043792,2004,8,4
M_029_A_XV,0.0097593460232019,2004,8,5
M_029_A_XV,0.0059936522739008,2004,8,6
M_029_A_XV,1.093747183214873,2004,8,7
M_029_A_XV,2.914406135678292,2004,8,8
M_029_A_XV,3.2170565500855446,2004,8,9
M_029_A_XV,5.57448947429657,2004,8,10
M_029_A_XV,13.337828993797302,2004,8,11
M_029_A_XV,1.330848790705204,2004,8,12
M_029_A_XV,0.7340099476277828,2004,8,13
M_029_A_XV,0.3930771369487047,2004,8,14
M_029_A_XV,2.005297909490764,2004,8,15
M_029_A_XV,3.052175857126713,2004,8,16
M_029_A_XV,0.6067720279097557,2004,8,17
M_029_A_XV,3.727382194250822,2004,8,18
M_029_A_XV,5.723704174160957,2004,8,19
M_029_A_XV,4.033591195940971,2004,8,20
M_029_A_XV,2.6410100907087326,2004,8,21
M_029_A_XV,0.8517264109104872,2004,8,22
M_029_A_XV,0.6509478613734245,2004,8,23
M_029_A_XV,6.497019849717617,2004,8,24
M_029_A_XV,4.487454652786255,2004,8,25
M_029_A_XV,0.311073750257492,2004,8,26
M_029_A_XV,0.0,2004,8,27
M_029_A_XV,0.0,2004,8,28
M_029_A_XV,0.0912711024284362,2004,8,29
M_029_A_XV,0.7814725041389465,2004,8,30
M_029_A_XV,1.5938062518835068,2004,8,31
M_029_A_XV,2.077317010611296,2004,9,1
M_029_A_XV,1.7046460285782814,2004,9,2
M_029_A_XV,0.1411879807710647,2004,9,3
M_029_A_XV,0.077896274626255,2004,9,4
M_029_A_XV,0.1421830132603645,2004,9,5
M_029_A_XV,0.1031758412718772,2004,9,6
M_029_A_XV,0.0,2004,9,7
M_029_A_XV,0.2563828527927398,2004,9,8
M_029_A_XV,3.76485625654459,2004,9,9
M_029_A_XV,1.343762927222997,2004,9,10
M_029_A_XV,0.2710010763257742,2004,9,11
M_029_A_XV,0.0024065356701612,2004,9,12
M_029_A_XV,0.0,2004,9,13
M_029_A_XV,0.0,2004,9,14
M_029_A_XV,0.0,2004,9,15
M_029_A_XV,0.0,2004,9,16
M_029_A_XV,0.0,2004,9,17
M_029_A_XV,0.0,2004,9,18
M_029_A_XV,0.0,2004,9,19
M_029_A_XV,0.0592689606892236,2004,9,20
M_029_A_XV,0.1577622680924832,2004,9,21
M_029_A_XV,1.1433282546931878,2004,9,22
M_029_A_XV,0.908170813228935,2004,9,23
M_029_A_XV,0.5886407792568207,2004,9,24
M_029_A_XV,0.383622121415101,2004,9,25
M_029_A_XV,7.421678990125656,2004,9,26
M_029_A_XV,12.502131223678589,2004,9,27
M_029_A_XV,0.054768044501543,2004,9,28
M_029_A_XV,0.0,2004,9,29
M_029_A_XV,0.0,2004,9,30
M_029_A_XV,0.0024065356701612,2004,10,1
M_029_A_XV,0.0,2004,10,2
M_029_A_XV,0.0,2004,10,3
M_029_A_XV,0.0552160067454678,2004,10,4
M_029_A_XV,2.337698196177371,2004,10,5
M_029_A_XV,10.02154909959063,2004,10,6
M_029_A_XV,0.6285549774765968,2004,10,7
M_029_A_XV,0.0,2004,10,8
M_029_A_XV,0.0,2004,10,9
M_029_A_XV,0.0,2004,10,10
M_029_A_XV,0.0,2004,10,11
M_029_A_XV,0.0,2004,10,12
M_029_A_XV,0.0,2004,10,13
M_029_A_XV,0.0,2004,10,14
M_029_A_XV,1.074499949812889,2004,10,15
M_029_A_XV,0.0,2004,10,16
M_029_A_XV,0.0,2004,10,17
M_029_A_XV,0.0,2004,10,18
M_029_A_XV,0.7621152097126469,2004,10,19
M_029_A_XV,0.8138348460197449,2004,10,20
M_029_A_XV,0.0,2004,10,21
M_029_A_XV,0.0,2004,10,22
M_029_A_XV,0.0,2004,10,23
M_029_A_XV,0.0,2004,10,24
M_029_A_XV,0.0,2004,10,25
M_029_A_XV,0.0,2004,10,26
M_029_A_XV,0.0085706170648336,2004,10,27
M_029_A_XV,3.121514908503741,2004,10,28
M_029_A_XV,7.0230917781591415,2004,10,29
M_029_A_XV,0.4068314988398924,2004,10,30
M_029_A_XV,1.889759622514248,2004,10,31
M_029_A_XV,2.9304057210683823,2004,11,1
M_029_A_XV,0.027328323572874,2004,11,2
M_029_A_XV,0.0233688820153474,2004,11,3
M_029_A_XV,0.927217406220734,2004,11,4
M_029_A_XV,0.3374213278293609,2004,11,5
M_029_A_XV,12.011518955230711,2004,11,6
M_029_A_XV,0.5135510414838791,2004,11,7
M_029_A_XV,0.1593242436647415,2004,11,8
M_029_A_XV,0.0851158797740936,2004,11,9
M_029_A_XV,0.0,2004,11,10
M_029_A_XV,0.0,2004,11,11
M_029_A_XV,0.0,2004,11,12
M_029_A_XV,0.0,2004,11,13
M_029_A_XV,0.0080893095582723,2004,11,14
M_029_A_XV,0.0,2004,11,15
M_029_A_XV,0.0,2004,11,16
M_029_A_XV,0.4817714989185333,2004,11,17
M_029_A_XV,0.0,2004,11,18
M_029_A_XV,0.0,2004,11,19
M_029_A_XV,0.0,2004,11,20
M_029_A_XV,0.0,2004,11,21
M_029_A_XV,0.0,2004,11,22
M_029_A_XV,0.0,2004,11,23
M_029_A_XV,0.0,2004,11,24
M_029_A_XV,0.0097593460232019,2004,11,25
M_029_A_XV,0.0,2004,11,26
M_029_A_XV,0.0,2004,11,27
M_029_A_XV,0.0,2004,11,28
M_029_A_XV,0.0,2004,11,29
M_029_A_XV,2.2518908181227744,2004,11,30
M_029_A_XV,4.467048525810242,2004,12,1
M_029_A_XV,0.3593796689528972,2004,12,2
M_029_A_XV,3.828217104077339,2004,12,3
M_029_A_XV,4.764976099133492,2004,12,4
M_029_A_XV,5.032291233539581,2004,12,5
M_029_A_XV,5.936156630516052,2004,12,6
M_029_A_XV,0.077896274626255,2004,12,7
M_029_A_XV,0.0,2004,12,8
M_029_A_XV,1.903362561599352,2004,12,9
M_029_A_XV,7.5366930067539215,2004,12,10
M_029_A_XV,5.043470418080688,2004,12,11
M_029_A_XV,1.706829461734742,2004,12,12
M_029_A_XV,6.243696426972747,2004,12,13
M_029_A_XV,2.808571814734023,2004,12,14
M_029_A_XV,1.9595450847409663,2004,12,15
M_029_A_XV,3.956864861771464,2004,12,16
M_029_A_XV,0.129757547751069,2004,12,17
M_029_A_XV,4.381995990872383,2004,12,18
M_029_A_XV,12.223692514002323,2004,12,19
M_029_A_XV,9.874048113822935,2004,12,20
M_029_A_XV,1.7038795033004135,2004,12,21
M_029_A_XV,0.342837393283844,2004,12,22
M_029_A_XV,0.0,2004,12,23
M_029_A_XV,0.0,2004,12,24
M_029_A_XV,0.3270174851641059,2004,12,25
M_029_A_XV,0.5307205319404602,2004,12,26
M_029_A_XV,2.7790971137583256,2004,12,27
M_029_A_XV,8.203896697610617,2004,12,28
M_029_A_XV,13.51615035533905,2004,12,29
M_029_A_XV,11.533613562583923,2004,12,30
M_029_A_XV,11.66738336533308,2004,12,31
M_029_A_XV,8.552245818078518,2005,1,1
M_029_A_XV,6.53295224905014,2005,1,2
M_029_A_XV,15.363695427775385,2005,1,3
M_029_A_XV,10.53607270102657,2005,1,4
M_029_A_XV,0.1711375354789197,2005,1,5
M_029_A_XV,4.795980164781213,2005,1,6
M_029_A_XV,14.097845315933228,2005,1,7
M_029_A_XV,4.876646339893341,2005,1,8
M_029_A_XV,11.147671520709991,2005,1,9
M_029_A_XV,10.87721163034439,2005,1,10
M_029_A_XV,3.616862460970879,2005,1,11
M_029_A_XV,6.250482700765133,2005,1,12
M_029_A_XV,7.735826015472412,2005,1,13
M_029_A_XV,0.0372316758148372,2005,1,14
M_029_A_XV,0.032161827199161,2005,1,15
M_029_A_XV,0.3036871193908155,2005,1,16
M_029_A_XV,1.617939818650484,2005,1,17
M_029_A_XV,1.5619003359461203,2005,1,18
M_029_A_XV,7.14676308631897,2005,1,19
M_029_A_XV,11.247917413711548,2005,1,20
M_029_A_XV,5.36692037479952,2005,1,21
M_029_A_XV,1.4387342573609203,2005,1,22
M_029_A_XV,6.382628656923771,2005,1,23
M_029_A_XV,3.838887214660645,2005,1,24
M_029_A_XV,5.75440024677664,2005,1,25
M_029_A_XV,6.803317025303841,2005,1,26
M_029_A_XV,0.2459122689906507,2005,1,27
M_029_A_XV,6.732022121548653,2005,1,28
M_029_A_XV,3.621404018253088,2005,1,29
M_029_A_XV,2.253466544672847,2005,1,30
M_029_A_XV,6.876567214727402,2005,1,31
M_029_A_XV,12.069923281669617,2005,2,1
M_029_A_XV,12.941696465015411,2005,2,2
M_029_A_XV,15.32086768746376,2005,2,3
M_029_A_XV,3.781552404165268,2005,2,4
M_029_A_XV,1.6604258008301258,2005,2,5
M_029_A_XV,3.726823821663857,2005,2,6
M_029_A_XV,8.392052471637726,2005,2,7
M_029_A_XV,9.10521114617586,2005,2,8
M_029_A_XV,18.38972407579422,2005,2,9
M_029_A_XV,10.267011374235151,2005,2,10
M_029_A_XV,17.070141196250916,2005,2,11
M_029_A_XV,14.265415906906128,2005,2,12
M_029_A_XV,14.27515149116516,2005,2,13
M_029_A_XV,15.234064519405363,2005,2,14
M_029_A_XV,26.96548068523407,2005,2,15
M_029_A_XV,16.39258001744747,2005,2,16
M_029_A_XV,11.40420613437891,2005,2,17
M_029_A_XV,5.580802619457245,2005,2,18
M_029_A_XV,8.910413419827819,2005,2,19
M_029_A_XV,10.043194010853767,2005,2,20
M_029_A_XV,14.185033798217772,2005,2,21
M_029_A_XV,8.13543701171875,2005,2,22
M_029_A_XV,4.6228868048638105,2005,2,23
M_029_A_XV,4.585550487972796,2005,2,24
M_029_A_XV,11.318288125097752,2005,2,25
M_029_A_XV,9.284813463687897,2005,2,26
M_029_A_XV,0.15579254925251,2005,2,27
M_029_A_XV,0.0,2005,2,28
M_029_A_XV,2.0170767307281494,2005,3,1
M_029_A_XV,5.777339741587639,2005,3,2
M_029_A_XV,12.196345159085467,2005,3,3
M_029_A_XV,5.451008629053831,2005,3,4
M_029_A_XV,1.9901858268276555,2005,3,5
M_029_A_XV,0.2310536652803421,2005,3,6
M_029_A_XV,1.0215378729626536,2005,3,7
M_029_A_XV,0.5794177502393723,2005,3,8
M_029_A_XV,2.4057266488671303,2005,3,9
M_029_A_XV,5.277955487370491,2005,3,10
M_029_A_XV,2.543878048658371,2005,3,11
M_029_A_XV,2.642414897491108,2005,3,12
M_029_A_XV,0.3115850985050201,2005,3,13
M_029_A_XV,6.923153417184949,2005,3,14
M_029_A_XV,0.15579254925251,2005,3,15
M_029_A_XV,0.305946797132492,2005,3,16
M_029_A_XV,1.8720911890268328,2005,3,17
M_029_A_XV,1.4278618395328522,2005,3,18
M_029_A_XV,4.569422006607056,2005,3,19
M_029_A_XV,9.345475316047668,2005,3,20
M_029_A_XV,4.161448512226343,2005,3,21
M_029_A_XV,13.873300671577454,2005,3,22
M_029_A_XV,8.627101212739944,2005,3,23
M_029_A_XV,6.334279336035252,2005,3,24
M_029_A_XV,3.228039338835515,2005,3,25
M_029_A_XV,2.012455550953746,2005,3,26
M_029_A_XV,4.317609317600727,2005,3,27
M_029_A_XV,5.560726702213287,2005,3,28
M_029_A_XV,14.336846068501472,2005,3,29
M_029_A_XV,11.138078548479823,2005,3,30
M_029_A_XV,11.436570942401886,2005,3,31
M_029_A_XV,4.283787131309509,2005,4,1
M_029_A_XV,3.056125551462173,2005,4,2
M_029_A_XV,1.99595857411623,2005,4,3
M_029_A_XV,1.2387869358062744,2005,4,4
M_029_A_XV,4.132354132831097,2005,4,5
M_029_A_XV,3.857847914099693,2005,4,6
M_029_A_XV,9.008205652236938,2005,4,7
M_029_A_XV,4.630725732073188,2005,4,8
M_029_A_XV,10.92044946551323,2005,4,9
M_029_A_XV,4.941459536552429,2005,4,10
M_029_A_XV,8.763074398040771,2005,4,11
M_029_A_XV,9.643561333417892,2005,4,12
M_029_A_XV,5.931394815444946,2005,4,13
M_029_A_XV,2.601373538374901,2005,4,14
M_029_A_XV,5.097826324403286,2005,4,15
M_029_A_XV,5.500864595174789,2005,4,16
M_029_A_XV,2.332799732685089,2005,4,17
M_029_A_XV,0.0,2005,4,18
M_029_A_XV,0.0,2005,4,19
M_029_A_XV,0.0,2005,4,20
M_029_A_XV,0.0,2005,4,21
M_029_A_XV,0.0,2005,4,22
M_029_A_XV,0.0,2005,4,23
M_029_A_XV,0.0,2005,4,24
M_029_A_XV,0.0077896271832287,2005,4,25
M_029_A_XV,0.0,2005,4,26
M_029_A_XV,0.0,2005,4,27
M_029_A_XV,0.0,2005,4,28
M_029_A_XV,0.0,2005,4,29
M_029_A_XV,0.0,2005,4,30
M_029_A_XV,0.0,2005,5,1
M_029_A_XV,0.0005902905249968,2005,5,2
M_029_A_XV,0.0,2005,5,3
M_029_A_XV,0.0,2005,5,4
M_029_A_XV,0.5753207597881556,2005,5,5
M_029_A_XV,0.0002406535641057,2005,5,6
M_029_A_XV,0.0,2005,5,7
M_029_A_XV,0.0,2005,5,8
M_029_A_XV,0.0,2005,5,9
M_029_A_XV,0.0,2005,5,10
M_029_A_XV,0.0,2005,5,11
M_029_A_XV,0.0469784177839756,2005,5,12
M_029_A_XV,0.1587893813848495,2005,5,13
M_029_A_XV,0.0,2005,5,14
M_029_A_XV,0.0,2005,5,15
M_029_A_XV,0.0,2005,5,16
M_029_A_XV,0.019106900319457,2005,5,17
M_029_A_XV,0.319395013153553,2005,5,18
M_029_A_XV,0.0,2005,5,19
M_029_A_XV,0.0,2005,5,20
M_029_A_XV,0.0,2005,5,21
M_029_A_XV,0.0,2005,5,22
M_029_A_XV,0.0,2005,5,23
M_029_A_XV,0.0,2005,5,24
M_029_A_XV,0.0,2005,5,25
M_029_A_XV,0.0,2005,5,26
M_029_A_XV,0.0,2005,5,27
M_029_A_XV,0.0,2005,5,28
M_029_A_XV,0.0,2005,5,29
M_029_A_XV,0.0,2005,5,30
M_029_A_XV,0.0007219606777653,2005,5,31
M_029_A_XV,0.0,2005,6,1
M_029_A_XV,0.0,2005,6,2
M_029_A_XV,0.0,2005,6,3
M_029_A_XV,0.0,2005,6,4
M_029_A_XV,0.0,2005,6,5
M_029_A_XV,0.0,2005,6,6
M_029_A_XV,0.0,2005,6,7
M_029_A_XV,0.0,2005,6,8
M_029_A_XV,0.0,2005,6,9
M_029_A_XV,0.0,2005,6,10
M_029_A_XV,0.0,2005,6,11
M_029_A_XV,0.0,2005,6,12
M_029_A_XV,0.0,2005,6,13
M_029_A_XV,0.0,2005,6,14
M_029_A_XV,0.0,2005,6,15
M_029_A_XV,0.0,2005,6,16
M_029_A_XV,0.0,2005,6,17
M_029_A_XV,0.0,2005,6,18
M_029_A_XV,0.0,2005,6,19
M_029_A_XV,0.0,2005,6,20
M_029_A_XV,0.0,2005,6,21
M_029_A_XV,0.0,2005,6,22
M_029_A_XV,0.0,2005,6,23
M_029_A_XV,0.0,2005,6,24
M_029_A_XV,0.0,2005,6,25
M_029_A_XV,0.0,2005,6,26
M_029_A_XV,0.0,2005,6,27
M_029_A_XV,0.0,2005,6,28
M_029_A_XV,0.0,2005,6,29
M_029_A_XV,0.0,2005,6,30
M_029_A_XV,0.0,2005,7,1
M_029_A_XV,0.0,2005,7,2
M_029_A_XV,0.0,2005,7,3
M_029_A_XV,0.0,2005,7,4
M_029_A_XV,0.0,2005,7,5
M_029_A_XV,0.0002406535641057,2005,7,6
M_029_A_XV,0.0,2005,7,7
M_029_A_XV,0.0,2005,7,8
M_029_A_XV,0.0,2005,7,9
M_029_A_XV,0.0,2005,7,10
M_029_A_XV,0.0,2005,7,11
M_029_A_XV,0.0,2005,7,12
M_029_A_XV,0.0,2005,7,13
M_029_A_XV,0.0,2005,7,14
M_029_A_XV,0.0,2005,7,15
M_029_A_XV,0.0,2005,7,16
M_029_A_XV,0.0,2005,7,17
M_029_A_XV,0.0,2005,7,18
M_029_A_XV,0.0,2005,7,19
M_029_A_XV,0.0,2005,7,20
M_029_A_XV,0.0,2005,7,21
M_029_A_XV,0.0165418684482574,2005,7,22
M_029_A_XV,0.0250534564256668,2005,7,23
M_029_A_XV,0.0,2005,7,24
M_029_A_XV,0.0,2005,7,25
M_029_A_XV,0.0,2005,7,26
M_029_A_XV,0.0,2005,7,27
M_029_A_XV,0.0,2005,7,28
M_029_A_XV,0.0,2005,7,29
M_029_A_XV,0.0,2005,7,30
M_029_A_XV,0.0,2005,7,31
M_029_A_XV,0.0,2005,8,1
M_029_A_XV,0.0007219606777653,2005,8,2
M_029_A_XV,0.0,2005,8,3
M_029_A_XV,0.0,2005,8,4
M_029_A_XV,0.0,2005,8,5
M_029_A_XV,0.0784865617752075,2005,8,6
M_029_A_XV,0.1905384361743927,2005,8,7
M_029_A_XV,0.0,2005,8,8
M_029_A_XV,0.0,2005,8,9
M_029_A_XV,0.0,2005,8,10
M_029_A_XV,0.0,2005,8,11
M_029_A_XV,0.0,2005,8,12
M_029_A_XV,0.0,2005,8,13
M_029_A_XV,0.0,2005,8,14
M_029_A_XV,0.0,2005,8,15
M_029_A_XV,0.0,2005,8,16
M_029_A_XV,0.0,2005,8,17
M_029_A_XV,0.0002406535641057,2005,8,18
M_029_A_XV,0.0781369281903607,2005,8,19
M_029_A_XV,0.4425351619720459,2005,8,20
M_029_A_XV,0.0,2005,8,21
M_029_A_XV,0.0,2005,8,22
M_029_A_XV,0.0,2005,8,23
M_029_A_XV,0.0,2005,8,24
M_029_A_XV,0.0,2005,8,25
M_029_A_XV,0.0,2005,8,26
M_029_A_XV,0.0,2005,8,27
M_029_A_XV,0.0,2005,8,28
M_029_A_XV,0.0,2005,8,29
M_029_A_XV,0.0,2005,8,30
M_029_A_XV,0.0,2005,8,31
M_029_A_XV,0.0,2005,9,1
M_029_A_XV,0.0,2005,9,2
M_029_A_XV,0.0,2005,9,3
M_029_A_XV,0.0,2005,9,4
M_029_A_XV,0.0,2005,9,5
M_029_A_XV,0.0,2005,9,6
M_029_A_XV,0.0,2005,9,7
M_029_A_XV,0.077896274626255,2005,9,8
M_029_A_XV,0.4775940850377083,2005,9,9
M_029_A_XV,0.0335650444030761,2005,9,10
M_029_A_XV,1.756885797251016,2005,9,11
M_029_A_XV,5.945606827735901,2005,9,12
M_029_A_XV,3.2384724020957947,2005,9,13
M_029_A_XV,3.440486527979374,2005,9,14
M_029_A_XV,4.247447490692139,2005,9,15
M_029_A_XV,5.458665549755096,2005,9,16
M_029_A_XV,0.4808799028396606,2005,9,17
M_029_A_XV,0.0313991606235504,2005,9,18
M_029_A_XV,1.8721354454755783,2005,9,19
M_029_A_XV,3.6256761252880096,2005,9,20
M_029_A_XV,0.0250534564256668,2005,9,21
M_029_A_XV,0.0002406535641057,2005,9,22
M_029_A_XV,0.0,2005,9,23
M_029_A_XV,0.0,2005,9,24
M_029_A_XV,0.0,2005,9,25
M_029_A_XV,0.0,2005,9,26
M_029_A_XV,0.0,2005,9,27
M_029_A_XV,0.0,2005,9,28
M_029_A_XV,0.0,2005,9,29
M_029_A_XV,0.0,2005,9,30
M_029_A_XV,0.0,2005,10,1
M_029_A_XV,0.0,2005,10,2
M_029_A_XV,0.4673776626586914,2005,10,3
M_029_A_XV,0.5917026102542877,2005,10,4
M_029_A_XV,0.2021070122718811,2005,10,5
M_029_A_XV,0.5201420187950134,2005,10,6
M_029_A_XV,0.1059410907328128,2005,10,7
M_029_A_XV,2.164708651602268,2005,10,8
M_029_A_XV,17.002607703208923,2005,10,9
M_029_A_XV,7.433342158794403,2005,10,10
M_029_A_XV,0.0,2005,10,11
M_029_A_XV,0.0,2005,10,12
M_029_A_XV,0.0,2005,10,13
M_029_A_XV,0.0,2005,10,14
M_029_A_XV,0.3104082643985748,2005,10,15
M_029_A_XV,0.0528240092098712,2005,10,16
M_029_A_XV,0.6113959066569805,2005,10,17
M_029_A_XV,0.0,2005,10,18
M_029_A_XV,0.0340463519096374,2005,10,19
M_029_A_XV,0.0,2005,10,20
M_029_A_XV,0.0,2005,10,21
M_029_A_XV,0.0,2005,10,22
M_029_A_XV,0.0,2005,10,23
M_029_A_XV,0.0,2005,10,24
M_029_A_XV,0.0,2005,10,25
M_029_A_XV,0.0,2005,10,26
M_029_A_XV,0.0,2005,10,27
M_029_A_XV,0.0,2005,10,28
M_029_A_XV,0.0,2005,10,29
M_029_A_XV,0.0,2005,10,30
M_029_A_XV,0.0,2005,10,31
M_029_A_XV,0.0,2005,11,1
M_029_A_XV,0.0,2005,11,2
M_029_A_XV,0.0,2005,11,3
M_029_A_XV,0.071900688111782,2005,11,4
M_029_A_XV,7.049904644489288,2005,11,5
M_029_A_XV,5.260229185223579,2005,11,6
M_029_A_XV,9.208034634590147,2005,11,7
M_029_A_XV,24.36347508430481,2005,11,8
M_029_A_XV,14.041310787200928,2005,11,9
M_029_A_XV,6.565325343515724,2005,11,10
M_029_A_XV,0.0,2005,11,11
M_029_A_XV,0.0048130713403224,2005,11,12
M_029_A_XV,0.0,2005,11,13
M_029_A_XV,0.0,2005,11,14
M_029_A_XV,0.7424085922539234,2005,11,15
M_029_A_XV,0.0,2005,11,16
M_029_A_XV,0.0,2005,11,17
M_029_A_XV,0.0,2005,11,18
M_029_A_XV,0.9623447810299696,2005,11,19
M_029_A_XV,12.824156284332275,2005,11,20
M_029_A_XV,2.350209825206548,2005,11,21
M_029_A_XV,0.547255216864869,2005,11,22
M_029_A_XV,0.0,2005,11,23
M_029_A_XV,0.0,2005,11,24
M_029_A_XV,0.1011805832386016,2005,11,25
M_029_A_XV,0.20190972648561,2005,11,26
M_029_A_XV,0.0,2005,11,27
M_029_A_XV,0.0,2005,11,28
M_029_A_XV,0.0,2005,11,29
M_029_A_XV,0.6046732813119888,2005,11,30
M_029_A_XV,0.7502103084698319,2005,12,1
M_029_A_XV,2.5853744000196457,2005,12,2
M_029_A_XV,2.1190739385783672,2005,12,3
M_029_A_XV,0.3215298582799732,2005,12,4
M_029_A_XV,0.0,2005,12,5
M_029_A_XV,0.0,2005,12,6
M_029_A_XV,0.0005902905249968,2005,12,7
M_029_A_XV,0.0,2005,12,8
M_029_A_XV,0.0570798269473016,2005,12,9
M_029_A_XV,0.990981831215322,2005,12,10
M_029_A_XV,13.793711453676224,2005,12,11
M_029_A_XV,15.013409540057182,2005,12,12
M_029_A_XV,20.066555738449097,2005,12,13
M_029_A_XV,16.10525155067444,2005,12,14
M_029_A_XV,3.151163838803768,2005,12,15
M_029_A_XV,1.5141864717006683,2005,12,16
M_029_A_XV,1.2391279935836792,2005,12,17
M_029_A_XV,2.1062062135897577,2005,12,18
M_029_A_XV,12.756465123966336,2005,12,19
M_029_A_XV,6.470517456531525,2005,12,20
M_029_A_XV,4.473938524723053,2005,12,21
M_029_A_XV,4.417983576655388,2005,12,22
M_029_A_XV,2.140471339225769,2005,12,23
M_029_A_XV,12.819357812404633,2005,12,24
M_029_A_XV,8.397329330444336,2005,12,25
M_029_A_XV,15.78926831483841,2005,12,26
M_029_A_XV,15.60964858531952,2005,12,27
M_029_A_XV,8.368653535842896,2005,12,28
M_029_A_XV,16.401526123285294,2005,12,29
M_029_A_XV,15.265745162963867,2005,12,30
M_029_A_XV,19.379826933145523,2005,12,31
M_029_A_XV,9.254869937896729,2006,1,1
M_029_A_XV,3.4853022433817387,2006,1,2
M_029_A_XV,3.53901319950819,2006,1,3
M_029_A_XV,18.78946566581726,2006,1,4
M_029_A_XV,15.377229928970335,2006,1,5
M_029_A_XV,6.800733536481857,2006,1,6
M_029_A_XV,0.1089093256741762,2006,1,7
M_029_A_XV,0.50436338763393,2006,1,8
M_029_A_XV,1.94444352388382,2006,1,9
M_029_A_XV,0.9324081838130952,2006,1,10
M_029_A_XV,4.407603643834591,2006,1,11
M_029_A_XV,10.708945237100124,2006,1,12
M_029_A_XV,12.890008121728895,2006,1,13
M_029_A_XV,15.91070806980133,2006,1,14
M_029_A_XV,12.996546376496552,2006,1,15
M_029_A_XV,30.059614688158035,2006,1,16
M_029_A_XV,23.606117963790894,2006,1,17
M_029_A_XV,11.151059865951538,2006,1,18
M_029_A_XV,0.1322536263614893,2006,1,19
M_029_A_XV,3.144985402934253,2006,1,20
M_029_A_XV,11.06904947757721,2006,1,21
M_029_A_XV,14.31151682138443,2006,1,22
M_029_A_XV,18.02304422855377,2006,1,23
M_029_A_XV,8.928878962993622,2006,1,24
M_029_A_XV,13.72442838549614,2006,1,25
M_029_A_XV,16.347451329231262,2006,1,26
M_029_A_XV,8.1002327054739,2006,1,27
M_029_A_XV,7.448554415255785,2006,1,28
M_029_A_XV,15.953573554754255,2006,1,29
M_029_A_XV,29.015123829245567,2006,1,30
M_029_A_XV,14.83732108771801,2006,1,31
M_029_A_XV,20.997713714838028,2006,2,1
M_029_A_XV,14.065745651721954,2006,2,2
M_029_A_XV,6.236873380839825,2006,2,3
M_029_A_XV,6.524281591176987,2006,2,4
M_029_A_XV,14.11013913154602,2006,2,5
M_029_A_XV,17.976245522499084,2006,2,6
M_029_A_XV,20.411024183034897,2006,2,7
M_029_A_XV,7.657691568136215,2006,2,8
M_029_A_XV,34.469998359680176,2006,2,9
M_029_A_XV,16.019114136695862,2006,2,10
M_029_A_XV,11.119883209466934,2006,2,11
M_029_A_XV,11.35849591717124,2006,2,12
M_029_A_XV,0.0,2006,2,13
M_029_A_XV,0.0,2006,2,14
M_029_A_XV,0.0,2006,2,15
M_029_A_XV,0.0,2006,2,16
M_029_A_XV,1.0747539158910513,2006,2,17
M_029_A_XV,10.070285141468048,2006,2,18
M_029_A_XV,9.444099426269531,2006,2,19
M_029_A_XV,6.004647120833397,2006,2,20
M_029_A_XV,5.452672251965851,2006,2,21
M_029_A_XV,4.737786613404751,2006,2,22
M_029_A_XV,9.09397304058075,2006,2,23
M_029_A_XV,11.118484318256378,2006,2,24
M_029_A_XV,4.420567080378532,2006,2,25
M_029_A_XV,0.3445801269263029,2006,2,26
M_029_A_XV,0.0002406535641057,2006,2,27
M_029_A_XV,9.348859700839968,2006,2,28
M_029_A_XV,12.062657564878464,2006,3,1
M_029_A_XV,19.759395599365234,2006,3,2
M_029_A_XV,7.392791923135519,2006,3,3
M_029_A_XV,10.828303575515749,2006,3,4
M_029_A_XV,5.70660674571991,2006,3,5
M_029_A_XV,8.53344289958477,2006,3,6
M_029_A_XV,2.412196460762061,2006,3,7
M_029_A_XV,3.5736134499311447,2006,3,8
M_029_A_XV,1.6799105554819107,2006,3,9
M_029_A_XV,2.9007247388362885,2006,3,10
M_029_A_XV,7.982156366109848,2006,3,11
M_029_A_XV,4.868315756320953,2006,3,12
M_029_A_XV,2.690075799822808,2006,3,13
M_029_A_XV,4.652940884698182,2006,3,14
M_029_A_XV,2.9227477812673897,2006,3,15
M_029_A_XV,4.928311079740524,2006,3,16
M_029_A_XV,4.862957000732422,2006,3,17
M_029_A_XV,4.413405291736126,2006,3,18
M_029_A_XV,2.82738352008164,2006,3,19
M_029_A_XV,13.84053274989128,2006,3,20
M_029_A_XV,16.807970106601715,2006,3,21
M_029_A_XV,15.738660991191864,2006,3,22
M_029_A_XV,12.842749685049055,2006,3,23
M_029_A_XV,14.878317341208458,2006,3,24
M_029_A_XV,10.441131085157394,2006,3,25
M_029_A_XV,11.098079100251198,2006,3,26
M_029_A_XV,13.596671782433988,2006,3,27
M_029_A_XV,16.081291407346725,2006,3,28
M_029_A_XV,8.411869019269943,2006,3,29
M_029_A_XV,22.03189849853516,2006,3,30
M_029_A_XV,9.431851625442505,2006,3,31
M_029_A_XV,11.085945844650269,2006,4,1
M_029_A_XV,17.033839285373688,2006,4,2
M_029_A_XV,24.791892051696777,2006,4,3
M_029_A_XV,4.702008068561554,2006,4,4
M_029_A_XV,8.13715523481369,2006,4,5
M_029_A_XV,10.153587460517883,2006,4,6
M_029_A_XV,3.040609236806631,2006,4,7
M_029_A_XV,0.1480029225349426,2006,4,8
M_029_A_XV,1.8079155255109072,2006,4,9
M_029_A_XV,0.0467377640306949,2006,4,10
M_029_A_XV,0.7980696558952332,2006,4,11
M_029_A_XV,1.4845541268587112,2006,4,12
M_029_A_XV,1.6051721796393394,2006,4,13
M_029_A_XV,5.897879540920258,2006,4,14
M_029_A_XV,2.575164161462453,2006,4,15
M_029_A_XV,8.563283279538155,2006,4,16
M_029_A_XV,11.80980271100998,2006,4,17
M_029_A_XV,1.1708506122231483,2006,4,18
M_029_A_XV,0.0,2006,4,19
M_029_A_XV,0.0,2006,4,20
M_029_A_XV,0.0,2006,4,21
M_029_A_XV,0.0024065356701612,2006,4,22
M_029_A_XV,0.0,2006,4,23
M_029_A_XV,0.0,2006,4,24
M_029_A_XV,0.1927421540021896,2006,4,25
M_029_A_XV,0.2187582328915596,2006,4,26
M_029_A_XV,0.5868631657212973,2006,4,27
M_029_A_XV,0.6011400520801544,2006,4,28
M_029_A_XV,3.898476637899876,2006,4,29
M_029_A_XV,3.731397956609726,2006,4,30
M_029_A_XV,5.535119533538818,2006,5,1
M_029_A_XV,3.897080197930336,2006,5,2
M_029_A_XV,4.0687056183815,2006,5,3
M_029_A_XV,1.3577170335920528,2006,5,4
M_029_A_XV,0.0,2006,5,5
M_029_A_XV,0.0,2006,5,6
M_029_A_XV,0.0,2006,5,7
M_029_A_XV,0.0,2006,5,8
M_029_A_XV,0.0,2006,5,9
M_029_A_XV,0.0,2006,5,10
M_029_A_XV,0.0,2006,5,11
M_029_A_XV,0.0,2006,5,12
M_029_A_XV,0.0,2006,5,13
M_029_A_XV,0.0,2006,5,14
M_029_A_XV,0.0,2006,5,15
M_029_A_XV,0.0,2006,5,16
M_029_A_XV,0.0,2006,5,17
M_029_A_XV,0.0,2006,5,18
M_029_A_XV,0.0,2006,5,19
M_029_A_XV,0.0,2006,5,20
M_029_A_XV,0.0,2006,5,21
M_029_A_XV,0.0,2006,5,22
M_029_A_XV,0.0,2006,5,23
M_029_A_XV,0.0,2006,5,24
M_029_A_XV,0.0,2006,5,25
M_029_A_XV,0.0,2006,5,26
M_029_A_XV,0.0,2006,5,27
M_029_A_XV,0.0,2006,5,28
M_029_A_XV,0.0,2006,5,29
M_029_A_XV,0.0,2006,5,30
M_029_A_XV,0.0567377619445323,2006,5,31
M_029_A_XV,0.3437375426292419,2006,6,1
M_029_A_XV,0.2673601804272039,2006,6,2
M_029_A_XV,0.0,2006,6,3
M_029_A_XV,0.0,2006,6,4
M_029_A_XV,0.0,2006,6,5
M_029_A_XV,0.0,2006,6,6
M_029_A_XV,0.0,2006,6,7
M_029_A_XV,0.0,2006,6,8
M_029_A_XV,0.0,2006,6,9
M_029_A_XV,0.0,2006,6,10
M_029_A_XV,0.0,2006,6,11
M_029_A_XV,0.0,2006,6,12
M_029_A_XV,0.0,2006,6,13
M_029_A_XV,0.0,2006,6,14
M_029_A_XV,0.0,2006,6,15
M_029_A_XV,0.0,2006,6,16
M_029_A_XV,0.0,2006,6,17
M_029_A_XV,0.0,2006,6,18
M_029_A_XV,0.0,2006,6,19
M_029_A_XV,0.0,2006,6,20
M_029_A_XV,0.0,2006,6,21
M_029_A_XV,0.0,2006,6,22
M_029_A_XV,0.0077896271832287,2006,6,23
M_029_A_XV,0.0253386013209819,2006,6,24
M_029_A_XV,0.0,2006,6,25
M_029_A_XV,0.0,2006,6,26
M_029_A_XV,0.0803028121590614,2006,6,27
M_029_A_XV,0.0,2006,6,28
M_029_A_XV,0.0,2006,6,29
M_029_A_XV,0.0,2006,6,30
M_029_A_XV,0.0,2006,7,1
M_029_A_XV,0.0,2006,7,2
M_029_A_XV,0.0,2006,7,3
M_029_A_XV,0.0,2006,7,4
M_029_A_XV,0.0,2006,7,5
M_029_A_XV,0.0,2006,7,6
M_029_A_XV,0.0,2006,7,7
M_029_A_XV,0.0,2006,7,8
M_029_A_XV,0.0,2006,7,9
M_029_A_XV,0.0,2006,7,10
M_029_A_XV,0.0,2006,7,11
M_029_A_XV,0.0,2006,7,12
M_029_A_XV,0.0,2006,7,13
M_029_A_XV,0.0,2006,7,14
M_029_A_XV,0.0002406535641057,2006,7,15
M_029_A_XV,0.0,2006,7,16
M_029_A_XV,0.0,2006,7,17
M_029_A_XV,0.0,2006,7,18
M_029_A_XV,0.0,2006,7,19
M_029_A_XV,0.0,2006,7,20
M_029_A_XV,0.0,2006,7,21
M_029_A_XV,0.0,2006,7,22
M_029_A_XV,0.0,2006,7,23
M_029_A_XV,0.0,2006,7,24
M_029_A_XV,0.0,2006,7,25
M_029_A_XV,0.0,2006,7,26
M_029_A_XV,0.0,2006,7,27
M_029_A_XV,0.0,2006,7,28
M_029_A_XV,0.0,2006,7,29
M_029_A_XV,0.0,2006,7,30
M_029_A_XV,0.0,2006,7,31
M_029_A_XV,0.0,2006,8,1
M_029_A_XV,0.0,2006,8,2
M_029_A_XV,0.0,2006,8,3
M_029_A_XV,0.0077896271832287,2006,8,4
M_029_A_XV,0.0,2006,8,5
M_029_A_XV,0.0,2006,8,6
M_029_A_XV,0.0,2006,8,7
M_029_A_XV,0.0,2006,8,8
M_029_A_XV,0.0,2006,8,9
M_029_A_XV,0.1161100715398788,2006,8,10
M_029_A_XV,1.1808790117502213,2006,8,11
M_029_A_XV,1.155935674905777,2006,8,12
M_029_A_XV,2.472718570381403,2006,8,13
M_029_A_XV,1.844153333455324,2006,8,14
M_029_A_XV,0.6665382757782936,2006,8,15
M_029_A_XV,0.0553083810955286,2006,8,16
M_029_A_XV,0.0,2006,8,17
M_029_A_XV,0.0,2006,8,18
M_029_A_XV,0.0,2006,8,19
M_029_A_XV,0.0,2006,8,20
M_029_A_XV,0.0,2006,8,21
M_029_A_XV,0.0,2006,8,22
M_029_A_XV,0.0,2006,8,23
M_029_A_XV,0.5092785954475403,2006,8,24
M_029_A_XV,0.0,2006,8,25
M_029_A_XV,0.0,2006,8,26
M_029_A_XV,0.0,2006,8,27
M_029_A_XV,0.159161701798439,2006,8,28
M_029_A_XV,0.6182159651070833,2006,8,29
M_029_A_XV,0.5088322572410107,2006,8,30
M_029_A_XV,0.0,2006,8,31
M_029_A_XV,0.0,2006,9,1
M_029_A_XV,0.0,2006,9,2
M_029_A_XV,0.0,2006,9,3
M_029_A_XV,0.0,2006,9,4
M_029_A_XV,0.0,2006,9,5
M_029_A_XV,0.0,2006,9,6
M_029_A_XV,0.0,2006,9,7
M_029_A_XV,0.0,2006,9,8
M_029_A_XV,0.0,2006,9,9
M_029_A_XV,0.0,2006,9,10
M_029_A_XV,0.0,2006,9,11
M_029_A_XV,0.0,2006,9,12
M_029_A_XV,0.1719620823860168,2006,9,13
M_029_A_XV,0.0,2006,9,14
M_029_A_XV,0.0,2006,9,15
M_029_A_XV,0.0233688820153474,2006,9,16
M_029_A_XV,0.0,2006,9,17
M_029_A_XV,2.2409675270318985,2006,9,18
M_029_A_XV,2.8407097458839417,2006,9,19
M_029_A_XV,0.0,2006,9,20
M_029_A_XV,0.0,2006,9,21
M_029_A_XV,0.0,2006,9,22
M_029_A_XV,0.0,2006,9,23
M_029_A_XV,0.0005902905249968,2006,9,24
M_029_A_XV,4.058512592222542,2006,9,25
M_029_A_XV,6.090330109000206,2006,9,26
M_029_A_XV,14.991919040679932,2006,9,27
M_029_A_XV,18.14988255500793,2006,9,28
M_029_A_XV,2.95606436720118,2006,9,29
M_029_A_XV,0.0,2006,9,30
M_029_A_XV,0.0,2006,10,1
M_029_A_XV,0.0403006039559841,2006,10,2
M_029_A_XV,0.0803028121590614,2006,10,3
M_029_A_XV,0.0,2006,10,4
M_029_A_XV,0.0,2006,10,5
M_029_A_XV,0.0,2006,10,6
M_029_A_XV,0.0,2006,10,7
M_029_A_XV,0.0002406535641057,2006,10,8
M_029_A_XV,0.0226940177381038,2006,10,9
M_029_A_XV,0.0,2006,10,10
M_029_A_XV,0.0,2006,10,11
M_029_A_XV,0.2390921991318464,2006,10,12
M_029_A_XV,0.0,2006,10,13
M_029_A_XV,0.0,2006,10,14
M_029_A_XV,0.0,2006,10,15
M_029_A_XV,0.1563828438520431,2006,10,16
M_029_A_XV,0.2771903071552515,2006,10,17
M_029_A_XV,0.0,2006,10,18
M_029_A_XV,0.2214701175689697,2006,10,19
M_029_A_XV,1.5257230158895254,2006,10,20
M_029_A_XV,4.940712091512978,2006,10,21
M_029_A_XV,10.379177570343018,2006,10,22
M_029_A_XV,0.520030677318573,2006,10,23
M_029_A_XV,0.0,2006,10,24
M_029_A_XV,1.7896522860974071,2006,10,25
M_029_A_XV,4.889837056398392,2006,10,26
M_029_A_XV,9.34128487110138,2006,10,27
M_029_A_XV,7.873688340187073,2006,10,28
M_029_A_XV,4.904677763581276,2006,10,29
M_029_A_XV,4.666312992572784,2006,10,30
M_029_A_XV,5.720852434635162,2006,10,31
M_029_A_XV,0.8154721856117249,2006,11,1
M_029_A_XV,0.2288277447223663,2006,11,2
M_029_A_XV,1.5622799564152956,2006,11,3
M_029_A_XV,3.8211506456136703,2006,11,4
M_029_A_XV,3.6491051763296127,2006,11,5
M_029_A_XV,1.4716072380542755,2006,11,6
M_029_A_XV,14.97299376130104,2006,11,7
M_029_A_XV,4.247221119701862,2006,11,8
M_029_A_XV,0.5913831684738398,2006,11,9
M_029_A_XV,0.0,2006,11,10
M_029_A_XV,0.0054033617489039,2006,11,11
M_029_A_XV,3.875345252454281,2006,11,12
M_029_A_XV,1.346211821772158,2006,11,13
M_029_A_XV,3.4888947308063507,2006,11,14
M_029_A_XV,2.6758964210748672,2006,11,15
M_029_A_XV,0.680581122636795,2006,11,16
M_029_A_XV,1.102896809577942,2006,11,17
M_029_A_XV,1.185390037484467,2006,11,18
M_029_A_XV,1.4672250151634216,2006,11,19
M_029_A_XV,6.6900718212127686,2006,11,20
M_029_A_XV,7.541911005973816,2006,11,21
M_029_A_XV,2.325485944747925,2006,11,22
M_029_A_XV,0.1855037919376627,2006,11,23
M_029_A_XV,0.0,2006,11,24
M_029_A_XV,3.555782079696656,2006,11,25
M_029_A_XV,7.54207706451416,2006,11,26
M_029_A_XV,0.8294680174440145,2006,11,27
M_029_A_XV,0.0,2006,11,28
M_029_A_XV,0.0019697188399732,2006,11,29
M_029_A_XV,5.307721776887775,2006,11,30
M_029_A_XV,0.7392598051810637,2006,12,1
M_029_A_XV,0.0,2006,12,2
M_029_A_XV,1.175663709640503,2006,12,3
M_029_A_XV,16.280697213485837,2006,12,4
M_029_A_XV,11.807461963966489,2006,12,5
M_029_A_XV,2.074899206869304,2006,12,6
M_029_A_XV,9.582401126623154,2006,12,7
M_029_A_XV,0.4912282748118741,2006,12,8
M_029_A_XV,0.0,2006,12,9
M_029_A_XV,0.0078198462724685,2006,12,10
M_029_A_XV,0.8240936994552612,2006,12,11
M_029_A_XV,0.005732069723308,2006,12,12
M_029_A_XV,0.0,2006,12,13
M_029_A_XV,0.2235538417444331,2006,12,14
M_029_A_XV,4.245037907734513,2006,12,15
M_029_A_XV,6.941538199782372,2006,12,16
M_029_A_XV,5.745905950665474,2006,12,17
M_029_A_XV,12.887855477631092,2006,12,18
M_029_A_XV,19.039635509252548,2006,12,19
M_029_A_XV,12.279221296310425,2006,12,20
M_029_A_XV,9.885148972272871,2006,12,21
M_029_A_XV,9.429118618369102,2006,12,22
M_029_A_XV,1.1647760872729125,2006,12,23
M_029_A_XV,0.0,2006,12,24
M_029_A_XV,0.0009626142564229,2006,12,25
M_029_A_XV,12.778629360720515,2006,12,26
M_029_A_XV,11.017967343330383,2006,12,27
M_029_A_XV,6.322044223546982,2006,12,28
M_029_A_XV,18.07377880811692,2006,12,29
M_029_A_XV,9.14605924487114,2006,12,30
M_029_A_XV,25.19878888130188,2006,12,31
M_029_A_XV,18.44965302944184,2007,1,1
M_029_A_XV,0.0,2007,1,2
M_029_A_XV,0.0,2007,1,3
M_029_A_XV,2.165708785876632,2007,1,4
M_029_A_XV,13.605750530958176,2007,1,5
M_029_A_XV,14.319303274154665,2007,1,6
M_029_A_XV,17.909733533859253,2007,1,7
M_029_A_XV,4.4905560365878046,2007,1,8
M_029_A_XV,8.662936914362945,2007,1,9
M_029_A_XV,22.688359066843987,2007,1,10
M_029_A_XV,4.67316810041666,2007,1,11
M_029_A_XV,8.84717059135437,2007,1,12
M_029_A_XV,10.75361955165863,2007,1,13
M_029_A_XV,13.10387772321701,2007,1,14
M_029_A_XV,16.321575164794922,2007,1,15
M_029_A_XV,9.946130126714706,2007,1,16
M_029_A_XV,0.0,2007,1,17
M_029_A_XV,1.7339239120483398,2007,1,18
M_029_A_XV,2.1950037591159344,2007,1,19
M_029_A_XV,3.374221622943878,2007,1,20
M_029_A_XV,2.7361831911839545,2007,1,21
M_029_A_XV,6.570252440869808,2007,1,22
M_029_A_XV,19.287526607513428,2007,1,23
M_029_A_XV,1.2969248294830322,2007,1,24
M_029_A_XV,0.0,2007,1,25
M_029_A_XV,0.0,2007,1,26
M_029_A_XV,5.133263302966952,2007,1,27
M_029_A_XV,0.0048130713403224,2007,1,28
M_029_A_XV,0.0,2007,1,29
M_029_A_XV,0.0,2007,1,30
M_029_A_XV,0.0,2007,1,31
M_029_A_XV,0.0,2007,2,1
M_029_A_XV,2.328257044777274,2007,2,2
M_029_A_XV,0.0024065356701612,2007,2,3
M_029_A_XV,0.0,2007,2,4
M_029_A_XV,2.4024304151535034,2007,2,5
M_029_A_XV,0.0191890578716993,2007,2,6
M_029_A_XV,3.031554901972413,2007,2,7
M_029_A_XV,3.664694935083389,2007,2,8
M_029_A_XV,8.905768156051636,2007,2,9
M_029_A_XV,7.481490442529321,2007,2,10
M_029_A_XV,9.621284868568182,2007,2,11
M_029_A_XV,8.502333134412766,2007,2,12
M_029_A_XV,19.27121329307556,2007,2,13
M_029_A_XV,1.388469871133566,2007,2,14
M_029_A_XV,0.4194853901863098,2007,2,15
M_029_A_XV,0.1008440712466836,2007,2,16
M_029_A_XV,0.0019106898689642,2007,2,17
M_029_A_XV,0.0134338587522506,2007,2,18
M_029_A_XV,5.90290474065e-05,2007,2,19
M_029_A_XV,0.0994097124785184,2007,2,20
M_029_A_XV,8.539827674627304,2007,2,21
M_029_A_XV,6.985918641090393,2007,2,22
M_029_A_XV,2.0848073955858126,2007,2,23
M_029_A_XV,2.4207943363580853,2007,2,24
M_029_A_XV,4.887859856709838,2007,2,25
M_029_A_XV,0.8111592084169388,2007,2,26
M_029_A_XV,3.658308546990156,2007,2,27
M_029_A_XV,3.576863154768944,2007,2,28
M_029_A_XV,8.356001675128937,2007,3,1
M_029_A_XV,16.8062903881073,2007,3,2
M_029_A_XV,17.67939817905426,2007,3,3
M_029_A_XV,13.131749279797075,2007,3,4
M_029_A_XV,13.88912907242775,2007,3,5
M_029_A_XV,12.70504553243518,2007,3,6
M_029_A_XV,8.8438039124012,2007,3,7
M_029_A_XV,15.458922386169434,2007,3,8
M_029_A_XV,5.905900865793228,2007,3,9
M_029_A_XV,6.406348340213299,2007,3,10
M_029_A_XV,1.260305320378393,2007,3,11
M_029_A_XV,7.07039587199688,2007,3,12
M_029_A_XV,8.522680133581161,2007,3,13
M_029_A_XV,10.578189581632614,2007,3,14
M_029_A_XV,36.5191861987114,2007,3,15
M_029_A_XV,11.44859230518341,2007,3,16
M_029_A_XV,9.41473650932312,2007,3,17
M_029_A_XV,24.33978736400604,2007,3,18
M_029_A_XV,19.13789802789688,2007,3,19
M_029_A_XV,1.3265085816383362,2007,3,20
M_029_A_XV,3.113819068763405,2007,3,21
M_029_A_XV,3.659956563729793,2007,3,22
M_029_A_XV,1.7911955490708351,2007,3,23
M_029_A_XV,1.7205447293817997,2007,3,24
M_029_A_XV,1.074036791920662,2007,3,25
M_029_A_XV,1.0044104903936386,2007,3,26
M_029_A_XV,1.736343935132027,2007,3,27
M_029_A_XV,6.0714966133236885,2007,3,28
M_029_A_XV,18.584735572338104,2007,3,29
M_029_A_XV,3.7815839033573866,2007,3,30
M_029_A_XV,8.537181442603469,2007,3,31
M_029_A_XV,12.946833610534668,2007,4,1
M_029_A_XV,17.859599471092224,2007,4,2
M_029_A_XV,3.74049524217844,2007,4,3
M_029_A_XV,2.217252850532532,2007,4,4
M_029_A_XV,0.0178925395011901,2007,4,5
M_029_A_XV,0.1660089921642793,2007,4,6
M_029_A_XV,0.0004813071282114,2007,4,7
M_029_A_XV,0.0994097124785184,2007,4,8
M_029_A_XV,2.617165451869369,2007,4,9
M_029_A_XV,1.7819075603038073,2007,4,10
M_029_A_XV,5.9169058203697205,2007,4,11
M_029_A_XV,8.179898023605347,2007,4,12
M_029_A_XV,9.447649836540222,2007,4,13
M_029_A_XV,0.0103587114135734,2007,4,14
M_029_A_XV,0.1167856454849243,2007,4,15
M_029_A_XV,0.2335809318319661,2007,4,16
M_029_A_XV,0.0496779344975948,2007,4,17
M_029_A_XV,0.0,2007,4,18
M_029_A_XV,0.0,2007,4,19
M_029_A_XV,0.0,2007,4,20
M_029_A_XV,0.0,2007,4,21
M_029_A_XV,0.0254566594958305,2007,4,22
M_029_A_XV,0.0907705035060644,2007,4,23
M_029_A_XV,0.1563828438520431,2007,4,24
M_029_A_XV,0.3061829209327698,2007,4,25
M_029_A_XV,0.3087710738182068,2007,4,26
M_029_A_XV,1.04555281996727,2007,4,27
M_029_A_XV,0.5292683839797974,2007,4,28
M_029_A_XV,0.7966191601008177,2007,4,29
M_029_A_XV,2.0141146071255207,2007,4,30
M_029_A_XV,0.1869510565884411,2007,5,1
M_029_A_XV,0.429480142891407,2007,5,2
M_029_A_XV,0.9232926853001118,2007,5,3
M_029_A_XV,1.312398925423622,2007,5,4
M_029_A_XV,2.973951384425164,2007,5,5
M_029_A_XV,0.272492915391922,2007,5,6
M_029_A_XV,1.1741496995091438,2007,5,7
M_029_A_XV,0.0,2007,5,8
M_029_A_XV,0.0,2007,5,9
M_029_A_XV,0.0,2007,5,10
M_029_A_XV,0.0,2007,5,11
M_029_A_XV,0.0,2007,5,12
M_029_A_XV,0.0,2007,5,13
M_029_A_XV,0.0,2007,5,14
M_029_A_XV,0.077896274626255,2007,5,15
M_029_A_XV,0.0,2007,5,16
M_029_A_XV,0.0,2007,5,17
M_029_A_XV,0.0,2007,5,18
M_029_A_XV,0.0,2007,5,19
M_029_A_XV,0.0,2007,5,20
M_029_A_XV,0.0,2007,5,21
M_029_A_XV,0.0,2007,5,22
M_029_A_XV,0.0,2007,5,23
M_029_A_XV,0.0,2007,5,24
M_029_A_XV,0.0,2007,5,25
M_029_A_XV,0.0,2007,5,26
M_029_A_XV,0.0,2007,5,27
M_029_A_XV,0.0,2007,5,28
M_029_A_XV,0.0,2007,5,29
M_029_A_XV,0.0,2007,5,30
M_029_A_XV,0.0,2007,5,31
M_029_A_XV,0.0,2007,6,1
M_029_A_XV,0.0,2007,6,2
M_029_A_XV,0.0,2007,6,3
M_029_A_XV,0.0,2007,6,4
M_029_A_XV,0.0077896271832287,2007,6,5
M_029_A_XV,0.0,2007,6,6
M_029_A_XV,0.1047928039915859,2007,6,7
M_029_A_XV,0.0291009508073329,2007,6,8
M_029_A_XV,0.0,2007,6,9
M_029_A_XV,0.0,2007,6,10
M_029_A_XV,0.0,2007,6,11
M_029_A_XV,0.0,2007,6,12
M_029_A_XV,0.0,2007,6,13
M_029_A_XV,0.0,2007,6,14
M_029_A_XV,0.0,2007,6,15
M_029_A_XV,0.0004177407245151,2007,6,16
M_029_A_XV,0.0,2007,6,17
M_029_A_XV,0.0,2007,6,18
M_029_A_XV,0.0,2007,6,19
M_029_A_XV,0.1959998458623886,2007,6,20
M_029_A_XV,0.2667600531131029,2007,6,21
M_029_A_XV,0.0588557571172714,2007,6,22
M_029_A_XV,0.0,2007,6,23
M_029_A_XV,0.215190052986145,2007,6,24
M_029_A_XV,1.1715037522808416,2007,6,25
M_029_A_XV,0.0,2007,6,26
M_029_A_XV,0.0,2007,6,27
M_029_A_XV,0.0,2007,6,28
M_029_A_XV,0.0,2007,6,29
M_029_A_XV,0.0,2007,6,30
M_029_A_XV,0.0,2007,7,1
M_029_A_XV,0.0,2007,7,2
M_029_A_XV,0.0,2007,7,3
M_029_A_XV,0.0,2007,7,4
M_029_A_XV,0.0,2007,7,5
M_029_A_XV,0.0,2007,7,6
M_029_A_XV,0.0255792548850877,2007,7,7
M_029_A_XV,1.0341856330633163,2007,7,8
M_029_A_XV,2.0481402929872274,2007,7,9
M_029_A_XV,0.1817008255020482,2007,7,10
M_029_A_XV,0.0,2007,7,11
M_029_A_XV,0.0,2007,7,12
M_029_A_XV,0.0,2007,7,13
M_029_A_XV,0.0,2007,7,14
M_029_A_XV,0.0077896271832287,2007,7,15
M_029_A_XV,0.0,2007,7,16
M_029_A_XV,0.0,2007,7,17
M_029_A_XV,0.0,2007,7,18
M_029_A_XV,0.0,2007,7,19
M_029_A_XV,0.0316398162394762,2007,7,20
M_029_A_XV,0.0,2007,7,21
M_029_A_XV,0.0,2007,7,22
M_029_A_XV,0.0,2007,7,23
M_029_A_XV,0.0,2007,7,24
M_029_A_XV,0.0,2007,7,25
M_029_A_XV,0.0,2007,7,26
M_029_A_XV,0.0,2007,7,27
M_029_A_XV,0.0331282243132591,2007,7,28
M_029_A_XV,0.3206741325557232,2007,7,29
M_029_A_XV,0.1236404180526733,2007,7,30
M_029_A_XV,1.2553704380989077,2007,7,31
M_029_A_XV,1.1237150877714157,2007,8,1
M_029_A_XV,0.5725470185279846,2007,8,2
M_029_A_XV,0.3499986305832863,2007,8,3
M_029_A_XV,0.0711282938718795,2007,8,4
M_029_A_XV,0.0,2007,8,5
M_029_A_XV,0.0,2007,8,6
M_029_A_XV,0.0,2007,8,7
M_029_A_XV,0.0,2007,8,8
M_029_A_XV,0.0,2007,8,9
M_029_A_XV,0.0,2007,8,10
M_029_A_XV,0.0,2007,8,11
M_029_A_XV,0.0,2007,8,12
M_029_A_XV,0.0,2007,8,13
M_029_A_XV,0.0,2007,8,14
M_029_A_XV,0.0135807264596223,2007,8,15
M_029_A_XV,0.0,2007,8,16
M_029_A_XV,0.0,2007,8,17
M_029_A_XV,0.0,2007,8,18
M_029_A_XV,0.0,2007,8,19
M_029_A_XV,0.0,2007,8,20
M_029_A_XV,0.0,2007,8,21
M_029_A_XV,0.0,2007,8,22
M_029_A_XV,0.0,2007,8,23
M_029_A_XV,0.0,2007,8,24
M_029_A_XV,0.0,2007,8,25
M_029_A_XV,0.0,2007,8,26
M_029_A_XV,0.0,2007,8,27
M_029_A_XV,0.0,2007,8,28
M_029_A_XV,0.0,2007,8,29
M_029_A_XV,0.101505808532238,2007,8,30
M_029_A_XV,2.6963494941592216,2007,8,31
M_029_A_XV,1.726150615606457,2007,9,1
M_029_A_XV,1.7875301837921145,2007,9,2
M_029_A_XV,0.0,2007,9,3
M_029_A_XV,0.0,2007,9,4
M_029_A_XV,0.0029968260787427,2007,9,5
M_029_A_XV,0.5473718456923962,2007,9,6
M_029_A_XV,0.8112120795994997,2007,9,7
M_029_A_XV,0.0,2007,9,8
M_029_A_XV,0.0803028121590614,2007,9,9
M_029_A_XV,0.0550086963921785,2007,9,10
M_029_A_XV,0.0077896271832287,2007,9,11
M_029_A_XV,0.2782220765948295,2007,9,12
M_029_A_XV,6.204037964344025,2007,9,13
M_029_A_XV,1.7164399344474075,2007,9,14
M_029_A_XV,2.017018467187881,2007,9,15
M_029_A_XV,3.5563363432884216,2007,9,16
M_029_A_XV,1.5234012305736542,2007,9,17
M_029_A_XV,0.0,2007,9,18
M_029_A_XV,0.4886009399779141,2007,9,19
M_029_A_XV,0.008030280470848,2007,9,20
M_029_A_XV,0.0808930993080139,2007,9,21
M_029_A_XV,1.768285147845745,2007,9,22
M_029_A_XV,0.0477003790438175,2007,9,23
M_029_A_XV,2.8588204676052555,2007,9,24
M_029_A_XV,4.039424002170563,2007,9,25
M_029_A_XV,0.5753329172730446,2007,9,26
M_029_A_XV,1.0691955089569092,2007,9,27
M_029_A_XV,3.3421647548675537,2007,9,28
M_029_A_XV,5.519430875778198,2007,9,29
M_029_A_XV,0.3086477518081665,2007,9,30
M_029_A_XV,0.6970096230506897,2007,10,1
M_029_A_XV,2.2596413120627403,2007,10,2
M_029_A_XV,3.3666320741176605,2007,10,3
M_029_A_XV,0.0803028121590614,2007,10,4
M_029_A_XV,0.0,2007,10,5
M_029_A_XV,0.0,2007,10,6
M_029_A_XV,0.0944832249515457,2007,10,7
M_029_A_XV,0.0,2007,10,8
M_029_A_XV,0.0,2007,10,9
M_029_A_XV,0.0500242710113525,2007,10,10
M_029_A_XV,0.008030280470848,2007,10,11
M_029_A_XV,0.0,2007,10,12
M_029_A_XV,0.0,2007,10,13
M_029_A_XV,0.0,2007,10,14
M_029_A_XV,0.0,2007,10,15
M_029_A_XV,4.506818979978561,2007,10,16
M_029_A_XV,9.388264536857603,2007,10,17
M_029_A_XV,0.097247876226902,2007,10,18
M_029_A_XV,0.0,2007,10,19
M_029_A_XV,0.077896274626255,2007,10,20
M_029_A_XV,3.734026707708836,2007,10,21
M_029_A_XV,0.0,2007,10,22
M_029_A_XV,0.0077896271832287,2007,10,23
M_029_A_XV,0.5623453911393881,2007,10,24
M_029_A_XV,0.0330691970884799,2007,10,25
M_029_A_XV,0.0,2007,10,26
M_029_A_XV,0.0,2007,10,27
M_029_A_XV,6.935623705387116,2007,10,28
M_029_A_XV,14.159343481063845,2007,10,29
M_029_A_XV,11.847741782665253,2007,10,30
M_029_A_XV,0.0708286091685295,2007,10,31
M_029_A_XV,0.0,2007,11,1
M_029_A_XV,0.0,2007,11,2
M_029_A_XV,0.0,2007,11,3
M_029_A_XV,0.0,2007,11,4
M_029_A_XV,0.0,2007,11,5
M_029_A_XV,0.0024065356701612,2007,11,6
M_029_A_XV,0.3785820063203573,2007,11,7
M_029_A_XV,0.0,2007,11,8
M_029_A_XV,0.0,2007,11,9
M_029_A_XV,0.0,2007,11,10
M_029_A_XV,0.0,2007,11,11
M_029_A_XV,0.0,2007,11,12
M_029_A_XV,0.0,2007,11,13
M_029_A_XV,0.0,2007,11,14
M_029_A_XV,2.032721312716604,2007,11,15
M_029_A_XV,0.3351036738604307,2007,11,16
M_029_A_XV,1.979928258806467,2007,11,17
M_029_A_XV,5.142905116081238,2007,11,18
M_029_A_XV,10.999567225575449,2007,11,19
M_029_A_XV,5.516759015619755,2007,11,20
M_029_A_XV,10.744732290506365,2007,11,21
M_029_A_XV,8.849669754505157,2007,11,22
M_029_A_XV,1.9300225574988872,2007,11,23
M_029_A_XV,0.0077896271832287,2007,11,24
M_029_A_XV,0.0,2007,11,25
M_029_A_XV,0.0,2007,11,26
M_029_A_XV,0.0,2007,11,27
M_029_A_XV,1.0634011626243591,2007,11,28
M_029_A_XV,2.876709269359708,2007,11,29
M_029_A_XV,0.9631104469299316,2007,11,30
M_029_A_XV,3.4693781659007072,2007,12,1
M_029_A_XV,14.195439219474792,2007,12,2
M_029_A_XV,5.665917091071606,2007,12,3
M_029_A_XV,0.0019106898689642,2007,12,4
M_029_A_XV,0.0,2007,12,5
M_029_A_XV,0.0,2007,12,6
M_029_A_XV,0.0,2007,12,7
M_029_A_XV,0.0,2007,12,8
M_029_A_XV,0.0643759854137897,2007,12,9
M_029_A_XV,0.0,2007,12,10
M_029_A_XV,0.0,2007,12,11
M_029_A_XV,4.044577455148101,2007,12,12
M_029_A_XV,5.482768129557371,2007,12,13
M_029_A_XV,1.4268120881170034,2007,12,14
M_029_A_XV,9.678346633911133,2007,12,15
M_029_A_XV,7.783427283167839,2007,12,16
M_029_A_XV,1.8630604892969127,2007,12,17
M_029_A_XV,2.2208625858620508,2007,12,18
M_029_A_XV,6.627124339342117,2007,12,19
M_029_A_XV,10.284682363271711,2007,12,20
M_029_A_XV,8.794158458709717,2007,12,21
M_029_A_XV,12.206151962280272,2007,12,22
M_029_A_XV,19.59395861625672,2007,12,23
M_029_A_XV,0.2385019063949585,2007,12,24
M_029_A_XV,0.0064340797252953,2007,12,25
M_029_A_XV,0.0,2007,12,26
M_029_A_XV,0.0,2007,12,27
M_029_A_XV,0.0,2007,12,28
M_029_A_XV,0.0947420224547386,2007,12,29
M_029_A_XV,1.630024379119277,2007,12,30
M_029_A_XV,9.430628344416618,2007,12,31
M_029_A_XV,17.55379492044449,2008,1,1
M_029_A_XV,15.181163996458054,2008,1,2
M_029_A_XV,13.027400970458984,2008,1,3
M_029_A_XV,7.494901299476623,2008,1,4
M_029_A_XV,5.977312946692109,2008,1,5
M_029_A_XV,5.124203003942967,2008,1,6
M_029_A_XV,5.956695199012756,2008,1,7
M_029_A_XV,10.734869331121445,2008,1,8
M_029_A_XV,22.25069785118103,2008,1,9
M_029_A_XV,6.033108770847321,2008,1,10
M_029_A_XV,15.59163534641266,2008,1,11
M_029_A_XV,13.335911750793455,2008,1,12
M_029_A_XV,13.87624168395996,2008,1,13
M_029_A_XV,16.813430957496166,2008,1,14
M_029_A_XV,4.012143974658102,2008,1,15
M_029_A_XV,4.9618622045964,2008,1,16
M_029_A_XV,2.321780683472753,2008,1,17
M_029_A_XV,10.2024747133255,2008,1,18
M_029_A_XV,17.431734532117844,2008,1,19
M_029_A_XV,4.328904032707214,2008,1,20
M_029_A_XV,0.2966697234660387,2008,1,21
M_029_A_XV,0.0651398636400699,2008,1,22
M_029_A_XV,0.0029968260787427,2008,1,23
M_029_A_XV,10.252070229500532,2008,1,24
M_029_A_XV,7.892243176698685,2008,1,25
M_029_A_XV,0.0,2008,1,26
M_029_A_XV,4.098892258480191,2008,1,27
M_029_A_XV,1.054320579394698,2008,1,28
M_029_A_XV,12.339737199246883,2008,1,29
M_029_A_XV,11.326657712459564,2008,1,30
M_029_A_XV,0.3170307213440537,2008,1,31
M_029_A_XV,0.0402713567018508,2008,2,1
M_029_A_XV,0.2022874504327774,2008,2,2
M_029_A_XV,10.766309380531313,2008,2,3
M_029_A_XV,26.03154072165489,2008,2,4
M_029_A_XV,6.261503897607327,2008,2,5
M_029_A_XV,5.572324773296714,2008,2,6
M_029_A_XV,9.592273771762848,2008,2,7
M_029_A_XV,0.0,2008,2,8
M_029_A_XV,0.0,2008,2,9
M_029_A_XV,0.0,2008,2,10
M_029_A_XV,1.82315802318044,2008,2,11
M_029_A_XV,4.43656251183711,2008,2,12
M_029_A_XV,4.005023539066315,2008,2,13
M_029_A_XV,0.228787038475275,2008,2,14
M_029_A_XV,0.077896274626255,2008,2,15
M_029_A_XV,2.899024497717619,2008,2,16
M_029_A_XV,4.157098293304443,2008,2,17
M_029_A_XV,2.210499491193332,2008,2,18
M_029_A_XV,2.4006611704826355,2008,2,19
M_029_A_XV,4.893619383685291,2008,2,20
M_029_A_XV,7.018534183502197,2008,2,21
M_029_A_XV,26.841054260730743,2008,2,22
M_029_A_XV,9.080653250217438,2008,2,23
M_029_A_XV,5.564070701599121,2008,2,24
M_029_A_XV,3.184677243232727,2008,2,25
M_029_A_XV,10.239169597625732,2008,2,26
M_029_A_XV,0.2384192601311952,2008,2,27
M_029_A_XV,0.0,2008,2,28
M_029_A_XV,0.0,2008,2,29
M_029_A_XV,0.0,2008,3,1
M_029_A_XV,0.077896274626255,2008,3,2
M_029_A_XV,0.2118733525276184,2008,3,3
M_029_A_XV,0.0624610781669616,2008,3,4
M_029_A_XV,0.0094742020592093,2008,3,5
M_029_A_XV,0.0,2008,3,6
M_029_A_XV,1.4149293899536133,2008,3,7
M_029_A_XV,3.138525277376175,2008,3,8
M_029_A_XV,6.731973335146904,2008,3,9
M_029_A_XV,12.540587306022644,2008,3,10
M_029_A_XV,10.596900165081024,2008,3,11
M_029_A_XV,11.769507214426994,2008,3,12
M_029_A_XV,5.447264801710844,2008,3,13
M_029_A_XV,4.486199079081416,2008,3,14
M_029_A_XV,4.906233560293913,2008,3,15
M_029_A_XV,0.1024065390229225,2008,3,16
M_029_A_XV,0.0,2008,3,17
M_029_A_XV,0.0014439213555306,2008,3,18
M_029_A_XV,0.1573985315626487,2008,3,19
M_029_A_XV,0.5358103150501847,2008,3,20
M_029_A_XV,0.3865440487861633,2008,3,21
M_029_A_XV,2.349091663956642,2008,3,22
M_029_A_XV,2.7269007224822417,2008,3,23
M_029_A_XV,6.133747026324272,2008,3,24
M_029_A_XV,0.7057406865060329,2008,3,25
M_029_A_XV,0.5450778901576996,2008,3,26
M_029_A_XV,1.2049405612051487,2008,3,27
M_029_A_XV,3.672360509634018,2008,3,28
M_029_A_XV,14.933805465698242,2008,3,29
M_029_A_XV,16.405680775642395,2008,3,30
M_029_A_XV,1.736574925482273,2008,3,31
M_029_A_XV,0.0268965275026857,2008,4,1
M_029_A_XV,0.1058001741766929,2008,4,2
M_029_A_XV,0.0,2008,4,3
M_029_A_XV,0.0,2008,4,4
M_029_A_XV,0.0,2008,4,5
M_029_A_XV,0.0,2008,4,6
M_029_A_XV,0.0,2008,4,7
M_029_A_XV,0.0,2008,4,8
M_029_A_XV,0.0,2008,4,9
M_029_A_XV,0.1069972217082977,2008,4,10
M_029_A_XV,0.5583347901701927,2008,4,11
M_029_A_XV,1.0942688807845116,2008,4,12
M_029_A_XV,2.402512600645423,2008,4,13
M_029_A_XV,0.2523794807493686,2008,4,14
M_029_A_XV,0.0,2008,4,15
M_029_A_XV,0.0,2008,4,16
M_029_A_XV,0.392478197813034,2008,4,17
M_029_A_XV,0.1667106729000806,2008,4,18
M_029_A_XV,0.0,2008,4,19
M_029_A_XV,0.0,2008,4,20
M_029_A_XV,0.0,2008,4,21
M_029_A_XV,0.0,2008,4,22
M_029_A_XV,0.0,2008,4,23
M_029_A_XV,0.0,2008,4,24
M_029_A_XV,0.0,2008,4,25
M_029_A_XV,0.0,2008,4,26
M_029_A_XV,0.0,2008,4,27
M_029_A_XV,0.0,2008,4,28
M_029_A_XV,0.0334869362413883,2008,4,29
M_029_A_XV,0.0,2008,4,30
M_029_A_XV,0.0,2008,5,1
M_029_A_XV,0.0,2008,5,2
M_029_A_XV,0.0,2008,5,3
M_029_A_XV,0.0,2008,5,4
M_029_A_XV,0.0,2008,5,5
M_029_A_XV,0.0,2008,5,6
M_029_A_XV,0.083805426955223,2008,5,7
M_029_A_XV,0.4509350135922432,2008,5,8
M_029_A_XV,0.1117019727826118,2008,5,9
M_029_A_XV,0.0236095357686281,2008,5,10
M_029_A_XV,0.0,2008,5,11
M_029_A_XV,0.0318804681301116,2008,5,12
M_029_A_XV,0.1427378877997398,2008,5,13
M_029_A_XV,0.0,2008,5,14
M_029_A_XV,0.0,2008,5,15
M_029_A_XV,0.0,2008,5,16
M_029_A_XV,0.0,2008,5,17
M_029_A_XV,0.0,2008,5,18
M_029_A_XV,0.0,2008,5,19
M_029_A_XV,0.0,2008,5,20
M_029_A_XV,0.0,2008,5,21
M_029_A_XV,0.0,2008,5,22
M_029_A_XV,0.0,2008,5,23
M_029_A_XV,0.0,2008,5,24
M_029_A_XV,0.0,2008,5,25
M_029_A_XV,0.0,2008,5,26
M_029_A_XV,0.0,2008,5,27
M_029_A_XV,0.0,2008,5,28
M_029_A_XV,0.0,2008,5,29
M_029_A_XV,0.0,2008,5,30
M_029_A_XV,0.0,2008,5,31
M_029_A_XV,0.0,2008,6,1
M_029_A_XV,0.0,2008,6,2
M_029_A_XV,0.0,2008,6,3
M_029_A_XV,0.0,2008,6,4
M_029_A_XV,0.0,2008,6,5
M_029_A_XV,0.0,2008,6,6
M_029_A_XV,0.0,2008,6,7
M_029_A_XV,0.0,2008,6,8
M_029_A_XV,0.0,2008,6,9
M_029_A_XV,0.0,2008,6,10
M_029_A_XV,0.2198135703802108,2008,6,11
M_029_A_XV,0.0186886750161647,2008,6,12
M_029_A_XV,0.0,2008,6,13
M_029_A_XV,0.0,2008,6,14
M_029_A_XV,0.0,2008,6,15
M_029_A_XV,0.0195777211338281,2008,6,16
M_029_A_XV,0.0798069644952192,2008,6,17
M_029_A_XV,0.0,2008,6,18
M_029_A_XV,0.0,2008,6,19
M_029_A_XV,0.0,2008,6,20
M_029_A_XV,0.0,2008,6,21
M_029_A_XV,0.0,2008,6,22
M_029_A_XV,0.0,2008,6,23
M_029_A_XV,0.0,2008,6,24
M_029_A_XV,0.0764335393905639,2008,6,25
M_029_A_XV,0.0,2008,6,26
M_029_A_XV,0.0,2008,6,27
M_029_A_XV,0.0,2008,6,28
M_029_A_XV,0.0,2008,6,29
M_029_A_XV,0.0,2008,6,30
M_029_A_XV,0.0,2008,7,1
M_029_A_XV,0.0,2008,7,2
M_029_A_XV,0.0,2008,7,3
M_029_A_XV,0.0,2008,7,4
M_029_A_XV,0.0,2008,7,5
M_029_A_XV,0.0,2008,7,6
M_029_A_XV,0.0,2008,7,7
M_029_A_XV,0.0,2008,7,8
M_029_A_XV,0.0,2008,7,9
M_029_A_XV,0.0,2008,7,10
M_029_A_XV,0.0,2008,7,11
M_029_A_XV,0.0,2008,7,12
M_029_A_XV,0.0,2008,7,13
M_029_A_XV,0.0101961623877286,2008,7,14
M_029_A_XV,0.0002406535641057,2008,7,15
M_029_A_XV,0.0,2008,7,16
M_029_A_XV,0.0,2008,7,17
M_029_A_XV,0.0,2008,7,18
M_029_A_XV,0.0,2008,7,19
M_029_A_XV,0.0,2008,7,20
M_029_A_XV,0.0,2008,7,21
M_029_A_XV,0.0,2008,7,22
M_029_A_XV,0.0,2008,7,23
M_029_A_XV,0.0,2008,7,24
M_029_A_XV,0.0,2008,7,25
M_029_A_XV,0.0,2008,7,26
M_029_A_XV,0.0,2008,7,27
M_029_A_XV,0.0333688780665397,2008,7,28
M_029_A_XV,0.0261786207556724,2008,7,29
M_029_A_XV,0.2039320990443229,2008,7,30
M_029_A_XV,0.0,2008,7,31
M_029_A_XV,0.0,2008,8,1
M_029_A_XV,0.0,2008,8,2
M_029_A_XV,0.0,2008,8,3
M_029_A_XV,0.0,2008,8,4
M_029_A_XV,0.0,2008,8,5
M_029_A_XV,0.0,2008,8,6
M_029_A_XV,0.0135807264596223,2008,8,7
M_029_A_XV,2.54236713796854,2008,8,8
M_029_A_XV,0.0,2008,8,9
M_029_A_XV,0.0,2008,8,10
M_029_A_XV,0.0,2008,8,11
M_029_A_XV,0.0,2008,8,12
M_029_A_XV,0.0,2008,8,13
M_029_A_XV,0.0,2008,8,14
M_029_A_XV,0.0,2008,8,15
M_029_A_XV,0.0,2008,8,16
M_029_A_XV,0.0,2008,8,17
M_029_A_XV,0.0,2008,8,18
M_029_A_XV,0.0,2008,8,19
M_029_A_XV,0.0,2008,8,20
M_029_A_XV,0.0,2008,8,21
M_029_A_XV,0.0,2008,8,22
M_029_A_XV,0.0,2008,8,23
M_029_A_XV,0.0,2008,8,24
M_029_A_XV,0.0,2008,8,25
M_029_A_XV,0.0,2008,8,26
M_029_A_XV,0.0,2008,8,27
M_029_A_XV,0.0,2008,8,28
M_029_A_XV,0.0007219606777653,2008,8,29
M_029_A_XV,0.0,2008,8,30
M_029_A_XV,0.0,2008,8,31
M_029_A_XV,0.0,2008,9,1
M_029_A_XV,0.0,2008,9,2
M_029_A_XV,0.0,2008,9,3
M_029_A_XV,0.077896274626255,2008,9,4
M_029_A_XV,0.0024065356701612,2008,9,5
M_029_A_XV,0.0,2008,9,6
M_029_A_XV,0.0,2008,9,7
M_029_A_XV,0.0,2008,9,8
M_029_A_XV,0.0097593460232019,2008,9,9
M_029_A_XV,0.442623334005475,2008,9,10
M_029_A_XV,0.0,2008,9,11
M_029_A_XV,0.0,2008,9,12
M_029_A_XV,0.0,2008,9,13
M_029_A_XV,0.0,2008,9,14
M_029_A_XV,0.0,2008,9,15
M_029_A_XV,0.0,2008,9,16
M_029_A_XV,0.0,2008,9,17
M_029_A_XV,0.0,2008,9,18
M_029_A_XV,0.0,2008,9,19
M_029_A_XV,0.0,2008,9,20
M_029_A_XV,0.0,2008,9,21
M_029_A_XV,0.0,2008,9,22
M_029_A_XV,0.0,2008,9,23
M_029_A_XV,0.0,2008,9,24
M_029_A_XV,0.0,2008,9,25
M_029_A_XV,0.0,2008,9,26
M_029_A_XV,0.0,2008,9,27
M_029_A_XV,0.0,2008,9,28
M_029_A_XV,0.0,2008,9,29
M_029_A_XV,0.7020589709281921,2008,9,30
M_029_A_XV,0.0,2008,10,1
M_029_A_XV,0.0,2008,10,2
M_029_A_XV,0.0,2008,10,3
M_029_A_XV,0.0,2008,10,4
M_029_A_XV,0.0,2008,10,5
M_029_A_XV,0.0,2008,10,6
M_029_A_XV,0.0,2008,10,7
M_029_A_XV,0.1660089921206236,2008,10,8
M_029_A_XV,0.0002406535641057,2008,10,9
M_029_A_XV,0.0,2008,10,10
M_029_A_XV,0.0,2008,10,11
M_029_A_XV,0.077896274626255,2008,10,12
M_029_A_XV,1.4456298351287842,2008,10,13
M_029_A_XV,4.217192649841309,2008,10,14
M_029_A_XV,6.269149675965309,2008,10,15
M_029_A_XV,0.492839865386486,2008,10,16
M_029_A_XV,2.025644768029452,2008,10,17
M_029_A_XV,0.0827093422412872,2008,10,18
M_029_A_XV,0.008030280470848,2008,10,19
M_029_A_XV,0.0,2008,10,20
M_029_A_XV,0.0,2008,10,21
M_029_A_XV,0.0992666259407997,2008,10,22
M_029_A_XV,0.9365997314453124,2008,10,23
M_029_A_XV,1.9438857808709145,2008,10,24
M_029_A_XV,2.5533328652381897,2008,10,25
M_029_A_XV,0.0,2008,10,26
M_029_A_XV,0.6970011778175831,2008,10,27
M_029_A_XV,1.9440795183181765,2008,10,28
M_029_A_XV,2.5365640725940466,2008,10,29
M_029_A_XV,1.0536237694323063,2008,10,30
M_029_A_XV,0.456034168601036,2008,10,31
M_029_A_XV,0.0,2008,11,1
M_029_A_XV,0.0,2008,11,2
M_029_A_XV,0.0279412996023893,2008,11,3
M_029_A_XV,1.5086641749367118,2008,11,4
M_029_A_XV,0.0,2008,11,5
M_029_A_XV,0.0,2008,11,6
M_029_A_XV,0.0,2008,11,7
M_029_A_XV,0.0,2008,11,8
M_029_A_XV,2.170809268951416,2008,11,9
M_029_A_XV,0.0808930993080139,2008,11,10
M_029_A_XV,0.0007219606777653,2008,11,11
M_029_A_XV,0.0,2008,11,12
M_029_A_XV,0.0,2008,11,13
M_029_A_XV,2.032508045434952,2008,11,14
M_029_A_XV,2.85541407763958,2008,11,15
M_029_A_XV,2.510913103818893,2008,11,16
M_029_A_XV,0.0,2008,11,17
M_029_A_XV,0.0857061669230461,2008,11,18
M_029_A_XV,0.0002406535641057,2008,11,19
M_029_A_XV,0.0,2008,11,20
M_029_A_XV,0.0,2008,11,21
M_029_A_XV,0.0021658821497112,2008,11,22
M_029_A_XV,0.077896274626255,2008,11,23
M_029_A_XV,4.087288483977318,2008,11,24
M_029_A_XV,4.42483189702034,2008,11,25
M_029_A_XV,0.4751875414513051,2008,11,26
M_029_A_XV,2.0152153968811035,2008,11,27
M_029_A_XV,2.4545264914631844,2008,11,28
M_029_A_XV,6.29921655356884,2008,11,29
M_029_A_XV,7.814531549811363,2008,11,30
M_029_A_XV,9.367141246795654,2008,12,1
M_029_A_XV,0.0827093422412872,2008,12,2
M_029_A_XV,0.0,2008,12,3
M_029_A_XV,0.0,2008,12,4
M_029_A_XV,0.0,2008,12,5
M_029_A_XV,1.4428787231445312,2008,12,6
M_029_A_XV,3.0706970244646072,2008,12,7
M_029_A_XV,16.784509897232056,2008,12,8
M_029_A_XV,12.233370840549467,2008,12,9
M_029_A_XV,2.288506897166372,2008,12,10
M_029_A_XV,0.0024065356701612,2008,12,11
M_029_A_XV,0.0029968260787427,2008,12,12
M_029_A_XV,2.279099702835083,2008,12,13
M_029_A_XV,8.417288959026337,2008,12,14
M_029_A_XV,11.798240631818771,2008,12,15
M_029_A_XV,1.190382480621338,2008,12,16
M_029_A_XV,2.259178012420307,2008,12,17
M_029_A_XV,9.19034707546234,2008,12,18
M_029_A_XV,11.60478948801756,2008,12,19
M_029_A_XV,13.6325640976429,2008,12,20
M_029_A_XV,12.693848609924316,2008,12,21
M_029_A_XV,8.92771878093481,2008,12,22
M_029_A_XV,15.0813068151474,2008,12,23
M_029_A_XV,9.90663991123438,2008,12,24
M_029_A_XV,9.65416258573532,2008,12,25
M_029_A_XV,4.208270639181137,2008,12,26
M_029_A_XV,6.803776651620865,2008,12,27
M_029_A_XV,2.5916883010650054,2008,12,28
M_029_A_XV,12.087459176778792,2008,12,29
M_029_A_XV,14.73661038838327,2008,12,30
M_029_A_XV,17.831731036305428,2008,12,31
M_030_A_XV,30.0,1982,1,1
M_030_A_XV,9.0,1982,1,2
M_030_A_XV,0.0,1982,1,3
M_030_A_XV,0.0,1982,1,4
M_030_A_XV,0.0,1982,1,5
M_030_A_XV,0.0,1982,1,6
M_030_A_XV,0.0,1982,1,7
M_030_A_XV,0.0,1982,1,8
M_030_A_XV,0.0,1982,1,9
M_030_A_XV,0.0,1982,1,10
M_030_A_XV,0.0,1982,1,11
M_030_A_XV,0.0,1982,1,12
M_030_A_XV,0.0,1982,1,13
M_030_A_XV,0.0,1982,1,14
M_030_A_XV,0.0,1982,1,15
M_030_A_XV,0.0,1982,1,16
M_030_A_XV,0.0,1982,1,17
M_030_A_XV,14.0,1982,1,18
M_030_A_XV,2.0,1982,1,19
M_030_A_XV,10.0,1982,1,20
M_030_A_XV,1.0,1982,1,21
M_030_A_XV,0.0,1982,1,22
M_030_A_XV,4.0,1982,1,23
M_030_A_XV,13.0,1982,1,24
M_030_A_XV,4.0,1982,1,25
M_030_A_XV,0.0,1982,1,26
M_030_A_XV,2.0,1982,1,27
M_030_A_XV,5.0,1982,1,28
M_030_A_XV,3.0,1982,1,29
M_030_A_XV,3.0,1982,1,30
M_030_A_XV,7.0,1982,1,31
M_030_A_XV,0.0,1982,2,1
M_030_A_XV,0.0,1982,2,2
M_030_A_XV,0.0,1982,2,3
M_030_A_XV,0.0,1982,2,4
M_030_A_XV,0.0,1982,2,5
M_030_A_XV,0.0,1982,2,6
M_030_A_XV,0.0,1982,2,7
M_030_A_XV,0.0,1982,2,8
M_030_A_XV,0.0,1982,2,9
M_030_A_XV,0.0,1982,2,10
M_030_A_XV,0.0,1982,2,11
M_030_A_XV,0.0,1982,2,12
M_030_A_XV,0.0,1982,2,13
M_030_A_XV,0.0,1982,2,14
M_030_A_XV,0.0,1982,2,15
M_030_A_XV,0.0,1982,2,16
M_030_A_XV,4.0,1982,2,17
M_030_A_XV,15.0,1982,2,18
M_030_A_XV,7.0,1982,2,19
M_030_A_XV,0.0,1982,2,20
M_030_A_XV,0.0,1982,2,21
M_030_A_XV,0.0,1982,2,22
M_030_A_XV,0.0,1982,2,23
M_030_A_XV,0.0,1982,2,24
M_030_A_XV,0.0,1982,2,25
M_030_A_XV,0.0,1982,2,26
M_030_A_XV,0.0,1982,2,27
M_030_A_XV,0.0,1982,2,28
M_030_A_XV,2.0,1982,3,1
M_030_A_XV,24.0,1982,3,2
M_030_A_XV,5.0,1982,3,3
M_030_A_XV,0.0,1982,3,4
M_030_A_XV,0.0,1982,3,5
M_030_A_XV,0.0,1982,3,6
M_030_A_XV,0.0,1982,3,7
M_030_A_XV,0.0,1982,3,8
M_030_A_XV,0.0,1982,3,9
M_030_A_XV,0.0,1982,3,10
M_030_A_XV,5.0,1982,3,11
M_030_A_XV,0.0,1982,3,12
M_030_A_XV,0.0,1982,3,13
M_030_A_XV,0.0,1982,3,14
M_030_A_XV,0.0,1982,3,15
M_030_A_XV,0.0,1982,3,16
M_030_A_XV,0.0,1982,3,17
M_030_A_XV,0.0,1982,3,18
M_030_A_XV,0.0,1982,3,19
M_030_A_XV,0.0,1982,3,20
M_030_A_XV,0.0,1982,3,21
M_030_A_XV,0.0,1982,3,22
M_030_A_XV,0.0,1982,3,23
M_030_A_XV,0.0,1982,3,24
M_030_A_XV,0.0,1982,3,25
M_030_A_XV,0.0,1982,3,26
M_030_A_XV,0.0,1982,3,27
M_030_A_XV,0.0,1982,3,28
M_030_A_XV,0.0,1982,3,29
M_030_A_XV,0.0,1982,3,30
M_030_A_XV,0.0,1982,3,31
M_030_A_XV,0.0,1982,4,1
M_030_A_XV,0.0,1982,4,2
M_030_A_XV,0.0,1982,4,3
M_030_A_XV,0.0,1982,4,4
M_030_A_XV,0.0,1982,4,5
M_030_A_XV,0.0,1982,4,6
M_030_A_XV,0.0,1982,4,7
M_030_A_XV,0.0,1982,4,8
M_030_A_XV,0.0,1982,4,9
M_030_A_XV,0.0,1982,4,10
M_030_A_XV,0.0,1982,4,11
M_030_A_XV,0.0,1982,4,12
M_030_A_XV,0.0,1982,4,13
M_030_A_XV,0.0,1982,4,14
M_030_A_XV,0.0,1982,4,15
M_030_A_XV,0.0,1982,4,16
M_030_A_XV,0.0,1982,4,17
M_030_A_XV,0.0,1982,4,18
M_030_A_XV,0.0,1982,4,19
M_030_A_XV,0.0,1982,4,20
M_030_A_XV,0.0,1982,4,21
M_030_A_XV,0.0,1982,4,22
M_030_A_XV,0.0,1982,4,23
M_030_A_XV,0.0,1982,4,24
M_030_A_XV,0.0,1982,4,25
M_030_A_XV,0.0,1982,4,26
M_030_A_XV,0.0,1982,4,27
M_030_A_XV,0.0,1982,4,28
M_030_A_XV,0.0,1982,4,29
M_030_A_XV,0.0,1982,4,30
M_030_A_XV,6.0,1982,5,1
M_030_A_XV,0.0,1982,5,2
M_030_A_XV,0.0,1982,5,3
M_030_A_XV,0.0,1982,5,4
M_030_A_XV,0.0,1982,5,5
M_030_A_XV,0.0,1982,5,6
M_030_A_XV,0.0,1982,5,7
M_030_A_XV,0.0,1982,5,8
M_030_A_XV,0.0,1982,5,9
M_030_A_XV,0.0,1982,5,10
M_030_A_XV,0.0,1982,5,11
M_030_A_XV,0.0,1982,5,12
M_030_A_XV,0.0,1982,5,13
M_030_A_XV,0.0,1982,5,14
M_030_A_XV,0.0,1982,5,15
M_030_A_XV,0.0,1982,5,16
M_030_A_XV,0.0,1982,5,17
M_030_A_XV,0.0,1982,5,18
M_030_A_XV,0.0,1982,5,19
M_030_A_XV,0.0,1982,5,20
M_030_A_XV,0.0,1982,5,21
M_030_A_XV,0.0,1982,5,22
M_030_A_XV,0.0,1982,5,23
M_030_A_XV,0.0,1982,5,24
M_030_A_XV,0.0,1982,5,25
M_030_A_XV,0.0,1982,5,26
M_030_A_XV,0.0,1982,5,27
M_030_A_XV,0.0,1982,5,28
M_030_A_XV,0.0,1982,5,29
M_030_A_XV,0.0,1982,5,30
M_030_A_XV,0.0,1982,5,31
M_030_A_XV,0.0,1982,6,1
M_030_A_XV,0.0,1982,6,2
M_030_A_XV,0.0,1982,6,3
M_030_A_XV,0.0,1982,6,4
M_030_A_XV,0.0,1982,6,5
M_030_A_XV,0.0,1982,6,6
M_030_A_XV,0.0,1982,6,7
M_030_A_XV,0.0,1982,6,8
M_030_A_XV,0.0,1982,6,9
M_030_A_XV,0.0,1982,6,10
M_030_A_XV,0.0,1982,6,11
M_030_A_XV,0.0,1982,6,12
M_030_A_XV,0.0,1982,6,13
M_030_A_XV,0.0,1982,6,14
M_030_A_XV,0.0,1982,6,15
M_030_A_XV,0.0,1982,6,16
M_030_A_XV,0.0,1982,6,17
M_030_A_XV,0.0,1982,6,18
M_030_A_XV,0.0,1982,6,19
M_030_A_XV,0.0,1982,6,20
M_030_A_XV,0.0,1982,6,21
M_030_A_XV,0.0,1982,6,22
M_030_A_XV,0.0,1982,6,23
M_030_A_XV,0.0,1982,6,24
M_030_A_XV,0.0,1982,6,25
M_030_A_XV,0.0,1982,6,26
M_030_A_XV,0.0,1982,6,27
M_030_A_XV,0.0,1982,6,28
M_030_A_XV,0.0,1982,6,29
M_030_A_XV,0.0,1982,6,30
M_030_A_XV,0.0,1982,7,1
M_030_A_XV,0.0,1982,7,2
M_030_A_XV,0.0,1982,7,3
M_030_A_XV,0.0,1982,7,4
M_030_A_XV,0.0,1982,7,5
M_030_A_XV,0.0,1982,7,6
M_030_A_XV,0.0,1982,7,7
M_030_A_XV,0.0,1982,7,8
M_030_A_XV,0.0,1982,7,9
M_030_A_XV,0.0,1982,7,10
M_030_A_XV,0.0,1982,7,11
M_030_A_XV,0.0,1982,7,12
M_030_A_XV,0.0,1982,7,13
M_030_A_XV,0.0,1982,7,14
M_030_A_XV,0.0,1982,7,15
M_030_A_XV,0.0,1982,7,16
M_030_A_XV,0.0,1982,7,17
M_030_A_XV,0.0,1982,7,18
M_030_A_XV,0.0,1982,7,19
M_030_A_XV,0.0,1982,7,20
M_030_A_XV,0.0,1982,7,21
M_030_A_XV,0.0,1982,7,22
M_030_A_XV,0.0,1982,7,23
M_030_A_XV,0.0,1982,7,24
M_030_A_XV,0.0,1982,7,25
M_030_A_XV,0.0,1982,7,26
M_030_A_XV,0.0,1982,7,27
M_030_A_XV,0.0,1982,7,28
M_030_A_XV,0.0,1982,7,29
M_030_A_XV,0.0,1982,7,30
M_030_A_XV,0.0,1982,7,31
M_030_A_XV,0.0,1982,8,1
M_030_A_XV,0.0,1982,8,2
M_030_A_XV,0.0,1982,8,3
M_030_A_XV,0.0,1982,8,4
M_030_A_XV,0.0,1982,8,5
M_030_A_XV,0.0,1982,8,6
M_030_A_XV,0.0,1982,8,7
M_030_A_XV,0.0,1982,8,8
M_030_A_XV,0.0,1982,8,9
M_030_A_XV,0.0,1982,8,10
M_030_A_XV,0.0,1982,8,11
M_030_A_XV,0.0,1982,8,12
M_030_A_XV,0.0,1982,8,13
M_030_A_XV,0.0,1982,8,14
M_030_A_XV,0.0,1982,8,15
M_030_A_XV,0.0,1982,8,16
M_030_A_XV,0.0,1982,8,17
M_030_A_XV,0.0,1982,8,18
M_030_A_XV,0.0,1982,8,19
M_030_A_XV,0.0,1982,8,20
M_030_A_XV,0.0,1982,8,21
M_030_A_XV,0.0,1982,8,22
M_030_A_XV,0.0,1982,8,23
M_030_A_XV,0.0,1982,8,24
M_030_A_XV,0.0,1982,8,25
M_030_A_XV,0.0,1982,8,26
M_030_A_XV,0.0,1982,8,27
M_030_A_XV,0.0,1982,8,28
M_030_A_XV,0.0,1982,8,29
M_030_A_XV,0.0,1982,8,30
M_030_A_XV,0.0,1982,8,31
M_030_A_XV,0.0,1982,9,1
M_030_A_XV,0.0,1982,9,2
M_030_A_XV,0.0,1982,9,3
M_030_A_XV,4.0,1982,9,4
M_030_A_XV,0.0,1982,9,5
M_030_A_XV,0.0,1982,9,6
M_030_A_XV,0.0,1982,9,7
M_030_A_XV,0.0,1982,9,8
M_030_A_XV,0.0,1982,9,9
M_030_A_XV,0.0,1982,9,10
M_030_A_XV,0.0,1982,9,11
M_030_A_XV,0.0,1982,9,12
M_030_A_XV,0.0,1982,9,13
M_030_A_XV,0.0,1982,9,14
M_030_A_XV,0.0,1982,9,15
M_030_A_XV,0.0,1982,9,16
M_030_A_XV,0.0,1982,9,17
M_030_A_XV,0.0,1982,9,18
M_030_A_XV,0.0,1982,9,19
M_030_A_XV,0.0,1982,9,20
M_030_A_XV,0.0,1982,9,21
M_030_A_XV,0.0,1982,9,22
M_030_A_XV,0.0,1982,9,23
M_030_A_XV,6.0,1982,9,24
M_030_A_XV,0.0,1982,9,25
M_030_A_XV,0.0,1982,9,26
M_030_A_XV,0.0,1982,9,27
M_030_A_XV,0.0,1982,9,28
M_030_A_XV,0.0,1982,9,29
M_030_A_XV,0.0,1982,9,30
M_030_A_XV,0.0,1982,10,1
M_030_A_XV,0.0,1982,10,2
M_030_A_XV,0.0,1982,10,3
M_030_A_XV,0.0,1982,10,4
M_030_A_XV,0.0,1982,10,5
M_030_A_XV,0.0,1982,10,6
M_030_A_XV,0.0,1982,10,7
M_030_A_XV,0.0,1982,10,8
M_030_A_XV,0.0,1982,10,9
M_030_A_XV,0.0,1982,10,10
M_030_A_XV,0.0,1982,10,11
M_030_A_XV,0.0,1982,10,12
M_030_A_XV,0.0,1982,10,13
M_030_A_XV,0.0,1982,10,14
M_030_A_XV,0.0,1982,10,15
M_030_A_XV,0.0,1982,10,16
M_030_A_XV,0.0,1982,10,17
M_030_A_XV,0.0,1982,10,18
M_030_A_XV,0.0,1982,10,19
M_030_A_XV,0.0,1982,10,20
M_030_A_XV,0.0,1982,10,21
M_030_A_XV,0.0,1982,10,22
M_030_A_XV,0.0,1982,10,23
M_030_A_XV,0.0,1982,10,24
M_030_A_XV,12.0,1982,10,25
M_030_A_XV,5.0,1982,10,26
M_030_A_XV,6.0,1982,10,27
M_030_A_XV,0.0,1982,10,28
M_030_A_XV,0.0,1982,10,29
M_030_A_XV,2.0,1982,10,30
M_030_A_XV,0.0,1982,10,31
M_030_A_XV,0.0,1982,11,1
M_030_A_XV,0.0,1982,11,2
M_030_A_XV,0.0,1982,11,3
M_030_A_XV,0.0,1982,11,4
M_030_A_XV,0.0,1982,11,5
M_030_A_XV,0.0,1982,11,6
M_030_A_XV,0.0,1982,11,7
M_030_A_XV,0.0,1982,11,8
M_030_A_XV,0.0,1982,11,9
M_030_A_XV,0.0,1982,11,10
M_030_A_XV,0.0,1982,11,11
M_030_A_XV,0.0,1982,11,12
M_030_A_XV,0.0,1982,11,13
M_030_A_XV,0.0,1982,11,14
M_030_A_XV,0.0,1982,11,15
M_030_A_XV,0.0,1982,11,16
M_030_A_XV,0.0,1982,11,17
M_030_A_XV,0.0,1982,11,18
M_030_A_XV,0.0,1982,11,19
M_030_A_XV,0.0,1982,11,20
M_030_A_XV,0.0,1982,11,21
M_030_A_XV,0.0,1982,11,22
M_030_A_XV,0.0,1982,11,23
M_030_A_XV,0.0,1982,11,24
M_030_A_XV,0.0,1982,11,25
M_030_A_XV,0.0,1982,11,26
M_030_A_XV,0.0,1982,11,27
M_030_A_XV,5.0,1982,11,28
M_030_A_XV,7.0,1982,11,29
M_030_A_XV,15.0,1982,11,30
M_030_A_XV,0.0,1982,12,1
M_030_A_XV,3.0,1982,12,2
M_030_A_XV,5.0,1982,12,3
M_030_A_XV,0.0,1982,12,4
M_030_A_XV,0.0,1982,12,5
M_030_A_XV,0.0,1982,12,6
M_030_A_XV,0.0,1982,12,7
M_030_A_XV,0.0,1982,12,8
M_030_A_XV,0.0,1982,12,9
M_030_A_XV,0.0,1982,12,10
M_030_A_XV,0.0,1982,12,11
M_030_A_XV,0.0,1982,12,12
M_030_A_XV,0.0,1982,12,13
M_030_A_XV,0.0,1982,12,14
M_030_A_XV,0.0,1982,12,15
M_030_A_XV,0.0,1982,12,16
M_030_A_XV,0.0,1982,12,17
M_030_A_XV,0.0,1982,12,18
M_030_A_XV,0.0,1982,12,19
M_030_A_XV,0.0,1982,12,20
M_030_A_XV,0.0,1982,12,21
M_030_A_XV,0.0,1982,12,22
M_030_A_XV,0.0,1982,12,23
M_030_A_XV,0.0,1982,12,24
M_030_A_XV,0.0,1982,12,25
M_030_A_XV,0.0,1982,12,26
M_030_A_XV,0.0,1982,12,27
M_030_A_XV,0.0,1982,12,28
M_030_A_XV,0.0,1982,12,29
M_030_A_XV,0.0,1982,12,30
M_030_A_XV,0.0,1982,12,31
M_030_A_XV,0.0,1983,1,1
M_030_A_XV,0.0,1983,1,2
M_030_A_XV,0.0,1983,1,3
M_030_A_XV,5.0,1983,1,4
M_030_A_XV,4.5,1983,1,5
M_030_A_XV,0.0,1983,1,6
M_030_A_XV,0.0,1983,1,7
M_030_A_XV,0.0,1983,1,8
M_030_A_XV,0.0,1983,1,9
M_030_A_XV,0.0,1983,1,10
M_030_A_XV,0.0,1983,1,11
M_030_A_XV,0.0,1983,1,12
M_030_A_XV,0.0,1983,1,13
M_030_A_XV,0.0,1983,1,14
M_030_A_XV,0.0,1983,1,15
M_030_A_XV,0.0,1983,1,16
M_030_A_XV,0.0,1983,1,17
M_030_A_XV,0.0,1983,1,18
M_030_A_XV,0.0,1983,1,19
M_030_A_XV,0.0,1983,1,20
M_030_A_XV,0.0,1983,1,21
M_030_A_XV,0.0,1983,1,22
M_030_A_XV,0.0,1983,1,23
M_030_A_XV,0.0,1983,1,24
M_030_A_XV,0.0,1983,1,25
M_030_A_XV,0.0,1983,1,26
M_030_A_XV,0.0,1983,1,27
M_030_A_XV,0.0,1983,1,28
M_030_A_XV,0.0,1983,1,29
M_030_A_XV,0.0,1983,1,30
M_030_A_XV,0.0,1983,1,31
M_030_A_XV,0.0,1983,2,1
M_030_A_XV,0.0,1983,2,2
M_030_A_XV,0.0,1983,2,3
M_030_A_XV,0.0,1983,2,4
M_030_A_XV,0.0,1983,2,5
M_030_A_XV,0.0,1983,2,6
M_030_A_XV,0.0,1983,2,7
M_030_A_XV,0.0,1983,2,8
M_030_A_XV,0.0,1983,2,9
M_030_A_XV,0.0,1983,2,10
M_030_A_XV,0.0,1983,2,11
M_030_A_XV,0.0,1983,2,12
M_030_A_XV,0.0,1983,2,13
M_030_A_XV,0.0,1983,2,14
M_030_A_XV,0.0,1983,2,15
M_030_A_XV,0.0,1983,2,16
M_030_A_XV,0.0,1983,2,17
M_030_A_XV,0.0,1983,2,18
M_030_A_XV,0.0,1983,2,19
M_030_A_XV,0.0,1983,2,20
M_030_A_XV,0.0,1983,2,21
M_030_A_XV,0.0,1983,2,22
M_030_A_XV,4.0,1983,2,23
M_030_A_XV,0.0,1983,2,24
M_030_A_XV,0.0,1983,2,25
M_030_A_XV,3.0,1983,2,26
M_030_A_XV,0.0,1983,2,27
M_030_A_XV,0.0,1983,2,28
M_030_A_XV,0.0,1983,3,1
M_030_A_XV,0.0,1983,3,2
M_030_A_XV,0.0,1983,3,3
M_030_A_XV,0.0,1983,3,4
M_030_A_XV,0.0,1983,3,5
M_030_A_XV,0.0,1983,3,6
M_030_A_XV,0.0,1983,3,7
M_030_A_XV,0.0,1983,3,8
M_030_A_XV,0.0,1983,3,9
M_030_A_XV,0.0,1983,3,10
M_030_A_XV,0.0,1983,3,11
M_030_A_XV,2.0,1983,3,12
M_030_A_XV,14.0,1983,3,13
M_030_A_XV,2.0,1983,3,14
M_030_A_XV,0.0,1983,3,15
M_030_A_XV,0.0,1983,3,16
M_030_A_XV,0.0,1983,3,17
M_030_A_XV,0.0,1983,3,18
M_030_A_XV,0.0,1983,3,19
M_030_A_XV,0.0,1983,3,20
M_030_A_XV,0.0,1983,3,21
M_030_A_XV,0.0,1983,3,22
M_030_A_XV,0.0,1983,3,23
M_030_A_XV,0.0,1983,3,24
M_030_A_XV,0.0,1983,3,25
M_030_A_XV,0.0,1983,3,26
M_030_A_XV,0.0,1983,3,27
M_030_A_XV,0.0,1983,3,28
M_030_A_XV,0.0,1983,3,29
M_030_A_XV,0.0,1983,3,30
M_030_A_XV,0.0,1983,3,31
M_030_A_XV,0.0,1983,4,1
M_030_A_XV,0.0,1983,4,2
M_030_A_XV,0.0,1983,4,3
M_030_A_XV,0.0,1983,4,4
M_030_A_XV,0.0,1983,4,5
M_030_A_XV,0.0,1983,4,6
M_030_A_XV,0.0,1983,4,7
M_030_A_XV,0.0,1983,4,8
M_030_A_XV,0.0,1983,4,9
M_030_A_XV,0.0,1983,4,10
M_030_A_XV,0.0,1983,4,11
M_030_A_XV,0.0,1983,4,12
M_030_A_XV,0.0,1983,4,13
M_030_A_XV,0.0,1983,4,14
M_030_A_XV,0.0,1983,4,15
M_030_A_XV,0.0,1983,4,16
M_030_A_XV,0.0,1983,4,17
M_030_A_XV,0.0,1983,4,18
M_030_A_XV,0.0,1983,4,19
M_030_A_XV,0.0,1983,4,20
M_030_A_XV,0.0,1983,4,21
M_030_A_XV,0.0,1983,4,22
M_030_A_XV,0.0,1983,4,23
M_030_A_XV,0.0,1983,4,24
M_030_A_XV,0.0,1983,4,25
M_030_A_XV,0.0,1983,4,26
M_030_A_XV,0.0,1983,4,27
M_030_A_XV,0.0,1983,4,28
M_030_A_XV,0.0,1983,4,29
M_030_A_XV,0.0,1983,4,30
M_030_A_XV,0.0,1983,5,1
M_030_A_XV,0.0,1983,5,2
M_030_A_XV,0.0,1983,5,3
M_030_A_XV,0.0,1983,5,4
M_030_A_XV,0.0,1983,5,5
M_030_A_XV,0.0,1983,5,6
M_030_A_XV,0.0,1983,5,7
M_030_A_XV,0.0,1983,5,8
M_030_A_XV,0.0,1983,5,9
M_030_A_XV,0.0,1983,5,10
M_030_A_XV,0.0,1983,5,11
M_030_A_XV,0.0,1983,5,12
M_030_A_XV,0.0,1983,5,13
M_030_A_XV,0.0,1983,5,14
M_030_A_XV,0.0,1983,5,15
M_030_A_XV,0.0,1983,5,16
M_030_A_XV,0.0,1983,5,17
M_030_A_XV,0.0,1983,5,18
M_030_A_XV,0.0,1983,5,19
M_030_A_XV,0.0,1983,5,20
M_030_A_XV,0.0,1983,5,21
M_030_A_XV,0.0,1983,5,22
M_030_A_XV,0.0,1983,5,23
M_030_A_XV,0.0,1983,5,24
M_030_A_XV,0.0,1983,5,25
M_030_A_XV,0.0,1983,5,26
M_030_A_XV,0.0,1983,5,27
M_030_A_XV,0.0,1983,5,28
M_030_A_XV,0.0,1983,5,29
M_030_A_XV,0.0,1983,5,30
M_030_A_XV,0.0,1983,5,31
M_030_A_XV,0.0,1983,6,1
M_030_A_XV,0.0,1983,6,2
M_030_A_XV,0.0,1983,6,3
M_030_A_XV,0.0,1983,6,4
M_030_A_XV,0.0,1983,6,5
M_030_A_XV,0.0,1983,6,6
M_030_A_XV,0.0,1983,6,7
M_030_A_XV,0.0,1983,6,8
M_030_A_XV,0.0,1983,6,9
M_030_A_XV,0.0,1983,6,10
M_030_A_XV,0.0,1983,6,11
M_030_A_XV,0.0,1983,6,12
M_030_A_XV,0.0,1983,6,13
M_030_A_XV,0.0,1983,6,14
M_030_A_XV,0.0,1983,6,15
M_030_A_XV,0.0,1983,6,16
M_030_A_XV,0.0,1983,6,17
M_030_A_XV,0.0,1983,6,18
M_030_A_XV,0.0,1983,6,19
M_030_A_XV,0.0,1983,6,20
M_030_A_XV,0.0,1983,6,21
M_030_A_XV,0.0,1983,6,22
M_030_A_XV,0.0,1983,6,23
M_030_A_XV,0.0,1983,6,24
M_030_A_XV,0.0,1983,6,25
M_030_A_XV,0.0,1983,6,26
M_030_A_XV,0.0,1983,6,27
M_030_A_XV,0.0,1983,6,28
M_030_A_XV,0.0,1983,6,29
M_030_A_XV,0.0,1983,6,30
M_030_A_XV,0.0,1983,7,1
M_030_A_XV,0.0,1983,7,2
M_030_A_XV,0.0,1983,7,3
M_030_A_XV,0.0,1983,7,4
M_030_A_XV,0.0,1983,7,5
M_030_A_XV,0.0,1983,7,6
M_030_A_XV,0.0,1983,7,7
M_030_A_XV,0.0,1983,7,8
M_030_A_XV,0.0,1983,7,9
M_030_A_XV,0.0,1983,7,10
M_030_A_XV,0.0,1983,7,11
M_030_A_XV,0.0,1983,7,12
M_030_A_XV,0.0,1983,7,13
M_030_A_XV,0.0,1983,7,14
M_030_A_XV,0.0,1983,7,15
M_030_A_XV,0.0,1983,7,16
M_030_A_XV,0.0,1983,7,17
M_030_A_XV,0.0,1983,7,18
M_030_A_XV,0.0,1983,7,19
M_030_A_XV,0.0,1983,7,20
M_030_A_XV,0.0,1983,7,21
M_030_A_XV,0.0,1983,7,22
M_030_A_XV,0.0,1983,7,23
M_030_A_XV,0.0,1983,7,24
M_030_A_XV,0.0,1983,7,25
M_030_A_XV,0.0,1983,7,26
M_030_A_XV,0.0,1983,7,27
M_030_A_XV,0.0,1983,7,28
M_030_A_XV,0.0,1983,7,29
M_030_A_XV,0.0,1983,7,30
M_030_A_XV,0.0,1983,7,31
M_030_A_XV,0.0,1983,8,1
M_030_A_XV,0.0,1983,8,2
M_030_A_XV,0.0,1983,8,3
M_030_A_XV,0.0,1983,8,4
M_030_A_XV,0.0,1983,8,5
M_030_A_XV,0.0,1983,8,6
M_030_A_XV,0.0,1983,8,7
M_030_A_XV,0.0,1983,8,8
M_030_A_XV,0.0,1983,8,9
M_030_A_XV,0.0,1983,8,10
M_030_A_XV,0.0,1983,8,11
M_030_A_XV,0.0,1983,8,12
M_030_A_XV,0.0,1983,8,13
M_030_A_XV,0.0,1983,8,14
M_030_A_XV,0.0,1983,8,15
M_030_A_XV,0.0,1983,8,16
M_030_A_XV,0.0,1983,8,17
M_030_A_XV,0.0,1983,8,18
M_030_A_XV,0.0,1983,8,19
M_030_A_XV,0.0,1983,8,20
M_030_A_XV,0.0,1983,8,21
M_030_A_XV,0.0,1983,8,22
M_030_A_XV,0.0,1983,8,23
M_030_A_XV,0.0,1983,8,24
M_030_A_XV,0.0,1983,8,25
M_030_A_XV,0.0,1983,8,26
M_030_A_XV,0.0,1983,8,27
M_030_A_XV,0.0,1983,8,28
M_030_A_XV,0.0,1983,8,29
M_030_A_XV,0.0,1983,8,30
M_030_A_XV,0.0,1983,8,31
M_030_A_XV,0.0,1983,9,1
M_030_A_XV,0.0,1983,9,2
M_030_A_XV,0.0,1983,9,3
M_030_A_XV,0.0,1983,9,4
M_030_A_XV,0.0,1983,9,5
M_030_A_XV,0.0,1983,9,6
M_030_A_XV,0.0,1983,9,7
M_030_A_XV,0.0,1983,9,8
M_030_A_XV,0.0,1983,9,9
M_030_A_XV,3.0,1983,9,10
M_030_A_XV,0.0,1983,9,11
M_030_A_XV,0.0,1983,9,12
M_030_A_XV,0.0,1983,9,13
M_030_A_XV,0.0,1983,9,14
M_030_A_XV,0.0,1983,9,15
M_030_A_XV,0.0,1983,9,16
M_030_A_XV,0.0,1983,9,17
M_030_A_XV,0.0,1983,9,18
M_030_A_XV,0.0,1983,9,19
M_030_A_XV,0.0,1983,9,20
M_030_A_XV,0.0,1983,9,21
M_030_A_XV,0.0,1983,9,22
M_030_A_XV,0.0,1983,9,23
M_030_A_XV,0.0,1983,9,24
M_030_A_XV,0.0,1983,9,25
M_030_A_XV,0.0,1983,9,26
M_030_A_XV,0.0,1983,9,27
M_030_A_XV,0.0,1983,9,28
M_030_A_XV,0.0,1983,9,29
M_030_A_XV,0.0,1983,9,30
M_030_A_XV,0.0,1983,10,1
M_030_A_XV,0.0,1983,10,2
M_030_A_XV,0.0,1983,10,3
M_030_A_XV,0.0,1983,10,4
M_030_A_XV,0.0,1983,10,5
M_030_A_XV,0.0,1983,10,6
M_030_A_XV,0.0,1983,10,7
M_030_A_XV,0.0,1983,10,8
M_030_A_XV,0.0,1983,10,9
M_030_A_XV,0.0,1983,10,10
M_030_A_XV,0.0,1983,10,11
M_030_A_XV,0.0,1983,10,12
M_030_A_XV,0.0,1983,10,13
M_030_A_XV,0.0,1983,10,14
M_030_A_XV,0.0,1983,10,15
M_030_A_XV,0.0,1983,10,16
M_030_A_XV,0.0,1983,10,17
M_030_A_XV,0.0,1983,10,18
M_030_A_XV,0.0,1983,10,19
M_030_A_XV,0.0,1983,10,20
M_030_A_XV,0.0,1983,10,21
M_030_A_XV,0.0,1983,10,22
M_030_A_XV,0.0,1983,10,23
M_030_A_XV,0.0,1983,10,24
M_030_A_XV,0.0,1983,10,25
M_030_A_XV,0.0,1983,10,26
M_030_A_XV,0.0,1983,10,27
M_030_A_XV,0.0,1983,10,28
M_030_A_XV,0.0,1983,10,29
M_030_A_XV,0.0,1983,10,30
M_030_A_XV,0.0,1983,10,31
M_030_A_XV,0.0,1983,11,1
M_030_A_XV,0.0,1983,11,2
M_030_A_XV,0.0,1983,11,3
M_030_A_XV,0.0,1983,11,4
M_030_A_XV,0.0,1983,11,5
M_030_A_XV,0.0,1983,11,6
M_030_A_XV,0.0,1983,11,7
M_030_A_XV,0.0,1983,11,8
M_030_A_XV,0.0,1983,11,9
M_030_A_XV,0.0,1983,11,10
M_030_A_XV,0.0,1983,11,11
M_030_A_XV,0.0,1983,11,12
M_030_A_XV,0.0,1983,11,13
M_030_A_XV,0.0,1983,11,14
M_030_A_XV,0.0,1983,11,15
M_030_A_XV,0.0,1983,11,16
M_030_A_XV,0.0,1983,11,17
M_030_A_XV,0.0,1983,11,18
M_030_A_XV,0.0,1983,11,19
M_030_A_XV,0.0,1983,11,20
M_030_A_XV,0.0,1983,11,21
M_030_A_XV,0.0,1983,11,22
M_030_A_XV,0.0,1983,11,23
M_030_A_XV,0.0,1983,11,24
M_030_A_XV,0.0,1983,11,25
M_030_A_XV,0.0,1983,11,26
M_030_A_XV,0.0,1983,11,27
M_030_A_XV,0.0,1983,11,28
M_030_A_XV,0.0,1983,11,29
M_030_A_XV,0.0,1983,11,30
M_030_A_XV,0.0,1983,12,1
M_030_A_XV,0.0,1983,12,2
M_030_A_XV,0.0,1983,12,3
M_030_A_XV,0.0,1983,12,4
M_030_A_XV,0.0,1983,12,5
M_030_A_XV,0.0,1983,12,6
M_030_A_XV,0.0,1983,12,7
M_030_A_XV,0.0,1983,12,8
M_030_A_XV,0.0,1983,12,9
M_030_A_XV,0.0,1983,12,10
M_030_A_XV,0.0,1983,12,11
M_030_A_XV,0.0,1983,12,12
M_030_A_XV,0.0,1983,12,13
M_030_A_XV,0.0,1983,12,14
M_030_A_XV,0.0,1983,12,15
M_030_A_XV,0.0,1983,12,16
M_030_A_XV,0.0,1983,12,17
M_030_A_XV,0.0,1983,12,18
M_030_A_XV,0.0,1983,12,19
M_030_A_XV,0.0,1983,12,20
M_030_A_XV,0.0,1983,12,21
M_030_A_XV,0.0,1983,12,22
M_030_A_XV,0.0,1983,12,23
M_030_A_XV,0.0,1983,12,24
M_030_A_XV,5.0,1983,12,25
M_030_A_XV,0.0,1983,12,26
M_030_A_XV,0.0,1983,12,27
M_030_A_XV,0.0,1983,12,28
M_030_A_XV,0.0,1983,12,29
M_030_A_XV,0.0,1983,12,30
M_030_A_XV,5.0,1983,12,31
M_030_A_XV,35.0,1984,1,1
M_030_A_XV,22.0,1984,1,2
M_030_A_XV,10.0,1984,1,3
M_030_A_XV,0.0,1984,1,4
M_030_A_XV,3.0,1984,1,5
M_030_A_XV,3.0,1984,1,6
M_030_A_XV,0.0,1984,1,7
M_030_A_XV,6.0,1984,1,8
M_030_A_XV,43.0,1984,1,9
M_030_A_XV,4.0,1984,1,10
M_030_A_XV,0.0,1984,1,11
M_030_A_XV,0.0,1984,1,12
M_030_A_XV,0.0,1984,1,13
M_030_A_XV,0.0,1984,1,14
M_030_A_XV,15.0,1984,1,15
M_030_A_XV,2.0,1984,1,16
M_030_A_XV,7.0,1984,1,17
M_030_A_XV,0.0,1984,1,18
M_030_A_XV,0.0,1984,1,19
M_030_A_XV,0.0,1984,1,20
M_030_A_XV,7.0,1984,1,21
M_030_A_XV,10.0,1984,1,22
M_030_A_XV,13.0,1984,1,23
M_030_A_XV,2.0,1984,1,24
M_030_A_XV,6.0,1984,1,25
M_030_A_XV,4.0,1984,1,26
M_030_A_XV,0.0,1984,1,27
M_030_A_XV,0.0,1984,1,28
M_030_A_XV,0.0,1984,1,29
M_030_A_XV,0.0,1984,1,30
M_030_A_XV,0.0,1984,1,31
M_030_A_XV,0.0,1984,2,1
M_030_A_XV,0.0,1984,2,2
M_030_A_XV,0.0,1984,2,3
M_030_A_XV,0.0,1984,2,4
M_030_A_XV,20.0,1984,2,5
M_030_A_XV,8.0,1984,2,6
M_030_A_XV,4.0,1984,2,7
M_030_A_XV,0.0,1984,2,8
M_030_A_XV,34.0,1984,2,9
M_030_A_XV,1.5,1984,2,10
M_030_A_XV,8.0,1984,2,11
M_030_A_XV,24.0,1984,2,12
M_030_A_XV,22.0,1984,2,13
M_030_A_XV,18.0,1984,2,14
M_030_A_XV,3.5,1984,2,15
M_030_A_XV,19.0,1984,2,16
M_030_A_XV,9.0,1984,2,17
M_030_A_XV,0.0,1984,2,18
M_030_A_XV,0.0,1984,2,19
M_030_A_XV,0.0,1984,2,20
M_030_A_XV,0.0,1984,2,21
M_030_A_XV,0.0,1984,2,22
M_030_A_XV,0.0,1984,2,23
M_030_A_XV,0.0,1984,2,24
M_030_A_XV,0.0,1984,2,25
M_030_A_XV,0.0,1984,2,26
M_030_A_XV,0.0,1984,2,27
M_030_A_XV,0.0,1984,2,28
M_030_A_XV,0.0,1984,2,29
M_030_A_XV,2.0,1984,3,1
M_030_A_XV,1.0,1984,3,2
M_030_A_XV,3.0,1984,3,3
M_030_A_XV,22.0,1984,3,4
M_030_A_XV,10.0,1984,3,5
M_030_A_XV,3.0,1984,3,6
M_030_A_XV,13.0,1984,3,7
M_030_A_XV,7.0,1984,3,8
M_030_A_XV,2.0,1984,3,9
M_030_A_XV,0.0,1984,3,10
M_030_A_XV,0.0,1984,3,11
M_030_A_XV,0.0,1984,3,12
M_030_A_XV,0.0,1984,3,13
M_030_A_XV,0.0,1984,3,14
M_030_A_XV,0.0,1984,3,15
M_030_A_XV,9.0,1984,3,16
M_030_A_XV,10.0,1984,3,17
M_030_A_XV,2.0,1984,3,18
M_030_A_XV,26.0,1984,3,19
M_030_A_XV,10.0,1984,3,20
M_030_A_XV,2.0,1984,3,21
M_030_A_XV,0.0,1984,3,22
M_030_A_XV,0.0,1984,3,23
M_030_A_XV,0.0,1984,3,24
M_030_A_XV,1.0,1984,3,25
M_030_A_XV,5.0,1984,3,26
M_030_A_XV,0.0,1984,3,27
M_030_A_XV,0.0,1984,3,28
M_030_A_XV,14.0,1984,3,29
M_030_A_XV,0.0,1984,3,30
M_030_A_XV,0.0,1984,3,31
M_030_A_XV,0.0,1984,4,1
M_030_A_XV,0.0,1984,4,2
M_030_A_XV,0.0,1984,4,3
M_030_A_XV,0.0,1984,4,4
M_030_A_XV,0.0,1984,4,5
M_030_A_XV,2.0,1984,4,6
M_030_A_XV,3.0,1984,4,7
M_030_A_XV,0.0,1984,4,8
M_030_A_XV,0.0,1984,4,9
M_030_A_XV,0.0,1984,4,10
M_030_A_XV,0.0,1984,4,11
M_030_A_XV,0.0,1984,4,12
M_030_A_XV,0.0,1984,4,13
M_030_A_XV,0.0,1984,4,14
M_030_A_XV,0.0,1984,4,15
M_030_A_XV,0.0,1984,4,16
M_030_A_XV,0.0,1984,4,17
M_030_A_XV,0.0,1984,4,18
M_030_A_XV,0.0,1984,4,19
M_030_A_XV,0.0,1984,4,20
M_030_A_XV,0.0,1984,4,21
M_030_A_XV,0.0,1984,4,22
M_030_A_XV,0.0,1984,4,23
M_030_A_XV,0.0,1984,4,24
M_030_A_XV,0.0,1984,4,25
M_030_A_XV,0.0,1984,4,26
M_030_A_XV,0.0,1984,4,27
M_030_A_XV,0.0,1984,4,28
M_030_A_XV,0.0,1984,4,29
M_030_A_XV,0.0,1984,4,30
M_030_A_XV,0.0,1984,5,1
M_030_A_XV,0.0,1984,5,2
M_030_A_XV,0.0,1984,5,3
M_030_A_XV,0.0,1984,5,4
M_030_A_XV,0.0,1984,5,5
M_030_A_XV,0.0,1984,5,6
M_030_A_XV,0.0,1984,5,7
M_030_A_XV,0.0,1984,5,8
M_030_A_XV,0.0,1984,5,9
M_030_A_XV,0.0,1984,5,10
M_030_A_XV,0.0,1984,5,11
M_030_A_XV,0.0,1984,5,12
M_030_A_XV,0.0,1984,5,13
M_030_A_XV,0.0,1984,5,14
M_030_A_XV,0.0,1984,5,15
M_030_A_XV,0.0,1984,5,16
M_030_A_XV,0.0,1984,5,17
M_030_A_XV,0.0,1984,5,18
M_030_A_XV,0.0,1984,5,19
M_030_A_XV,0.0,1984,5,20
M_030_A_XV,0.0,1984,5,21
M_030_A_XV,0.0,1984,5,22
M_030_A_XV,0.0,1984,5,23
M_030_A_XV,0.0,1984,5,24
M_030_A_XV,0.0,1984,5,25
M_030_A_XV,0.0,1984,5,26
M_030_A_XV,0.0,1984,5,27
M_030_A_XV,0.0,1984,5,28
M_030_A_XV,0.0,1984,5,29
M_030_A_XV,0.0,1984,5,30
M_030_A_XV,0.0,1984,5,31
M_030_A_XV,0.0,1984,6,1
M_030_A_XV,0.0,1984,6,2
M_030_A_XV,0.0,1984,6,3
M_030_A_XV,0.0,1984,6,4
M_030_A_XV,0.0,1984,6,5
M_030_A_XV,0.0,1984,6,6
M_030_A_XV,0.0,1984,6,7
M_030_A_XV,0.0,1984,6,8
M_030_A_XV,0.0,1984,6,9
M_030_A_XV,0.0,1984,6,10
M_030_A_XV,0.0,1984,6,11
M_030_A_XV,0.0,1984,6,12
M_030_A_XV,0.0,1984,6,13
M_030_A_XV,0.0,1984,6,14
M_030_A_XV,0.0,1984,6,15
M_030_A_XV,0.0,1984,6,16
M_030_A_XV,0.0,1984,6,17
M_030_A_XV,0.0,1984,6,18
M_030_A_XV,0.0,1984,6,19
M_030_A_XV,0.0,1984,6,20
M_030_A_XV,0.0,1984,6,21
M_030_A_XV,5.0,1984,6,22
M_030_A_XV,3.0,1984,6,23
M_030_A_XV,2.0,1984,6,24
M_030_A_XV,0.0,1984,6,25
M_030_A_XV,0.0,1984,6,26
M_030_A_XV,0.0,1984,6,27
M_030_A_XV,0.0,1984,6,28
M_030_A_XV,0.0,1984,6,29
M_030_A_XV,0.0,1984,6,30
M_030_A_XV,0.0,1984,7,1
M_030_A_XV,0.0,1984,7,2
M_030_A_XV,0.0,1984,7,3
M_030_A_XV,0.0,1984,7,4
M_030_A_XV,0.0,1984,7,5
M_030_A_XV,0.0,1984,7,6
M_030_A_XV,0.0,1984,7,7
M_030_A_XV,0.0,1984,7,8
M_030_A_XV,0.0,1984,7,9
M_030_A_XV,0.0,1984,7,10
M_030_A_XV,0.0,1984,7,11
M_030_A_XV,0.0,1984,7,12
M_030_A_XV,0.0,1984,7,13
M_030_A_XV,0.0,1984,7,14
M_030_A_XV,0.0,1984,7,15
M_030_A_XV,0.0,1984,7,16
M_030_A_XV,0.0,1984,7,17
M_030_A_XV,0.0,1984,7,18
M_030_A_XV,0.0,1984,7,19
M_030_A_XV,0.0,1984,7,20
M_030_A_XV,0.0,1984,7,21
M_030_A_XV,0.0,1984,7,22
M_030_A_XV,0.0,1984,7,23
M_030_A_XV,0.0,1984,7,24
M_030_A_XV,0.0,1984,7,25
M_030_A_XV,0.0,1984,7,26
M_030_A_XV,0.0,1984,7,27
M_030_A_XV,0.0,1984,7,28
M_030_A_XV,0.0,1984,7,29
M_030_A_XV,0.0,1984,7,30
M_030_A_XV,0.0,1984,7,31
M_030_A_XV,0.0,1984,8,1
M_030_A_XV,0.0,1984,8,2
M_030_A_XV,0.0,1984,8,3
M_030_A_XV,0.0,1984,8,4
M_030_A_XV,0.0,1984,8,5
M_030_A_XV,6.0,1984,8,6
M_030_A_XV,0.0,1984,8,7
M_030_A_XV,0.0,1984,8,8
M_030_A_XV,0.0,1984,8,9
M_030_A_XV,0.0,1984,8,10
M_030_A_XV,0.0,1984,8,11
M_030_A_XV,0.0,1984,8,12
M_030_A_XV,0.0,1984,8,13
M_030_A_XV,0.0,1984,8,14
M_030_A_XV,0.0,1984,8,15
M_030_A_XV,0.0,1984,8,16
M_030_A_XV,0.0,1984,8,17
M_030_A_XV,0.0,1984,8,18
M_030_A_XV,0.0,1984,8,19
M_030_A_XV,0.0,1984,8,20
M_030_A_XV,0.0,1984,8,21
M_030_A_XV,0.0,1984,8,22
M_030_A_XV,0.0,1984,8,23
M_030_A_XV,0.0,1984,8,24
M_030_A_XV,0.0,1984,8,25
M_030_A_XV,0.0,1984,8,26
M_030_A_XV,0.0,1984,8,27
M_030_A_XV,0.0,1984,8,28
M_030_A_XV,0.0,1984,8,29
M_030_A_XV,0.0,1984,8,30
M_030_A_XV,0.0,1984,8,31
M_030_A_XV,0.0,1984,9,1
M_030_A_XV,0.0,1984,9,2
M_030_A_XV,0.0,1984,9,3
M_030_A_XV,0.0,1984,9,4
M_030_A_XV,0.0,1984,9,5
M_030_A_XV,0.0,1984,9,6
M_030_A_XV,0.0,1984,9,7
M_030_A_XV,0.0,1984,9,8
M_030_A_XV,0.0,1984,9,9
M_030_A_XV,0.0,1984,9,10
M_030_A_XV,0.0,1984,9,11
M_030_A_XV,0.0,1984,9,12
M_030_A_XV,0.0,1984,9,13
M_030_A_XV,0.0,1984,9,14
M_030_A_XV,0.0,1984,9,15
M_030_A_XV,0.0,1984,9,16
M_030_A_XV,0.0,1984,9,17
M_030_A_XV,0.0,1984,9,18
M_030_A_XV,0.0,1984,9,19
M_030_A_XV,0.0,1984,9,20
M_030_A_XV,0.0,1984,9,21
M_030_A_XV,0.0,1984,9,22
M_030_A_XV,0.0,1984,9,23
M_030_A_XV,0.0,1984,9,24
M_030_A_XV,0.0,1984,9,25
M_030_A_XV,0.0,1984,9,26
M_030_A_XV,0.0,1984,9,27
M_030_A_XV,0.0,1984,9,28
M_030_A_XV,0.0,1984,9,29
M_030_A_XV,0.0,1984,9,30
M_030_A_XV,0.0,1984,10,1
M_030_A_XV,0.0,1984,10,2
M_030_A_XV,0.0,1984,10,3
M_030_A_XV,0.0,1984,10,4
M_030_A_XV,0.0,1984,10,5
M_030_A_XV,0.0,1984,10,6
M_030_A_XV,0.0,1984,10,7
M_030_A_XV,0.0,1984,10,8
M_030_A_XV,0.0,1984,10,9
M_030_A_XV,0.0,1984,10,10
M_030_A_XV,2.0,1984,10,11
M_030_A_XV,3.5,1984,10,12
M_030_A_XV,5.0,1984,10,13
M_030_A_XV,0.0,1984,10,14
M_030_A_XV,0.0,1984,10,15
M_030_A_XV,0.0,1984,10,16
M_030_A_XV,0.0,1984,10,17
M_030_A_XV,0.0,1984,10,18
M_030_A_XV,0.0,1984,10,19
M_030_A_XV,0.0,1984,10,20
M_030_A_XV,0.0,1984,10,21
M_030_A_XV,0.0,1984,10,22
M_030_A_XV,0.0,1984,10,23
M_030_A_XV,0.0,1984,10,24
M_030_A_XV,0.0,1984,10,25
M_030_A_XV,0.0,1984,10,26
M_030_A_XV,0.0,1984,10,27
M_030_A_XV,0.0,1984,10,28
M_030_A_XV,3.0,1984,10,29
M_030_A_XV,25.0,1984,10,30
M_030_A_XV,0.0,1984,10,31
M_030_A_XV,0.0,1984,11,1
M_030_A_XV,0.0,1984,11,2
M_030_A_XV,0.0,1984,11,3
M_030_A_XV,0.0,1984,11,4
M_030_A_XV,0.0,1984,11,5
M_030_A_XV,0.0,1984,11,6
M_030_A_XV,0.0,1984,11,7
M_030_A_XV,0.0,1984,11,8
M_030_A_XV,0.0,1984,11,9
M_030_A_XV,0.0,1984,11,10
M_030_A_XV,0.0,1984,11,11
M_030_A_XV,0.0,1984,11,12
M_030_A_XV,3.0,1984,11,13
M_030_A_XV,0.0,1984,11,14
M_030_A_XV,0.0,1984,11,15
M_030_A_XV,22.0,1984,11,16
M_030_A_XV,10.0,1984,11,17
M_030_A_XV,1.5,1984,11,18
M_030_A_XV,0.0,1984,11,19
M_030_A_XV,0.0,1984,11,20
M_030_A_XV,10.0,1984,11,21
M_030_A_XV,0.0,1984,11,22
M_030_A_XV,0.0,1984,11,23
M_030_A_XV,0.0,1984,11,24
M_030_A_XV,3.0,1984,11,25
M_030_A_XV,5.0,1984,11,26
M_030_A_XV,3.0,1984,11,27
M_030_A_XV,10.0,1984,11,28
M_030_A_XV,0.0,1984,11,29
M_030_A_XV,0.0,1984,11,30
M_030_A_XV,0.0,1984,12,1
M_030_A_XV,0.0,1984,12,2
M_030_A_XV,0.0,1984,12,3
M_030_A_XV,0.0,1984,12,4
M_030_A_XV,0.0,1984,12,5
M_030_A_XV,0.0,1984,12,6
M_030_A_XV,0.0,1984,12,7
M_030_A_XV,2.0,1984,12,8
M_030_A_XV,0.0,1984,12,9
M_030_A_XV,0.0,1984,12,10
M_030_A_XV,0.0,1984,12,11
M_030_A_XV,0.0,1984,12,12
M_030_A_XV,0.0,1984,12,13
M_030_A_XV,0.0,1984,12,14
M_030_A_XV,0.0,1984,12,15
M_030_A_XV,0.0,1984,12,16
M_030_A_XV,0.0,1984,12,17
M_030_A_XV,0.0,1984,12,18
M_030_A_XV,0.0,1984,12,19
M_030_A_XV,0.0,1984,12,20
M_030_A_XV,0.0,1984,12,21
M_030_A_XV,0.0,1984,12,22
M_030_A_XV,0.0,1984,12,23
M_030_A_XV,0.0,1984,12,24
M_030_A_XV,0.0,1984,12,25
M_030_A_XV,0.0,1984,12,26
M_030_A_XV,0.0,1984,12,27
M_030_A_XV,0.0,1984,12,28
M_030_A_XV,0.0,1984,12,29
M_030_A_XV,0.0,1984,12,30
M_030_A_XV,6.0,1984,12,31
M_030_A_XV,10.0,1985,1,1
M_030_A_XV,4.5,1985,1,2
M_030_A_XV,0.0,1985,1,3
M_030_A_XV,13.0,1985,1,4
M_030_A_XV,5.5,1985,1,5
M_030_A_XV,2.0,1985,1,6
M_030_A_XV,0.0,1985,1,7
M_030_A_XV,0.0,1985,1,8
M_030_A_XV,0.0,1985,1,9
M_030_A_XV,0.0,1985,1,10
M_030_A_XV,0.0,1985,1,11
M_030_A_XV,0.0,1985,1,12
M_030_A_XV,0.0,1985,1,13
M_030_A_XV,0.0,1985,1,14
M_030_A_XV,0.0,1985,1,15
M_030_A_XV,0.0,1985,1,16
M_030_A_XV,0.0,1985,1,17
M_030_A_XV,0.0,1985,1,18
M_030_A_XV,0.0,1985,1,19
M_030_A_XV,0.0,1985,1,20
M_030_A_XV,0.0,1985,1,21
M_030_A_XV,0.0,1985,1,22
M_030_A_XV,0.0,1985,1,23
M_030_A_XV,0.0,1985,1,24
M_030_A_XV,0.0,1985,1,25
M_030_A_XV,0.0,1985,1,26
M_030_A_XV,0.0,1985,1,27
M_030_A_XV,0.0,1985,1,28
M_030_A_XV,0.0,1985,1,29
M_030_A_XV,0.0,1985,1,30
M_030_A_XV,0.0,1985,1,31
M_030_A_XV,0.0,1985,2,1
M_030_A_XV,0.0,1985,2,2
M_030_A_XV,0.0,1985,2,3
M_030_A_XV,14.5,1985,2,4
M_030_A_XV,3.0,1985,2,5
M_030_A_XV,37.5,1985,2,6
M_030_A_XV,0.0,1985,2,7
M_030_A_XV,11.5,1985,2,8
M_030_A_XV,4.0,1985,2,9
M_030_A_XV,5.0,1985,2,10
M_030_A_XV,6.0,1985,2,11
M_030_A_XV,4.0,1985,2,12
M_030_A_XV,2.0,1985,2,13
M_030_A_XV,5.0,1985,2,14
M_030_A_XV,10.0,1985,2,15
M_030_A_XV,1.0,1985,2,16
M_030_A_XV,3.0,1985,2,17
M_030_A_XV,1.0,1985,2,18
M_030_A_XV,2.0,1985,2,19
M_030_A_XV,3.0,1985,2,20
M_030_A_XV,14.0,1985,2,21
M_030_A_XV,12.0,1985,2,22
M_030_A_XV,23.5,1985,2,23
M_030_A_XV,29.0,1985,2,24
M_030_A_XV,7.0,1985,2,25
M_030_A_XV,19.0,1985,2,26
M_030_A_XV,1.0,1985,2,27
M_030_A_XV,4.0,1985,2,28
M_030_A_XV,0.0,1985,3,1
M_030_A_XV,0.0,1985,3,2
M_030_A_XV,2.0,1985,3,3
M_030_A_XV,1.0,1985,3,4
M_030_A_XV,3.0,1985,3,5
M_030_A_XV,4.0,1985,3,6
M_030_A_XV,0.0,1985,3,7
M_030_A_XV,0.0,1985,3,8
M_030_A_XV,0.0,1985,3,9
M_030_A_XV,0.0,1985,3,10
M_030_A_XV,0.0,1985,3,11
M_030_A_XV,0.0,1985,3,12
M_030_A_XV,0.0,1985,3,13
M_030_A_XV,0.0,1985,3,14
M_030_A_XV,0.0,1985,3,15
M_030_A_XV,0.0,1985,3,16
M_030_A_XV,0.0,1985,3,17
M_030_A_XV,0.0,1985,3,18
M_030_A_XV,0.0,1985,3,19
M_030_A_XV,0.0,1985,3,20
M_030_A_XV,0.0,1985,3,21
M_030_A_XV,0.0,1985,3,22
M_030_A_XV,1.0,1985,3,23
M_030_A_XV,8.0,1985,3,24
M_030_A_XV,3.0,1985,3,25
M_030_A_XV,0.0,1985,3,26
M_030_A_XV,0.0,1985,3,27
M_030_A_XV,2.0,1985,3,28
M_030_A_XV,10.0,1985,3,29
M_030_A_XV,11.5,1985,3,30
M_030_A_XV,4.0,1985,3,31
M_030_A_XV,1.0,1985,4,1
M_030_A_XV,0.0,1985,4,2
M_030_A_XV,0.0,1985,4,3
M_030_A_XV,1.0,1985,4,4
M_030_A_XV,0.0,1985,4,5
M_030_A_XV,0.0,1985,4,6
M_030_A_XV,0.0,1985,4,7
M_030_A_XV,0.0,1985,4,8
M_030_A_XV,0.0,1985,4,9
M_030_A_XV,0.0,1985,4,10
M_030_A_XV,0.0,1985,4,11
M_030_A_XV,0.0,1985,4,12
M_030_A_XV,0.0,1985,4,13
M_030_A_XV,0.0,1985,4,14
M_030_A_XV,0.0,1985,4,15
M_030_A_XV,0.0,1985,4,16
M_030_A_XV,0.0,1985,4,17
M_030_A_XV,0.0,1985,4,18
M_030_A_XV,0.0,1985,4,19
M_030_A_XV,3.0,1985,4,20
M_030_A_XV,0.0,1985,4,21
M_030_A_XV,0.0,1985,4,22
M_030_A_XV,6.0,1985,4,23
M_030_A_XV,0.0,1985,4,24
M_030_A_XV,0.0,1985,4,25
M_030_A_XV,0.0,1985,4,26
M_030_A_XV,0.0,1985,4,27
M_030_A_XV,0.0,1985,4,28
M_030_A_XV,0.0,1985,4,29
M_030_A_XV,0.0,1985,4,30
M_030_A_XV,0.0,1985,5,1
M_030_A_XV,0.0,1985,5,2
M_030_A_XV,0.0,1985,5,3
M_030_A_XV,0.0,1985,5,4
M_030_A_XV,0.0,1985,5,5
M_030_A_XV,0.0,1985,5,6
M_030_A_XV,0.0,1985,5,7
M_030_A_XV,0.0,1985,5,8
M_030_A_XV,0.0,1985,5,9
M_030_A_XV,0.0,1985,5,10
M_030_A_XV,0.0,1985,5,11
M_030_A_XV,0.0,1985,5,12
M_030_A_XV,0.0,1985,5,13
M_030_A_XV,0.0,1985,5,14
M_030_A_XV,0.0,1985,5,15
M_030_A_XV,0.0,1985,5,16
M_030_A_XV,0.0,1985,5,17
M_030_A_XV,0.0,1985,5,18
M_030_A_XV,0.0,1985,5,19
M_030_A_XV,0.0,1985,5,20
M_030_A_XV,0.0,1985,5,21
M_030_A_XV,0.0,1985,5,22
M_030_A_XV,0.0,1985,5,23
M_030_A_XV,0.0,1985,5,24
M_030_A_XV,0.0,1985,5,25
M_030_A_XV,0.0,1985,5,26
M_030_A_XV,0.0,1985,5,27
M_030_A_XV,0.0,1985,5,28
M_030_A_XV,0.0,1985,5,29
M_030_A_XV,0.0,1985,5,30
M_030_A_XV,0.0,1985,5,31
M_030_A_XV,0.0,1985,6,1
M_030_A_XV,0.0,1985,6,2
M_030_A_XV,0.0,1985,6,3
M_030_A_XV,0.0,1985,6,4
M_030_A_XV,0.0,1985,6,5
M_030_A_XV,0.0,1985,6,6
M_030_A_XV,0.0,1985,6,7
M_030_A_XV,0.0,1985,6,8
M_030_A_XV,0.0,1985,6,9
M_030_A_XV,0.0,1985,6,10
M_030_A_XV,0.0,1985,6,11
M_030_A_XV,0.0,1985,6,12
M_030_A_XV,0.0,1985,6,13
M_030_A_XV,0.0,1985,6,14
M_030_A_XV,0.0,1985,6,15
M_030_A_XV,0.0,1985,6,16
M_030_A_XV,0.0,1985,6,17
M_030_A_XV,0.0,1985,6,18
M_030_A_XV,0.0,1985,6,19
M_030_A_XV,0.0,1985,6,20
M_030_A_XV,0.0,1985,6,21
M_030_A_XV,0.0,1985,6,22
M_030_A_XV,0.0,1985,6,23
M_030_A_XV,0.0,1985,6,24
M_030_A_XV,0.0,1985,6,25
M_030_A_XV,0.0,1985,6,26
M_030_A_XV,0.0,1985,6,27
M_030_A_XV,0.0,1985,6,28
M_030_A_XV,0.0,1985,6,29
M_030_A_XV,0.0,1985,6,30
M_030_A_XV,0.0,1985,7,1
M_030_A_XV,0.0,1985,7,2
M_030_A_XV,0.0,1985,7,3
M_030_A_XV,0.0,1985,7,4
M_030_A_XV,0.0,1985,7,5
M_030_A_XV,0.0,1985,7,6
M_030_A_XV,0.0,1985,7,7
M_030_A_XV,0.0,1985,7,8
M_030_A_XV,0.0,1985,7,9
M_030_A_XV,0.0,1985,7,10
M_030_A_XV,0.0,1985,7,11
M_030_A_XV,0.0,1985,7,12
M_030_A_XV,0.0,1985,7,13
M_030_A_XV,0.0,1985,7,14
M_030_A_XV,0.0,1985,7,15
M_030_A_XV,0.0,1985,7,16
M_030_A_XV,0.0,1985,7,17
M_030_A_XV,0.0,1985,7,18
M_030_A_XV,0.0,1985,7,19
M_030_A_XV,0.0,1985,7,20
M_030_A_XV,0.0,1985,7,21
M_030_A_XV,0.0,1985,7,22
M_030_A_XV,0.0,1985,7,23
M_030_A_XV,0.0,1985,7,24
M_030_A_XV,0.0,1985,7,25
M_030_A_XV,0.0,1985,7,26
M_030_A_XV,0.0,1985,7,27
M_030_A_XV,0.0,1985,7,28
M_030_A_XV,0.0,1985,7,29
M_030_A_XV,0.0,1985,7,30
M_030_A_XV,0.0,1985,7,31
M_030_A_XV,0.0,1985,8,1
M_030_A_XV,0.0,1985,8,2
M_030_A_XV,0.0,1985,8,3
M_030_A_XV,0.0,1985,8,4
M_030_A_XV,0.0,1985,8,5
M_030_A_XV,0.0,1985,8,6
M_030_A_XV,0.0,1985,8,7
M_030_A_XV,0.0,1985,8,8
M_030_A_XV,0.0,1985,8,9
M_030_A_XV,0.0,1985,8,10
M_030_A_XV,0.0,1985,8,11
M_030_A_XV,0.0,1985,8,12
M_030_A_XV,0.0,1985,8,13
M_030_A_XV,0.0,1985,8,14
M_030_A_XV,0.0,1985,8,15
M_030_A_XV,0.0,1985,8,16
M_030_A_XV,0.0,1985,8,17
M_030_A_XV,0.0,1985,8,18
M_030_A_XV,0.0,1985,8,19
M_030_A_XV,0.0,1985,8,20
M_030_A_XV,0.0,1985,8,21
M_030_A_XV,0.0,1985,8,22
M_030_A_XV,0.0,1985,8,23
M_030_A_XV,0.0,1985,8,24
M_030_A_XV,0.0,1985,8,25
M_030_A_XV,0.0,1985,8,26
M_030_A_XV,0.0,1985,8,27
M_030_A_XV,0.0,1985,8,28
M_030_A_XV,0.0,1985,8,29
M_030_A_XV,0.0,1985,8,30
M_030_A_XV,0.0,1985,8,31
M_030_A_XV,0.0,1985,9,1
M_030_A_XV,0.0,1985,9,2
M_030_A_XV,0.0,1985,9,3
M_030_A_XV,0.0,1985,9,4
M_030_A_XV,0.0,1985,9,5
M_030_A_XV,0.0,1985,9,6
M_030_A_XV,0.0,1985,9,7
M_030_A_XV,0.0,1985,9,8
M_030_A_XV,0.0,1985,9,9
M_030_A_XV,0.0,1985,9,10
M_030_A_XV,0.0,1985,9,11
M_030_A_XV,0.0,1985,9,12
M_030_A_XV,0.0,1985,9,13
M_030_A_XV,0.0,1985,9,14
M_030_A_XV,0.0,1985,9,15
M_030_A_XV,1.0,1985,9,16
M_030_A_XV,0.0,1985,9,17
M_030_A_XV,0.0,1985,9,18
M_030_A_XV,0.0,1985,9,19
M_030_A_XV,0.0,1985,9,20
M_030_A_XV,0.0,1985,9,21
M_030_A_XV,0.0,1985,9,22
M_030_A_XV,0.0,1985,9,23
M_030_A_XV,0.0,1985,9,24
M_030_A_XV,0.0,1985,9,25
M_030_A_XV,0.0,1985,9,26
M_030_A_XV,0.0,1985,9,27
M_030_A_XV,0.0,1985,9,28
M_030_A_XV,0.0,1985,9,29
M_030_A_XV,0.0,1985,9,30
M_030_A_XV,0.0,1985,10,1
M_030_A_XV,0.0,1985,10,2
M_030_A_XV,0.0,1985,10,3
M_030_A_XV,0.0,1985,10,4
M_030_A_XV,0.0,1985,10,5
M_030_A_XV,0.0,1985,10,6
M_030_A_XV,0.0,1985,10,7
M_030_A_XV,0.0,1985,10,8
M_030_A_XV,0.0,1985,10,9
M_030_A_XV,0.0,1985,10,10
M_030_A_XV,0.0,1985,10,11
M_030_A_XV,0.0,1985,10,12
M_030_A_XV,0.0,1985,10,13
M_030_A_XV,0.0,1985,10,14
M_030_A_XV,0.0,1985,10,15
M_030_A_XV,0.0,1985,10,16
M_030_A_XV,0.0,1985,10,17
M_030_A_XV,0.0,1985,10,18
M_030_A_XV,0.0,1985,10,19
M_030_A_XV,0.0,1985,10,20
M_030_A_XV,0.0,1985,10,21
M_030_A_XV,0.0,1985,10,22
M_030_A_XV,0.0,1985,10,23
M_030_A_XV,0.0,1985,10,24
M_030_A_XV,0.0,1985,10,25
M_030_A_XV,0.0,1985,10,26
M_030_A_XV,0.0,1985,10,27
M_030_A_XV,0.0,1985,10,28
M_030_A_XV,0.0,1985,10,29
M_030_A_XV,0.0,1985,10,30
M_030_A_XV,0.0,1985,10,31
M_030_A_XV,0.0,1985,11,1
M_030_A_XV,0.0,1985,11,2
M_030_A_XV,0.0,1985,11,3
M_030_A_XV,0.0,1985,11,4
M_030_A_XV,0.0,1985,11,5
M_030_A_XV,0.0,1985,11,6
M_030_A_XV,0.0,1985,11,7
M_030_A_XV,0.0,1985,11,8
M_030_A_XV,0.0,1985,11,9
M_030_A_XV,0.0,1985,11,10
M_030_A_XV,0.0,1985,11,11
M_030_A_XV,10.0,1985,11,12
M_030_A_XV,0.0,1985,11,13
M_030_A_XV,0.0,1985,11,14
M_030_A_XV,4.0,1985,11,15
M_030_A_XV,1.0,1985,11,16
M_030_A_XV,2.0,1985,11,17
M_030_A_XV,2.0,1985,11,18
M_030_A_XV,6.0,1985,11,19
M_030_A_XV,8.0,1985,11,20
M_030_A_XV,3.0,1985,11,21
M_030_A_XV,0.0,1985,11,22
M_030_A_XV,0.0,1985,11,23
M_030_A_XV,0.0,1985,11,24
M_030_A_XV,0.0,1985,11,25
M_030_A_XV,2.0,1985,11,26
M_030_A_XV,7.0,1985,11,27
M_030_A_XV,13.0,1985,11,28
M_030_A_XV,0.0,1985,11,29
M_030_A_XV,0.0,1985,11,30
M_030_A_XV,0.0,1985,12,1
M_030_A_XV,0.0,1985,12,2
M_030_A_XV,0.0,1985,12,3
M_030_A_XV,0.0,1985,12,4
M_030_A_XV,0.0,1985,12,5
M_030_A_XV,0.0,1985,12,6
M_030_A_XV,0.0,1985,12,7
M_030_A_XV,0.0,1985,12,8
M_030_A_XV,0.0,1985,12,9
M_030_A_XV,0.0,1985,12,10
M_030_A_XV,0.0,1985,12,11
M_030_A_XV,0.0,1985,12,12
M_030_A_XV,0.0,1985,12,13
M_030_A_XV,0.0,1985,12,14
M_030_A_XV,0.0,1985,12,15
M_030_A_XV,2.0,1985,12,16
M_030_A_XV,25.0,1985,12,17
M_030_A_XV,0.0,1985,12,18
M_030_A_XV,5.0,1985,12,19
M_030_A_XV,0.0,1985,12,20
M_030_A_XV,0.0,1985,12,21
M_030_A_XV,10.5,1985,12,22
M_030_A_XV,20.0,1985,12,23
M_030_A_XV,0.0,1985,12,24
M_030_A_XV,21.0,1985,12,25
M_030_A_XV,0.0,1985,12,26
M_030_A_XV,0.0,1985,12,27
M_030_A_XV,0.0,1985,12,28
M_030_A_XV,0.0,1985,12,29
M_030_A_XV,0.0,1985,12,30
M_030_A_XV,0.0,1985,12,31
M_030_A_XV,0.0,1986,1,1
M_030_A_XV,0.0,1986,1,2
M_030_A_XV,4.0,1986,1,3
M_030_A_XV,8.0,1986,1,4
M_030_A_XV,6.0,1986,1,5
M_030_A_XV,18.0,1986,1,6
M_030_A_XV,19.0,1986,1,7
M_030_A_XV,12.0,1986,1,8
M_030_A_XV,4.0,1986,1,9
M_030_A_XV,0.0,1986,1,10
M_030_A_XV,0.0,1986,1,11
M_030_A_XV,0.0,1986,1,12
M_030_A_XV,0.0,1986,1,13
M_030_A_XV,0.0,1986,1,14
M_030_A_XV,0.0,1986,1,15
M_030_A_XV,15.0,1986,1,16
M_030_A_XV,10.0,1986,1,17
M_030_A_XV,9.0,1986,1,18
M_030_A_XV,11.0,1986,1,19
M_030_A_XV,8.0,1986,1,20
M_030_A_XV,7.0,1986,1,21
M_030_A_XV,0.0,1986,1,22
M_030_A_XV,0.0,1986,1,23
M_030_A_XV,0.0,1986,1,24
M_030_A_XV,15.0,1986,1,25
M_030_A_XV,18.0,1986,1,26
M_030_A_XV,0.0,1986,1,27
M_030_A_XV,25.0,1986,1,28
M_030_A_XV,0.0,1986,1,29
M_030_A_XV,0.0,1986,1,30
M_030_A_XV,15.0,1986,1,31
M_030_A_XV,17.0,1986,2,1
M_030_A_XV,23.0,1986,2,2
M_030_A_XV,0.0,1986,2,3
M_030_A_XV,7.0,1986,2,4
M_030_A_XV,0.0,1986,2,5
M_030_A_XV,5.0,1986,2,6
M_030_A_XV,0.0,1986,2,7
M_030_A_XV,0.0,1986,2,8
M_030_A_XV,0.0,1986,2,9
M_030_A_XV,4.0,1986,2,10
M_030_A_XV,0.0,1986,2,11
M_030_A_XV,0.0,1986,2,12
M_030_A_XV,0.0,1986,2,13
M_030_A_XV,0.0,1986,2,14
M_030_A_XV,0.0,1986,2,15
M_030_A_XV,5.0,1986,2,16
M_030_A_XV,2.0,1986,2,17
M_030_A_XV,0.0,1986,2,18
M_030_A_XV,4.0,1986,2,19
M_030_A_XV,6.0,1986,2,20
M_030_A_XV,8.0,1986,2,21
M_030_A_XV,5.0,1986,2,22
M_030_A_XV,6.0,1986,2,23
M_030_A_XV,2.3,1986,2,24
M_030_A_XV,1.1,1986,2,25
M_030_A_XV,2.3,1986,2,26
M_030_A_XV,2.3,1986,2,27
M_030_A_XV,2.3,1986,2,28
M_030_A_XV,2.3,1986,3,1
M_030_A_XV,2.0,1986,3,2
M_030_A_XV,3.0,1986,3,3
M_030_A_XV,0.0,1986,3,4
M_030_A_XV,4.0,1986,3,5
M_030_A_XV,3.0,1986,3,6
M_030_A_XV,0.0,1986,3,7
M_030_A_XV,0.0,1986,3,8
M_030_A_XV,0.0,1986,3,9
M_030_A_XV,4.0,1986,3,10
M_030_A_XV,12.0,1986,3,11
M_030_A_XV,2.0,1986,3,12
M_030_A_XV,8.0,1986,3,13
M_030_A_XV,10.0,1986,3,14
M_030_A_XV,0.0,1986,3,15
M_030_A_XV,0.0,1986,3,16
M_030_A_XV,6.0,1986,3,17
M_030_A_XV,2.0,1986,3,18
M_030_A_XV,0.0,1986,3,19
M_030_A_XV,0.0,1986,3,20
M_030_A_XV,2.0,1986,3,21
M_030_A_XV,0.0,1986,3,22
M_030_A_XV,0.0,1986,3,23
M_030_A_XV,0.0,1986,3,24
M_030_A_XV,0.0,1986,3,25
M_030_A_XV,0.0,1986,3,26
M_030_A_XV,0.0,1986,3,27
M_030_A_XV,0.0,1986,3,28
M_030_A_XV,0.0,1986,3,29
M_030_A_XV,4.0,1986,3,30
M_030_A_XV,0.0,1986,3,31
M_030_A_XV,0.0,1986,4,1
M_030_A_XV,0.0,1986,4,2
M_030_A_XV,0.0,1986,4,3
M_030_A_XV,0.0,1986,4,4
M_030_A_XV,0.0,1986,4,5
M_030_A_XV,0.0,1986,4,6
M_030_A_XV,0.0,1986,4,7
M_030_A_XV,0.0,1986,4,8
M_030_A_XV,0.0,1986,4,9
M_030_A_XV,4.0,1986,4,10
M_030_A_XV,0.0,1986,4,11
M_030_A_XV,0.0,1986,4,12
M_030_A_XV,0.0,1986,4,13
M_030_A_XV,0.0,1986,4,14
M_030_A_XV,0.0,1986,4,15
M_030_A_XV,0.0,1986,4,16
M_030_A_XV,0.0,1986,4,17
M_030_A_XV,0.0,1986,4,18
M_030_A_XV,0.0,1986,4,19
M_030_A_XV,0.0,1986,4,20
M_030_A_XV,0.0,1986,4,21
M_030_A_XV,0.0,1986,4,22
M_030_A_XV,0.0,1986,4,23
M_030_A_XV,0.0,1986,4,24
M_030_A_XV,0.0,1986,4,25
M_030_A_XV,0.0,1986,4,26
M_030_A_XV,0.0,1986,4,27
M_030_A_XV,0.0,1986,4,28
M_030_A_XV,0.0,1986,4,29
M_030_A_XV,0.0,1986,4,30
M_030_A_XV,0.0,1986,5,1
M_030_A_XV,0.0,1986,5,2
M_030_A_XV,0.0,1986,5,3
M_030_A_XV,0.0,1986,5,4
M_030_A_XV,0.0,1986,5,5
M_030_A_XV,0.0,1986,5,6
M_030_A_XV,0.0,1986,5,7
M_030_A_XV,0.0,1986,5,8
M_030_A_XV,0.0,1986,5,9
M_030_A_XV,0.0,1986,5,10
M_030_A_XV,0.0,1986,5,11
M_030_A_XV,0.0,1986,5,12
M_030_A_XV,0.0,1986,5,13
M_030_A_XV,0.0,1986,5,14
M_030_A_XV,0.0,1986,5,15
M_030_A_XV,0.0,1986,5,16
M_030_A_XV,0.0,1986,5,17
M_030_A_XV,0.0,1986,5,18
M_030_A_XV,0.0,1986,5,19
M_030_A_XV,0.0,1986,5,20
M_030_A_XV,0.0,1986,5,21
M_030_A_XV,0.0,1986,5,22
M_030_A_XV,0.0,1986,5,23
M_030_A_XV,0.0,1986,5,24
M_030_A_XV,0.0,1986,5,25
M_030_A_XV,0.0,1986,5,26
M_030_A_XV,0.0,1986,5,27
M_030_A_XV,0.0,1986,5,28
M_030_A_XV,0.0,1986,5,29
M_030_A_XV,0.0,1986,5,30
M_030_A_XV,0.0,1986,5,31
M_030_A_XV,0.0,1986,6,1
M_030_A_XV,0.0,1986,6,2
M_030_A_XV,0.0,1986,6,3
M_030_A_XV,0.0,1986,6,4
M_030_A_XV,0.0,1986,6,5
M_030_A_XV,0.0,1986,6,6
M_030_A_XV,0.0,1986,6,7
M_030_A_XV,0.0,1986,6,8
M_030_A_XV,0.0,1986,6,9
M_030_A_XV,0.0,1986,6,10
M_030_A_XV,0.0,1986,6,11
M_030_A_XV,0.0,1986,6,12
M_030_A_XV,0.0,1986,6,13
M_030_A_XV,0.0,1986,6,14
M_030_A_XV,0.0,1986,6,15
M_030_A_XV,0.0,1986,6,16
M_030_A_XV,0.0,1986,6,17
M_030_A_XV,0.0,1986,6,18
M_030_A_XV,0.0,1986,6,19
M_030_A_XV,0.0,1986,6,20
M_030_A_XV,0.0,1986,6,21
M_030_A_XV,0.0,1986,6,22
M_030_A_XV,0.0,1986,6,23
M_030_A_XV,0.0,1986,6,24
M_030_A_XV,0.0,1986,6,25
M_030_A_XV,0.0,1986,6,26
M_030_A_XV,0.0,1986,6,27
M_030_A_XV,0.0,1986,6,28
M_030_A_XV,0.0,1986,6,29
M_030_A_XV,0.0,1986,6,30
M_030_A_XV,0.0,1986,7,1
M_030_A_XV,0.0,1986,7,2
M_030_A_XV,0.0,1986,7,3
M_030_A_XV,0.0,1986,7,4
M_030_A_XV,0.0,1986,7,5
M_030_A_XV,0.0,1986,7,6
M_030_A_XV,0.0,1986,7,7
M_030_A_XV,0.0,1986,7,8
M_030_A_XV,0.0,1986,7,9
M_030_A_XV,0.0,1986,7,10
M_030_A_XV,0.0,1986,7,11
M_030_A_XV,0.0,1986,7,12
M_030_A_XV,0.0,1986,7,13
M_030_A_XV,0.0,1986,7,14
M_030_A_XV,0.0,1986,7,15
M_030_A_XV,0.0,1986,7,16
M_030_A_XV,0.0,1986,7,17
M_030_A_XV,0.0,1986,7,18
M_030_A_XV,0.0,1986,7,19
M_030_A_XV,0.0,1986,7,20
M_030_A_XV,0.0,1986,7,21
M_030_A_XV,0.0,1986,7,22
M_030_A_XV,0.0,1986,7,23
M_030_A_XV,0.0,1986,7,24
M_030_A_XV,0.0,1986,7,25
M_030_A_XV,0.0,1986,7,26
M_030_A_XV,2.0,1986,7,27
M_030_A_XV,0.0,1986,7,28
M_030_A_XV,0.0,1986,7,29
M_030_A_XV,0.0,1986,7,30
M_030_A_XV,0.0,1986,7,31
M_030_A_XV,0.0,1986,8,1
M_030_A_XV,0.0,1986,8,2
M_030_A_XV,0.0,1986,8,3
M_030_A_XV,0.0,1986,8,4
M_030_A_XV,0.0,1986,8,5
M_030_A_XV,0.0,1986,8,6
M_030_A_XV,0.0,1986,8,7
M_030_A_XV,0.0,1986,8,8
M_030_A_XV,0.0,1986,8,9
M_030_A_XV,0.0,1986,8,10
M_030_A_XV,0.0,1986,8,11
M_030_A_XV,0.0,1986,8,12
M_030_A_XV,0.0,1986,8,13
M_030_A_XV,0.0,1986,8,14
M_030_A_XV,0.0,1986,8,15
M_030_A_XV,0.0,1986,8,16
M_030_A_XV,0.0,1986,8,17
M_030_A_XV,5.0,1986,8,18
M_030_A_XV,4.0,1986,8,19
M_030_A_XV,0.0,1986,8,20
M_030_A_XV,0.0,1986,8,21
M_030_A_XV,0.0,1986,8,22
M_030_A_XV,0.0,1986,8,23
M_030_A_XV,0.0,1986,8,24
M_030_A_XV,0.0,1986,8,25
M_030_A_XV,0.0,1986,8,26
M_030_A_XV,0.0,1986,8,27
M_030_A_XV,0.0,1986,8,28
M_030_A_XV,0.0,1986,8,29
M_030_A_XV,0.0,1986,8,30
M_030_A_XV,0.0,1986,8,31
M_030_A_XV,0.0,1986,9,1
M_030_A_XV,0.0,1986,9,2
M_030_A_XV,0.0,1986,9,3
M_030_A_XV,0.0,1986,9,4
M_030_A_XV,0.0,1986,9,5
M_030_A_XV,0.0,1986,9,6
M_030_A_XV,0.0,1986,9,7
M_030_A_XV,0.0,1986,9,8
M_030_A_XV,0.0,1986,9,9
M_030_A_XV,0.0,1986,9,10
M_030_A_XV,0.0,1986,9,11
M_030_A_XV,0.0,1986,9,12
M_030_A_XV,0.0,1986,9,13
M_030_A_XV,0.0,1986,9,14
M_030_A_XV,0.0,1986,9,15
M_030_A_XV,0.0,1986,9,16
M_030_A_XV,0.0,1986,9,17
M_030_A_XV,0.0,1986,9,18
M_030_A_XV,0.0,1986,9,19
M_030_A_XV,0.0,1986,9,20
M_030_A_XV,0.0,1986,9,21
M_030_A_XV,0.0,1986,9,22
M_030_A_XV,0.0,1986,9,23
M_030_A_XV,0.0,1986,9,24
M_030_A_XV,0.0,1986,9,25
M_030_A_XV,0.0,1986,9,26
M_030_A_XV,0.0,1986,9,27
M_030_A_XV,0.0,1986,9,28
M_030_A_XV,0.0,1986,9,29
M_030_A_XV,0.0,1986,9,30
M_030_A_XV,0.0,1986,10,1
M_030_A_XV,0.0,1986,10,2
M_030_A_XV,0.0,1986,10,3
M_030_A_XV,0.0,1986,10,4
M_030_A_XV,0.0,1986,10,5
M_030_A_XV,0.0,1986,10,6
M_030_A_XV,0.0,1986,10,7
M_030_A_XV,0.0,1986,10,8
M_030_A_XV,0.0,1986,10,9
M_030_A_XV,0.0,1986,10,10
M_030_A_XV,0.0,1986,10,11
M_030_A_XV,0.0,1986,10,12
M_030_A_XV,0.0,1986,10,13
M_030_A_XV,0.0,1986,10,14
M_030_A_XV,0.0,1986,10,15
M_030_A_XV,0.0,1986,10,16
M_030_A_XV,0.0,1986,10,17
M_030_A_XV,0.0,1986,10,18
M_030_A_XV,0.0,1986,10,19
M_030_A_XV,0.0,1986,10,20
M_030_A_XV,0.0,1986,10,21
M_030_A_XV,0.0,1986,10,22
M_030_A_XV,0.0,1986,10,23
M_030_A_XV,0.0,1986,10,24
M_030_A_XV,0.0,1986,10,25
M_030_A_XV,0.0,1986,10,26
M_030_A_XV,0.0,1986,10,27
M_030_A_XV,0.0,1986,10,28
M_030_A_XV,0.0,1986,10,29
M_030_A_XV,0.0,1986,10,30
M_030_A_XV,0.0,1986,10,31
M_030_A_XV,0.0,1986,11,1
M_030_A_XV,0.0,1986,11,2
M_030_A_XV,0.0,1986,11,3
M_030_A_XV,0.0,1986,11,4
M_030_A_XV,0.0,1986,11,5
M_030_A_XV,4.0,1986,11,6
M_030_A_XV,0.0,1986,11,7
M_030_A_XV,0.0,1986,11,8
M_030_A_XV,0.0,1986,11,9
M_030_A_XV,0.0,1986,11,10
M_030_A_XV,0.0,1986,11,11
M_030_A_XV,0.0,1986,11,12
M_030_A_XV,0.0,1986,11,13
M_030_A_XV,0.0,1986,11,14
M_030_A_XV,0.0,1986,11,15
M_030_A_XV,0.0,1986,11,16
M_030_A_XV,0.0,1986,11,17
M_030_A_XV,0.0,1986,11,18
M_030_A_XV,3.0,1986,11,19
M_030_A_XV,0.0,1986,11,20
M_030_A_XV,0.0,1986,11,21
M_030_A_XV,0.0,1986,11,22
M_030_A_XV,0.0,1986,11,23
M_030_A_XV,0.0,1986,11,24
M_030_A_XV,0.0,1986,11,25
M_030_A_XV,0.0,1986,11,26
M_030_A_XV,0.0,1986,11,27
M_030_A_XV,0.0,1986,11,28
M_030_A_XV,0.0,1986,11,29
M_030_A_XV,0.0,1986,11,30
M_030_A_XV,0.0,1986,12,1
M_030_A_XV,3.0,1986,12,2
M_030_A_XV,2.0,1986,12,3
M_030_A_XV,0.0,1986,12,4
M_030_A_XV,2.0,1986,12,5
M_030_A_XV,0.0,1986,12,6
M_030_A_XV,2.0,1986,12,7
M_030_A_XV,0.0,1986,12,8
M_030_A_XV,5.0,1986,12,9
M_030_A_XV,3.0,1986,12,10
M_030_A_XV,2.0,1986,12,11
M_030_A_XV,1.0,1986,12,12
M_030_A_XV,0.0,1986,12,13
M_030_A_XV,0.0,1986,12,14
M_030_A_XV,0.0,1986,12,15
M_030_A_XV,0.0,1986,12,16
M_030_A_XV,0.0,1986,12,17
M_030_A_XV,0.0,1986,12,18
M_030_A_XV,4.0,1986,12,19
M_030_A_XV,6.0,1986,12,20
M_030_A_XV,3.0,1986,12,21
M_030_A_XV,0.0,1986,12,22
M_030_A_XV,0.0,1986,12,23
M_030_A_XV,4.0,1986,12,24
M_030_A_XV,4.0,1986,12,25
M_030_A_XV,5.0,1986,12,26
M_030_A_XV,5.0,1986,12,27
M_030_A_XV,5.0,1986,12,28
M_030_A_XV,3.0,1986,12,29
M_030_A_XV,2.0,1986,12,30
M_030_A_XV,2.0,1986,12,31
M_030_A_XV,3.0,1987,1,1
M_030_A_XV,2.0,1987,1,2
M_030_A_XV,3.0,1987,1,3
M_030_A_XV,3.0,1987,1,4
M_030_A_XV,6.0,1987,1,5
M_030_A_XV,0.0,1987,1,6
M_030_A_XV,0.0,1987,1,7
M_030_A_XV,0.0,1987,1,8
M_030_A_XV,0.0,1987,1,9
M_030_A_XV,0.0,1987,1,10
M_030_A_XV,0.0,1987,1,11
M_030_A_XV,0.0,1987,1,12
M_030_A_XV,0.0,1987,1,13
M_030_A_XV,5.0,1987,1,14
M_030_A_XV,6.0,1987,1,15
M_030_A_XV,8.0,1987,1,16
M_030_A_XV,9.0,1987,1,17
M_030_A_XV,12.0,1987,1,18
M_030_A_XV,13.0,1987,1,19
M_030_A_XV,19.0,1987,1,20
M_030_A_XV,0.0,1987,1,21
M_030_A_XV,0.0,1987,1,22
M_030_A_XV,2.0,1987,1,23
M_030_A_XV,6.0,1987,1,24
M_030_A_XV,0.0,1987,1,25
M_030_A_XV,6.0,1987,1,26
M_030_A_XV,5.0,1987,1,27
M_030_A_XV,7.0,1987,1,28
M_030_A_XV,0.0,1987,1,29
M_030_A_XV,0.0,1987,1,30
M_030_A_XV,0.0,1987,1,31
M_030_A_XV,0.0,1987,2,1
M_030_A_XV,0.0,1987,2,2
M_030_A_XV,0.0,1987,2,3
M_030_A_XV,0.0,1987,2,4
M_030_A_XV,0.0,1987,2,5
M_030_A_XV,0.0,1987,2,6
M_030_A_XV,0.0,1987,2,7
M_030_A_XV,5.0,1987,2,8
M_030_A_XV,4.0,1987,2,9
M_030_A_XV,0.0,1987,2,10
M_030_A_XV,10.0,1987,2,11
M_030_A_XV,17.0,1987,2,12
M_030_A_XV,8.0,1987,2,13
M_030_A_XV,3.0,1987,2,14
M_030_A_XV,0.0,1987,2,15
M_030_A_XV,0.0,1987,2,16
M_030_A_XV,0.0,1987,2,17
M_030_A_XV,0.0,1987,2,18
M_030_A_XV,0.0,1987,2,19
M_030_A_XV,0.0,1987,2,20
M_030_A_XV,0.0,1987,2,21
M_030_A_XV,0.0,1987,2,22
M_030_A_XV,0.0,1987,2,23
M_030_A_XV,0.0,1987,2,24
M_030_A_XV,0.0,1987,2,25
M_030_A_XV,3.0,1987,2,26
M_030_A_XV,2.0,1987,2,27
M_030_A_XV,12.0,1987,2,28
M_030_A_XV,8.0,1987,3,1
M_030_A_XV,0.0,1987,3,2
M_030_A_XV,0.0,1987,3,3
M_030_A_XV,0.0,1987,3,4
M_030_A_XV,0.0,1987,3,5
M_030_A_XV,0.0,1987,3,6
M_030_A_XV,0.0,1987,3,7
M_030_A_XV,0.0,1987,3,8
M_030_A_XV,0.0,1987,3,9
M_030_A_XV,0.0,1987,3,10
M_030_A_XV,0.0,1987,3,11
M_030_A_XV,0.0,1987,3,12
M_030_A_XV,0.0,1987,3,13
M_030_A_XV,0.0,1987,3,14
M_030_A_XV,0.0,1987,3,15
M_030_A_XV,0.0,1987,3,16
M_030_A_XV,0.0,1987,3,17
M_030_A_XV,0.0,1987,3,18
M_030_A_XV,0.0,1987,3,19
M_030_A_XV,0.0,1987,3,20
M_030_A_XV,0.0,1987,3,21
M_030_A_XV,0.0,1987,3,22
M_030_A_XV,0.0,1987,3,23
M_030_A_XV,0.0,1987,3,24
M_030_A_XV,0.0,1987,3,25
M_030_A_XV,0.0,1987,3,26
M_030_A_XV,0.0,1987,3,27
M_030_A_XV,0.0,1987,3,28
M_030_A_XV,0.0,1987,3,29
M_030_A_XV,0.0,1987,3,30
M_030_A_XV,0.0,1987,3,31
M_030_A_XV,0.0,1987,4,1
M_030_A_XV,0.0,1987,4,2
M_030_A_XV,0.0,1987,4,3
M_030_A_XV,0.0,1987,4,4
M_030_A_XV,0.0,1987,4,5
M_030_A_XV,0.0,1987,4,6
M_030_A_XV,0.0,1987,4,7
M_030_A_XV,0.0,1987,4,8
M_030_A_XV,0.0,1987,4,9
M_030_A_XV,0.0,1987,4,10
M_030_A_XV,0.0,1987,4,11
M_030_A_XV,0.0,1987,4,12
M_030_A_XV,0.0,1987,4,13
M_030_A_XV,0.0,1987,4,14
M_030_A_XV,0.0,1987,4,15
M_030_A_XV,0.0,1987,4,16
M_030_A_XV,0.0,1987,4,17
M_030_A_XV,0.0,1987,4,18
M_030_A_XV,0.0,1987,4,19
M_030_A_XV,0.0,1987,4,20
M_030_A_XV,0.0,1987,4,21
M_030_A_XV,0.0,1987,4,22
M_030_A_XV,0.0,1987,4,23
M_030_A_XV,0.0,1987,4,24
M_030_A_XV,0.0,1987,4,25
M_030_A_XV,0.0,1987,4,26
M_030_A_XV,0.0,1987,4,27
M_030_A_XV,0.0,1987,4,28
M_030_A_XV,0.0,1987,4,29
M_030_A_XV,0.0,1987,4,30
M_030_A_XV,0.0,1987,5,1
M_030_A_XV,0.0,1987,5,2
M_030_A_XV,0.0,1987,5,3
M_030_A_XV,0.0,1987,5,4
M_030_A_XV,0.0,1987,5,5
M_030_A_XV,0.0,1987,5,6
M_030_A_XV,0.0,1987,5,7
M_030_A_XV,0.0,1987,5,8
M_030_A_XV,0.0,1987,5,9
M_030_A_XV,0.0,1987,5,10
M_030_A_XV,0.0,1987,5,11
M_030_A_XV,0.0,1987,5,12
M_030_A_XV,0.0,1987,5,13
M_030_A_XV,0.0,1987,5,14
M_030_A_XV,0.0,1987,5,15
M_030_A_XV,0.0,1987,5,16
M_030_A_XV,0.0,1987,5,17
M_030_A_XV,0.0,1987,5,18
M_030_A_XV,0.0,1987,5,19
M_030_A_XV,0.0,1987,5,20
M_030_A_XV,0.0,1987,5,21
M_030_A_XV,0.0,1987,5,22
M_030_A_XV,0.0,1987,5,23
M_030_A_XV,0.0,1987,5,24
M_030_A_XV,0.0,1987,5,25
M_030_A_XV,0.0,1987,5,26
M_030_A_XV,0.0,1987,5,27
M_030_A_XV,0.0,1987,5,28
M_030_A_XV,0.0,1987,5,29
M_030_A_XV,6.0,1987,5,30
M_030_A_XV,0.0,1987,5,31
M_030_A_XV,0.0,1987,6,1
M_030_A_XV,0.0,1987,6,2
M_030_A_XV,0.0,1987,6,3
M_030_A_XV,0.0,1987,6,4
M_030_A_XV,0.0,1987,6,5
M_030_A_XV,0.0,1987,6,6
M_030_A_XV,0.0,1987,6,7
M_030_A_XV,0.0,1987,6,8
M_030_A_XV,0.0,1987,6,9
M_030_A_XV,0.0,1987,6,10
M_030_A_XV,0.0,1987,6,11
M_030_A_XV,0.0,1987,6,12
M_030_A_XV,0.0,1987,6,13
M_030_A_XV,0.0,1987,6,14
M_030_A_XV,0.0,1987,6,15
M_030_A_XV,0.0,1987,6,16
M_030_A_XV,0.0,1987,6,17
M_030_A_XV,2.0,1987,6,18
M_030_A_XV,0.0,1987,6,19
M_030_A_XV,0.0,1987,6,20
M_030_A_XV,0.0,1987,6,21
M_030_A_XV,0.0,1987,6,22
M_030_A_XV,0.0,1987,6,23
M_030_A_XV,0.0,1987,6,24
M_030_A_XV,0.0,1987,6,25
M_030_A_XV,0.0,1987,6,26
M_030_A_XV,0.0,1987,6,27
M_030_A_XV,0.0,1987,6,28
M_030_A_XV,2.0,1987,6,29
M_030_A_XV,3.0,1987,6,30
M_030_A_XV,8.0,1987,7,1
M_030_A_XV,32.0,1987,7,2
M_030_A_XV,25.0,1987,7,3
M_030_A_XV,20.0,1987,7,4
M_030_A_XV,10.0,1987,7,5
M_030_A_XV,8.0,1987,7,6
M_030_A_XV,5.0,1987,7,7
M_030_A_XV,0.0,1987,7,8
M_030_A_XV,0.0,1987,7,9
M_030_A_XV,0.0,1987,7,10
M_030_A_XV,0.0,1987,7,11
M_030_A_XV,0.0,1987,7,12
M_030_A_XV,0.0,1987,7,13
M_030_A_XV,0.0,1987,7,14
M_030_A_XV,0.0,1987,7,15
M_030_A_XV,0.0,1987,7,16
M_030_A_XV,0.0,1987,7,17
M_030_A_XV,0.0,1987,7,18
M_030_A_XV,0.0,1987,7,19
M_030_A_XV,0.0,1987,7,20
M_030_A_XV,0.0,1987,7,21
M_030_A_XV,0.0,1987,7,22
M_030_A_XV,0.0,1987,7,23
M_030_A_XV,0.0,1987,7,24
M_030_A_XV,0.0,1987,7,25
M_030_A_XV,0.0,1987,7,26
M_030_A_XV,0.0,1987,7,27
M_030_A_XV,0.0,1987,7,28
M_030_A_XV,0.0,1987,7,29
M_030_A_XV,0.0,1987,7,30
M_030_A_XV,0.0,1987,7,31
M_030_A_XV,0.0,1987,8,1
M_030_A_XV,0.0,1987,8,2
M_030_A_XV,0.0,1987,8,3
M_030_A_XV,0.0,1987,8,4
M_030_A_XV,0.0,1987,8,5
M_030_A_XV,0.0,1987,8,6
M_030_A_XV,0.0,1987,8,7
M_030_A_XV,0.0,1987,8,8
M_030_A_XV,0.0,1987,8,9
M_030_A_XV,0.0,1987,8,10
M_030_A_XV,0.0,1987,8,11
M_030_A_XV,0.0,1987,8,12
M_030_A_XV,0.0,1987,8,13
M_030_A_XV,0.0,1987,8,14
M_030_A_XV,0.0,1987,8,15
M_030_A_XV,0.0,1987,8,16
M_030_A_XV,0.0,1987,8,17
M_030_A_XV,0.0,1987,8,18
M_030_A_XV,0.0,1987,8,19
M_030_A_XV,0.0,1987,8,20
M_030_A_XV,0.0,1987,8,21
M_030_A_XV,0.0,1987,8,22
M_030_A_XV,0.0,1987,8,23
M_030_A_XV,0.0,1987,8,24
M_030_A_XV,0.0,1987,8,25
M_030_A_XV,0.0,1987,8,26
M_030_A_XV,0.0,1987,8,27
M_030_A_XV,0.0,1987,8,28
M_030_A_XV,0.0,1987,8,29
M_030_A_XV,0.0,1987,8,30
M_030_A_XV,0.0,1987,8,31
M_030_A_XV,0.0,1987,9,1
M_030_A_XV,0.0,1987,9,2
M_030_A_XV,0.0,1987,9,3
M_030_A_XV,0.0,1987,9,4
M_030_A_XV,0.0,1987,9,5
M_030_A_XV,0.0,1987,9,6
M_030_A_XV,0.0,1987,9,7
M_030_A_XV,0.0,1987,9,8
M_030_A_XV,0.0,1987,9,9
M_030_A_XV,0.0,1987,9,10
M_030_A_XV,0.0,1987,9,11
M_030_A_XV,0.0,1987,9,12
M_030_A_XV,0.0,1987,9,13
M_030_A_XV,0.0,1987,9,14
M_030_A_XV,0.0,1987,9,15
M_030_A_XV,0.0,1987,9,16
M_030_A_XV,0.0,1987,9,17
M_030_A_XV,0.0,1987,9,18
M_030_A_XV,0.0,1987,9,19
M_030_A_XV,0.0,1987,9,20
M_030_A_XV,0.0,1987,9,21
M_030_A_XV,0.0,1987,9,22
M_030_A_XV,0.0,1987,9,23
M_030_A_XV,0.0,1987,9,24
M_030_A_XV,0.0,1987,9,25
M_030_A_XV,0.0,1987,9,26
M_030_A_XV,0.0,1987,9,27
M_030_A_XV,0.0,1987,9,28
M_030_A_XV,0.0,1987,9,29
M_030_A_XV,0.0,1987,9,30
M_030_A_XV,0.0,1987,10,1
M_030_A_XV,0.0,1987,10,2
M_030_A_XV,0.0,1987,10,3
M_030_A_XV,0.0,1987,10,4
M_030_A_XV,0.0,1987,10,5
M_030_A_XV,0.0,1987,10,6
M_030_A_XV,0.0,1987,10,7
M_030_A_XV,0.0,1987,10,8
M_030_A_XV,0.0,1987,10,9
M_030_A_XV,0.0,1987,10,10
M_030_A_XV,0.0,1987,10,11
M_030_A_XV,0.0,1987,10,12
M_030_A_XV,0.0,1987,10,13
M_030_A_XV,0.0,1987,10,14
M_030_A_XV,0.0,1987,10,15
M_030_A_XV,0.0,1987,10,16
M_030_A_XV,0.0,1987,10,17
M_030_A_XV,6.0,1987,10,18
M_030_A_XV,0.0,1987,10,19
M_030_A_XV,0.0,1987,10,20
M_030_A_XV,0.0,1987,10,21
M_030_A_XV,0.0,1987,10,22
M_030_A_XV,0.0,1987,10,23
M_030_A_XV,0.0,1987,10,24
M_030_A_XV,0.0,1987,10,25
M_030_A_XV,0.0,1987,10,26
M_030_A_XV,0.0,1987,10,27
M_030_A_XV,0.0,1987,10,28
M_030_A_XV,0.0,1987,10,29
M_030_A_XV,0.0,1987,10,30
M_030_A_XV,0.0,1987,10,31
M_030_A_XV,0.0,1987,11,1
M_030_A_XV,0.0,1987,11,2
M_030_A_XV,0.0,1987,11,3
M_030_A_XV,0.0,1987,11,4
M_030_A_XV,0.0,1987,11,5
M_030_A_XV,0.0,1987,11,6
M_030_A_XV,0.0,1987,11,7
M_030_A_XV,0.0,1987,11,8
M_030_A_XV,0.0,1987,11,9
M_030_A_XV,0.0,1987,11,10
M_030_A_XV,0.0,1987,11,11
M_030_A_XV,0.0,1987,11,12
M_030_A_XV,0.0,1987,11,13
M_030_A_XV,0.0,1987,11,14
M_030_A_XV,0.0,1987,11,15
M_030_A_XV,0.0,1987,11,16
M_030_A_XV,0.0,1987,11,17
M_030_A_XV,0.0,1987,11,18
M_030_A_XV,0.0,1987,11,19
M_030_A_XV,0.0,1987,11,20
M_030_A_XV,0.0,1987,11,21
M_030_A_XV,0.0,1987,11,22
M_030_A_XV,0.0,1987,11,23
M_030_A_XV,0.0,1987,11,24
M_030_A_XV,0.0,1987,11,25
M_030_A_XV,0.0,1987,11,26
M_030_A_XV,5.0,1987,11,27
M_030_A_XV,0.0,1987,11,28
M_030_A_XV,0.0,1987,11,29
M_030_A_XV,0.0,1987,11,30
M_030_A_XV,0.0,1987,12,1
M_030_A_XV,0.0,1987,12,2
M_030_A_XV,0.0,1987,12,3
M_030_A_XV,0.0,1987,12,4
M_030_A_XV,0.0,1987,12,5
M_030_A_XV,0.0,1987,12,6
M_030_A_XV,0.0,1987,12,7
M_030_A_XV,0.0,1987,12,8
M_030_A_XV,0.0,1987,12,9
M_030_A_XV,0.0,1987,12,10
M_030_A_XV,0.0,1987,12,11
M_030_A_XV,0.0,1987,12,12
M_030_A_XV,0.0,1987,12,13
M_030_A_XV,0.0,1987,12,14
M_030_A_XV,0.0,1987,12,15
M_030_A_XV,0.0,1987,12,16
M_030_A_XV,0.0,1987,12,17
M_030_A_XV,0.0,1987,12,18
M_030_A_XV,0.0,1987,12,19
M_030_A_XV,0.0,1987,12,20
M_030_A_XV,0.0,1987,12,21
M_030_A_XV,0.0,1987,12,22
M_030_A_XV,0.0,1987,12,23
M_030_A_XV,0.0,1987,12,24
M_030_A_XV,0.0,1987,12,25
M_030_A_XV,0.0,1987,12,26
M_030_A_XV,0.0,1987,12,27
M_030_A_XV,0.0,1987,12,28
M_030_A_XV,0.0,1987,12,29
M_030_A_XV,0.0,1987,12,30
M_030_A_XV,0.0,1987,12,31
M_030_A_XV,0.0,1988,1,1
M_030_A_XV,0.0,1988,1,2
M_030_A_XV,0.0,1988,1,3
M_030_A_XV,0.0,1988,1,4
M_030_A_XV,0.0,1988,1,5
M_030_A_XV,0.0,1988,1,6
M_030_A_XV,0.0,1988,1,7
M_030_A_XV,0.0,1988,1,8
M_030_A_XV,0.0,1988,1,9
M_030_A_XV,0.0,1988,1,10
M_030_A_XV,0.0,1988,1,11
M_030_A_XV,0.0,1988,1,12
M_030_A_XV,4.0,1988,1,13
M_030_A_XV,6.0,1988,1,14
M_030_A_XV,7.0,1988,1,15
M_030_A_XV,3.0,1988,1,16
M_030_A_XV,5.0,1988,1,17
M_030_A_XV,4.0,1988,1,18
M_030_A_XV,6.0,1988,1,19
M_030_A_XV,3.0,1988,1,20
M_030_A_XV,7.0,1988,1,21
M_030_A_XV,5.0,1988,1,22
M_030_A_XV,10.0,1988,1,23
M_030_A_XV,9.0,1988,1,24
M_030_A_XV,10.0,1988,1,25
M_030_A_XV,12.0,1988,1,26
M_030_A_XV,10.0,1988,1,27
M_030_A_XV,7.0,1988,1,28
M_030_A_XV,4.0,1988,1,29
M_030_A_XV,8.0,1988,1,30
M_030_A_XV,0.0,1988,1,31
M_030_A_XV,0.0,1988,2,1
M_030_A_XV,0.0,1988,2,2
M_030_A_XV,0.0,1988,2,3
M_030_A_XV,0.0,1988,2,4
M_030_A_XV,0.0,1988,2,5
M_030_A_XV,0.0,1988,2,6
M_030_A_XV,0.0,1988,2,7
M_030_A_XV,0.0,1988,2,8
M_030_A_XV,0.0,1988,2,9
M_030_A_XV,0.0,1988,2,10
M_030_A_XV,0.0,1988,2,11
M_030_A_XV,0.0,1988,2,12
M_030_A_XV,0.0,1988,2,13
M_030_A_XV,0.0,1988,2,14
M_030_A_XV,0.0,1988,2,15
M_030_A_XV,0.0,1988,2,16
M_030_A_XV,0.0,1988,2,17
M_030_A_XV,0.0,1988,2,18
M_030_A_XV,0.0,1988,2,19
M_030_A_XV,0.0,1988,2,20
M_030_A_XV,0.0,1988,2,21
M_030_A_XV,0.0,1988,2,22
M_030_A_XV,0.0,1988,2,23
M_030_A_XV,0.0,1988,2,24
M_030_A_XV,0.0,1988,2,25
M_030_A_XV,0.0,1988,2,26
M_030_A_XV,0.0,1988,2,27
M_030_A_XV,0.0,1988,2,28
M_030_A_XV,0.0,1988,2,29
M_030_A_XV,0.0,1988,3,1
M_030_A_XV,0.0,1988,3,2
M_030_A_XV,0.0,1988,3,3
M_030_A_XV,0.0,1988,3,4
M_030_A_XV,0.0,1988,3,5
M_030_A_XV,0.0,1988,3,6
M_030_A_XV,3.0,1988,3,7
M_030_A_XV,0.0,1988,3,8
M_030_A_XV,0.0,1988,3,9
M_030_A_XV,0.0,1988,3,10
M_030_A_XV,0.0,1988,3,11
M_030_A_XV,4.0,1988,3,12
M_030_A_XV,2.0,1988,3,13
M_030_A_XV,0.0,1988,3,14
M_030_A_XV,0.0,1988,3,15
M_030_A_XV,0.0,1988,3,16
M_030_A_XV,5.0,1988,3,17
M_030_A_XV,0.0,1988,3,18
M_030_A_XV,0.0,1988,3,19
M_030_A_XV,0.0,1988,3,20
M_030_A_XV,0.0,1988,3,21
M_030_A_XV,0.0,1988,3,22
M_030_A_XV,0.0,1988,3,23
M_030_A_XV,0.0,1988,3,24
M_030_A_XV,0.0,1988,3,25
M_030_A_XV,0.0,1988,3,26
M_030_A_XV,0.0,1988,3,27
M_030_A_XV,0.0,1988,3,28
M_030_A_XV,0.0,1988,3,29
M_030_A_XV,3.0,1988,3,30
M_030_A_XV,0.0,1988,3,31
M_030_A_XV,5.0,1988,4,1
M_030_A_XV,0.0,1988,4,2
M_030_A_XV,0.0,1988,4,3
M_030_A_XV,0.0,1988,4,4
M_030_A_XV,0.0,1988,4,5
M_030_A_XV,0.0,1988,4,6
M_030_A_XV,0.0,1988,4,7
M_030_A_XV,12.0,1988,4,8
M_030_A_XV,0.0,1988,4,9
M_030_A_XV,0.0,1988,4,10
M_030_A_XV,4.0,1988,4,11
M_030_A_XV,0.0,1988,4,12
M_030_A_XV,0.0,1988,4,13
M_030_A_XV,0.0,1988,4,14
M_030_A_XV,0.0,1988,4,15
M_030_A_XV,0.0,1988,4,16
M_030_A_XV,0.0,1988,4,17
M_030_A_XV,0.0,1988,4,18
M_030_A_XV,0.0,1988,4,19
M_030_A_XV,0.0,1988,4,20
M_030_A_XV,0.0,1988,4,21
M_030_A_XV,0.0,1988,4,22
M_030_A_XV,0.0,1988,4,23
M_030_A_XV,0.0,1988,4,24
M_030_A_XV,2.0,1988,4,25
M_030_A_XV,0.0,1988,4,26
M_030_A_XV,0.0,1988,4,27
M_030_A_XV,0.0,1988,4,28
M_030_A_XV,0.0,1988,4,29
M_030_A_XV,0.0,1988,4,30
M_030_A_XV,0.0,1988,5,1
M_030_A_XV,0.0,1988,5,2
M_030_A_XV,0.0,1988,5,3
M_030_A_XV,0.0,1988,5,4
M_030_A_XV,0.0,1988,5,5
M_030_A_XV,0.0,1988,5,6
M_030_A_XV,0.0,1988,5,7
M_030_A_XV,0.0,1988,5,8
M_030_A_XV,0.0,1988,5,9
M_030_A_XV,0.0,1988,5,10
M_030_A_XV,0.0,1988,5,11
M_030_A_XV,0.0,1988,5,12
M_030_A_XV,0.0,1988,5,13
M_030_A_XV,0.0,1988,5,14
M_030_A_XV,0.0,1988,5,15
M_030_A_XV,0.0,1988,5,16
M_030_A_XV,0.0,1988,5,17
M_030_A_XV,0.0,1988,5,18
M_030_A_XV,0.0,1988,5,19
M_030_A_XV,0.0,1988,5,20
M_030_A_XV,0.0,1988,5,21
M_030_A_XV,0.0,1988,5,22
M_030_A_XV,0.0,1988,5,23
M_030_A_XV,0.0,1988,5,24
M_030_A_XV,0.0,1988,5,25
M_030_A_XV,0.0,1988,5,26
M_030_A_XV,0.0,1988,5,27
M_030_A_XV,0.0,1988,5,28
M_030_A_XV,0.0,1988,5,29
M_030_A_XV,0.0,1988,5,30
M_030_A_XV,0.0,1988,5,31
M_030_A_XV,0.0,1988,6,1
M_030_A_XV,0.0,1988,6,2
M_030_A_XV,0.0,1988,6,3
M_030_A_XV,0.0,1988,6,4
M_030_A_XV,0.0,1988,6,5
M_030_A_XV,0.0,1988,6,6
M_030_A_XV,0.0,1988,6,7
M_030_A_XV,0.0,1988,6,8
M_030_A_XV,0.0,1988,6,9
M_030_A_XV,0.0,1988,6,10
M_030_A_XV,0.0,1988,6,11
M_030_A_XV,0.0,1988,6,12
M_030_A_XV,0.0,1988,6,13
M_030_A_XV,0.0,1988,6,14
M_030_A_XV,0.0,1988,6,15
M_030_A_XV,0.0,1988,6,16
M_030_A_XV,0.0,1988,6,17
M_030_A_XV,0.0,1988,6,18
M_030_A_XV,0.0,1988,6,19
M_030_A_XV,0.0,1988,6,20
M_030_A_XV,0.0,1988,6,21
M_030_A_XV,0.0,1988,6,22
M_030_A_XV,0.0,1988,6,23
M_030_A_XV,0.0,1988,6,24
M_030_A_XV,0.0,1988,6,25
M_030_A_XV,0.0,1988,6,26
M_030_A_XV,0.0,1988,6,27
M_030_A_XV,0.0,1988,6,28
M_030_A_XV,0.0,1988,6,29
M_030_A_XV,0.0,1988,6,30
M_030_A_XV,0.0,1988,7,1
M_030_A_XV,0.0,1988,7,2
M_030_A_XV,0.0,1988,7,3
M_030_A_XV,0.0,1988,7,4
M_030_A_XV,0.0,1988,7,5
M_030_A_XV,0.0,1988,7,6
M_030_A_XV,0.0,1988,7,7
M_030_A_XV,0.0,1988,7,8
M_030_A_XV,0.0,1988,7,9
M_030_A_XV,0.0,1988,7,10
M_030_A_XV,0.0,1988,7,11
M_030_A_XV,0.0,1988,7,12
M_030_A_XV,0.0,1988,7,13
M_030_A_XV,0.0,1988,7,14
M_030_A_XV,0.0,1988,7,15
M_030_A_XV,0.0,1988,7,16
M_030_A_XV,0.0,1988,7,17
M_030_A_XV,0.0,1988,7,18
M_030_A_XV,0.0,1988,7,19
M_030_A_XV,0.0,1988,7,20
M_030_A_XV,0.0,1988,7,21
M_030_A_XV,0.0,1988,7,22
M_030_A_XV,0.0,1988,7,23
M_030_A_XV,0.0,1988,7,24
M_030_A_XV,0.0,1988,7,25
M_030_A_XV,0.0,1988,7,26
M_030_A_XV,0.0,1988,7,27
M_030_A_XV,0.0,1988,7,28
M_030_A_XV,0.0,1988,7,29
M_030_A_XV,0.0,1988,7,30
M_030_A_XV,0.0,1988,7,31
M_030_A_XV,0.0,1988,8,1
M_030_A_XV,0.0,1988,8,2
M_030_A_XV,0.0,1988,8,3
M_030_A_XV,0.0,1988,8,4
M_030_A_XV,0.0,1988,8,5
M_030_A_XV,0.0,1988,8,6
M_030_A_XV,0.0,1988,8,7
M_030_A_XV,0.0,1988,8,8
M_030_A_XV,0.0,1988,8,9
M_030_A_XV,0.0,1988,8,10
M_030_A_XV,0.0,1988,8,11
M_030_A_XV,0.0,1988,8,12
M_030_A_XV,0.0,1988,8,13
M_030_A_XV,0.0,1988,8,14
M_030_A_XV,0.0,1988,8,15
M_030_A_XV,0.0,1988,8,16
M_030_A_XV,0.0,1988,8,17
M_030_A_XV,0.0,1988,8,18
M_030_A_XV,0.0,1988,8,19
M_030_A_XV,0.0,1988,8,20
M_030_A_XV,0.0,1988,8,21
M_030_A_XV,0.0,1988,8,22
M_030_A_XV,0.0,1988,8,23
M_030_A_XV,0.0,1988,8,24
M_030_A_XV,0.0,1988,8,25
M_030_A_XV,0.0,1988,8,26
M_030_A_XV,0.0,1988,8,27
M_030_A_XV,0.0,1988,8,28
M_030_A_XV,0.0,1988,8,29
M_030_A_XV,0.0,1988,8,30
M_030_A_XV,0.0,1988,8,31
M_030_A_XV,0.0,1988,9,1
M_030_A_XV,0.0,1988,9,2
M_030_A_XV,0.0,1988,9,3
M_030_A_XV,0.0,1988,9,4
M_030_A_XV,0.0,1988,9,5
M_030_A_XV,0.0,1988,9,6
M_030_A_XV,0.0,1988,9,7
M_030_A_XV,0.0,1988,9,8
M_030_A_XV,0.0,1988,9,9
M_030_A_XV,0.0,1988,9,10
M_030_A_XV,0.0,1988,9,11
M_030_A_XV,0.0,1988,9,12
M_030_A_XV,0.0,1988,9,13
M_030_A_XV,0.0,1988,9,14
M_030_A_XV,2.0,1988,9,15
M_030_A_XV,0.0,1988,9,16
M_030_A_XV,0.0,1988,9,17
M_030_A_XV,0.0,1988,9,18
M_030_A_XV,0.0,1988,9,19
M_030_A_XV,0.0,1988,9,20
M_030_A_XV,0.0,1988,9,21
M_030_A_XV,0.0,1988,9,22
M_030_A_XV,0.0,1988,9,23
M_030_A_XV,0.0,1988,9,24
M_030_A_XV,0.0,1988,9,25
M_030_A_XV,0.0,1988,9,26
M_030_A_XV,0.0,1988,9,27
M_030_A_XV,0.0,1988,9,28
M_030_A_XV,0.0,1988,9,29
M_030_A_XV,0.0,1988,9,30
M_030_A_XV,0.0,1988,10,1
M_030_A_XV,0.0,1988,10,2
M_030_A_XV,0.0,1988,10,3
M_030_A_XV,0.0,1988,10,4
M_030_A_XV,0.0,1988,10,5
M_030_A_XV,0.0,1988,10,6
M_030_A_XV,0.0,1988,10,7
M_030_A_XV,0.0,1988,10,8
M_030_A_XV,0.0,1988,10,9
M_030_A_XV,0.0,1988,10,10
M_030_A_XV,0.0,1988,10,11
M_030_A_XV,0.0,1988,10,12
M_030_A_XV,0.0,1988,10,13
M_030_A_XV,0.0,1988,10,14
M_030_A_XV,0.0,1988,10,15
M_030_A_XV,0.0,1988,10,16
M_030_A_XV,0.0,1988,10,17
M_030_A_XV,0.0,1988,10,18
M_030_A_XV,0.0,1988,10,19
M_030_A_XV,0.0,1988,10,20
M_030_A_XV,0.0,1988,10,21
M_030_A_XV,0.0,1988,10,22
M_030_A_XV,0.0,1988,10,23
M_030_A_XV,0.0,1988,10,24
M_030_A_XV,0.0,1988,10,25
M_030_A_XV,0.0,1988,10,26
M_030_A_XV,0.0,1988,10,27
M_030_A_XV,0.0,1988,10,28
M_030_A_XV,0.0,1988,10,29
M_030_A_XV,0.0,1988,10,30
M_030_A_XV,0.0,1988,10,31
M_030_A_XV,0.0,1988,11,1
M_030_A_XV,0.0,1988,11,2
M_030_A_XV,0.0,1988,11,3
M_030_A_XV,0.0,1988,11,4
M_030_A_XV,0.0,1988,11,5
M_030_A_XV,0.0,1988,11,6
M_030_A_XV,0.0,1988,11,7
M_030_A_XV,0.0,1988,11,8
M_030_A_XV,0.0,1988,11,9
M_030_A_XV,0.0,1988,11,10
M_030_A_XV,0.0,1988,11,11
M_030_A_XV,0.0,1988,11,12
M_030_A_XV,0.0,1988,11,13
M_030_A_XV,0.0,1988,11,14
M_030_A_XV,0.0,1988,11,15
M_030_A_XV,0.0,1988,11,16
M_030_A_XV,0.0,1988,11,17
M_030_A_XV,0.0,1988,11,18
M_030_A_XV,0.0,1988,11,19
M_030_A_XV,0.0,1988,11,20
M_030_A_XV,0.0,1988,11,21
M_030_A_XV,0.0,1988,11,22
M_030_A_XV,0.0,1988,11,23
M_030_A_XV,0.0,1988,11,24
M_030_A_XV,0.0,1988,11,25
M_030_A_XV,0.0,1988,11,26
M_030_A_XV,0.0,1988,11,27
M_030_A_XV,0.0,1988,11,28
M_030_A_XV,0.0,1988,11,29
M_030_A_XV,0.0,1988,11,30
M_030_A_XV,0.0,1988,12,1
M_030_A_XV,0.0,1988,12,2
M_030_A_XV,0.0,1988,12,3
M_030_A_XV,10.5,1988,12,4
M_030_A_XV,5.0,1988,12,5
M_030_A_XV,0.0,1988,12,6
M_030_A_XV,0.0,1988,12,7
M_030_A_XV,0.0,1988,12,8
M_030_A_XV,0.0,1988,12,9
M_030_A_XV,0.0,1988,12,10
M_030_A_XV,0.0,1988,12,11
M_030_A_XV,0.0,1988,12,12
M_030_A_XV,0.0,1988,12,13
M_030_A_XV,0.0,1988,12,14
M_030_A_XV,2.0,1988,12,15
M_030_A_XV,0.0,1988,12,16
M_030_A_XV,0.0,1988,12,17
M_030_A_XV,0.0,1988,12,18
M_030_A_XV,4.0,1988,12,19
M_030_A_XV,4.0,1988,12,20
M_030_A_XV,0.0,1988,12,21
M_030_A_XV,3.0,1988,12,22
M_030_A_XV,0.0,1988,12,23
M_030_A_XV,0.0,1988,12,24
M_030_A_XV,0.0,1988,12,25
M_030_A_XV,0.0,1988,12,26
M_030_A_XV,0.0,1988,12,27
M_030_A_XV,3.0,1988,12,28
M_030_A_XV,0.0,1988,12,29
M_030_A_XV,0.0,1988,12,30
M_030_A_XV,0.0,1988,12,31
M_030_A_XV,0.0,1989,1,1
M_030_A_XV,8.0,1989,1,2
M_030_A_XV,12.0,1989,1,3
M_030_A_XV,8.0,1989,1,4
M_030_A_XV,0.0,1989,1,5
M_030_A_XV,0.0,1989,1,6
M_030_A_XV,0.0,1989,1,7
M_030_A_XV,0.0,1989,1,8
M_030_A_XV,0.0,1989,1,9
M_030_A_XV,12.0,1989,1,10
M_030_A_XV,8.0,1989,1,11
M_030_A_XV,10.0,1989,1,12
M_030_A_XV,8.0,1989,1,13
M_030_A_XV,0.0,1989,1,14
M_030_A_XV,0.0,1989,1,15
M_030_A_XV,0.0,1989,1,16
M_030_A_XV,0.0,1989,1,17
M_030_A_XV,0.0,1989,1,18
M_030_A_XV,0.0,1989,1,19
M_030_A_XV,0.0,1989,1,20
M_030_A_XV,0.0,1989,1,21
M_030_A_XV,0.0,1989,1,22
M_030_A_XV,0.0,1989,1,23
M_030_A_XV,0.0,1989,1,24
M_030_A_XV,0.0,1989,1,25
M_030_A_XV,15.0,1989,1,26
M_030_A_XV,7.0,1989,1,27
M_030_A_XV,0.0,1989,1,28
M_030_A_XV,8.0,1989,1,29
M_030_A_XV,8.0,1989,1,30
M_030_A_XV,0.8,1989,1,31
M_030_A_XV,20.0,1989,2,1
M_030_A_XV,22.0,1989,2,2
M_030_A_XV,21.0,1989,2,3
M_030_A_XV,12.0,1989,2,4
M_030_A_XV,10.0,1989,2,5
M_030_A_XV,12.0,1989,2,6
M_030_A_XV,0.6,1989,2,7
M_030_A_XV,0.4,1989,2,8
M_030_A_XV,25.0,1989,2,9
M_030_A_XV,15.0,1989,2,10
M_030_A_XV,0.8,1989,2,11
M_030_A_XV,0.4,1989,2,12
M_030_A_XV,0.0,1989,2,13
M_030_A_XV,0.5,1989,2,14
M_030_A_XV,0.0,1989,2,15
M_030_A_XV,0.0,1989,2,16
M_030_A_XV,0.1,1989,2,17
M_030_A_XV,0.5,1989,2,18
M_030_A_XV,0.6,1989,2,19
M_030_A_XV,0.3,1989,2,20
M_030_A_XV,0.0,1989,2,21
M_030_A_XV,0.0,1989,2,22
M_030_A_XV,0.0,1989,2,23
M_030_A_XV,0.0,1989,2,24
M_030_A_XV,0.0,1989,2,25
M_030_A_XV,0.0,1989,2,26
M_030_A_XV,0.0,1989,2,27
M_030_A_XV,0.0,1989,2,28
M_030_A_XV,0.0,1989,3,1
M_030_A_XV,0.0,1989,3,2
M_030_A_XV,0.0,1989,3,3
M_030_A_XV,0.0,1989,3,4
M_030_A_XV,0.0,1989,3,5
M_030_A_XV,0.0,1989,3,6
M_030_A_XV,0.0,1989,3,7
M_030_A_XV,0.5,1989,3,8
M_030_A_XV,0.0,1989,3,9
M_030_A_XV,0.0,1989,3,10
M_030_A_XV,0.0,1989,3,11
M_030_A_XV,0.3,1989,3,12
M_030_A_XV,0.2,1989,3,13
M_030_A_XV,0.0,1989,3,14
M_030_A_XV,0.0,1989,3,15
M_030_A_XV,0.0,1989,3,16
M_030_A_XV,0.0,1989,3,17
M_030_A_XV,0.0,1989,3,18
M_030_A_XV,0.0,1989,3,19
M_030_A_XV,0.0,1989,3,20
M_030_A_XV,0.0,1989,3,21
M_030_A_XV,0.0,1989,3,22
M_030_A_XV,0.0,1989,3,23
M_030_A_XV,0.2,1989,3,24
M_030_A_XV,0.0,1989,3,25
M_030_A_XV,0.0,1989,3,26
M_030_A_XV,15.0,1989,3,27
M_030_A_XV,0.5,1989,3,28
M_030_A_XV,0.0,1989,3,29
M_030_A_XV,0.4,1989,3,30
M_030_A_XV,0.3,1989,3,31
M_030_A_XV,10.0,1989,4,1
M_030_A_XV,0.2,1989,4,2
M_030_A_XV,0.0,1989,4,3
M_030_A_XV,0.0,1989,4,4
M_030_A_XV,0.3,1989,4,5
M_030_A_XV,0.3,1989,4,6
M_030_A_XV,0.0,1989,4,7
M_030_A_XV,0.0,1989,4,8
M_030_A_XV,0.0,1989,4,9
M_030_A_XV,0.0,1989,4,10
M_030_A_XV,0.0,1989,4,11
M_030_A_XV,0.0,1989,4,12
M_030_A_XV,0.0,1989,4,13
M_030_A_XV,0.0,1989,4,14
M_030_A_XV,0.0,1989,4,15
M_030_A_XV,0.0,1989,4,16
M_030_A_XV,2.0,1989,4,17
M_030_A_XV,0.0,1989,4,18
M_030_A_XV,0.0,1989,4,19
M_030_A_XV,0.0,1989,4,20
M_030_A_XV,0.0,1989,4,21
M_030_A_XV,0.0,1989,4,22
M_030_A_XV,0.0,1989,4,23
M_030_A_XV,0.0,1989,4,24
M_030_A_XV,0.0,1989,4,25
M_030_A_XV,0.0,1989,4,26
M_030_A_XV,0.0,1989,4,27
M_030_A_XV,0.0,1989,4,28
M_030_A_XV,0.0,1989,4,29
M_030_A_XV,0.0,1989,4,30
M_030_A_XV,0.0,1989,5,1
M_030_A_XV,0.0,1989,5,2
M_030_A_XV,0.0,1989,5,3
M_030_A_XV,0.0,1989,5,4
M_030_A_XV,0.0,1989,5,5
M_030_A_XV,0.0,1989,5,6
M_030_A_XV,0.0,1989,5,7
M_030_A_XV,0.0,1989,5,8
M_030_A_XV,0.0,1989,5,9
M_030_A_XV,0.0,1989,5,10
M_030_A_XV,0.0,1989,5,11
M_030_A_XV,0.0,1989,5,12
M_030_A_XV,0.0,1989,5,13
M_030_A_XV,0.0,1989,5,14
M_030_A_XV,0.0,1989,5,15
M_030_A_XV,0.0,1989,5,16
M_030_A_XV,0.0,1989,5,17
M_030_A_XV,0.0,1989,5,18
M_030_A_XV,0.0,1989,5,19
M_030_A_XV,0.0,1989,5,20
M_030_A_XV,0.0,1989,5,21
M_030_A_XV,0.0,1989,5,22
M_030_A_XV,0.0,1989,5,23
M_030_A_XV,0.0,1989,5,24
M_030_A_XV,0.0,1989,5,25
M_030_A_XV,0.0,1989,5,26
M_030_A_XV,0.0,1989,5,27
M_030_A_XV,0.0,1989,5,28
M_030_A_XV,0.0,1989,5,29
M_030_A_XV,0.0,1989,5,30
M_030_A_XV,0.0,1989,5,31
M_030_A_XV,0.0,1989,6,1
M_030_A_XV,0.0,1989,6,2
M_030_A_XV,0.0,1989,6,3
M_030_A_XV,0.0,1989,6,4
M_030_A_XV,0.0,1989,6,5
M_030_A_XV,0.0,1989,6,6
M_030_A_XV,0.0,1989,6,7
M_030_A_XV,0.0,1989,6,8
M_030_A_XV,0.0,1989,6,9
M_030_A_XV,0.0,1989,6,10
M_030_A_XV,0.0,1989,6,11
M_030_A_XV,0.0,1989,6,12
M_030_A_XV,0.0,1989,6,13
M_030_A_XV,0.0,1989,6,14
M_030_A_XV,0.0,1989,6,15
M_030_A_XV,0.0,1989,6,16
M_030_A_XV,0.0,1989,6,17
M_030_A_XV,0.0,1989,6,18
M_030_A_XV,6.0,1989,6,19
M_030_A_XV,0.0,1989,6,20
M_030_A_XV,0.0,1989,6,21
M_030_A_XV,0.0,1989,6,22
M_030_A_XV,0.0,1989,6,23
M_030_A_XV,0.0,1989,6,24
M_030_A_XV,0.0,1989,6,25
M_030_A_XV,0.0,1989,6,26
M_030_A_XV,0.0,1989,6,27
M_030_A_XV,0.0,1989,6,28
M_030_A_XV,0.0,1989,6,29
M_030_A_XV,0.0,1989,6,30
M_030_A_XV,0.0,1989,7,1
M_030_A_XV,0.0,1989,7,2
M_030_A_XV,0.0,1989,7,3
M_030_A_XV,0.0,1989,7,4
M_030_A_XV,0.0,1989,7,5
M_030_A_XV,0.0,1989,7,6
M_030_A_XV,0.0,1989,7,7
M_030_A_XV,0.0,1989,7,8
M_030_A_XV,0.0,1989,7,9
M_030_A_XV,0.0,1989,7,10
M_030_A_XV,0.0,1989,7,11
M_030_A_XV,0.0,1989,7,12
M_030_A_XV,0.0,1989,7,13
M_030_A_XV,0.0,1989,7,14
M_030_A_XV,0.2,1989,7,15
M_030_A_XV,0.0,1989,7,16
M_030_A_XV,0.0,1989,7,17
M_030_A_XV,0.0,1989,7,18
M_030_A_XV,0.0,1989,7,19
M_030_A_XV,0.0,1989,7,20
M_030_A_XV,0.0,1989,7,21
M_030_A_XV,0.0,1989,7,22
M_030_A_XV,0.0,1989,7,23
M_030_A_XV,0.0,1989,7,24
M_030_A_XV,0.0,1989,7,25
M_030_A_XV,0.0,1989,7,26
M_030_A_XV,0.0,1989,7,27
M_030_A_XV,0.0,1989,7,28
M_030_A_XV,0.0,1989,7,29
M_030_A_XV,0.0,1989,7,30
M_030_A_XV,0.0,1989,7,31
M_030_A_XV,0.0,1989,8,1
M_030_A_XV,0.0,1989,8,2
M_030_A_XV,0.0,1989,8,3
M_030_A_XV,0.0,1989,8,4
M_030_A_XV,0.0,1989,8,5
M_030_A_XV,0.0,1989,8,6
M_030_A_XV,0.0,1989,8,7
M_030_A_XV,0.0,1989,8,8
M_030_A_XV,0.0,1989,8,9
M_030_A_XV,0.0,1989,8,10
M_030_A_XV,0.0,1989,8,11
M_030_A_XV,0.0,1989,8,12
M_030_A_XV,0.0,1989,8,13
M_030_A_XV,0.0,1989,8,14
M_030_A_XV,0.0,1989,8,15
M_030_A_XV,0.0,1989,8,16
M_030_A_XV,0.0,1989,8,17
M_030_A_XV,0.0,1989,8,18
M_030_A_XV,0.0,1989,8,19
M_030_A_XV,0.0,1989,8,20
M_030_A_XV,0.0,1989,8,21
M_030_A_XV,0.0,1989,8,22
M_030_A_XV,0.0,1989,8,23
M_030_A_XV,0.0,1989,8,24
M_030_A_XV,0.0,1989,8,25
M_030_A_XV,0.0,1989,8,26
M_030_A_XV,0.0,1989,8,27
M_030_A_XV,0.0,1989,8,28
M_030_A_XV,0.0,1989,8,29
M_030_A_XV,0.0,1989,8,30
M_030_A_XV,0.0,1989,8,31
M_030_A_XV,0.0,1989,9,1
M_030_A_XV,0.0,1989,9,2
M_030_A_XV,0.0,1989,9,3
M_030_A_XV,0.0,1989,9,4
M_030_A_XV,0.0,1989,9,5
M_030_A_XV,0.0,1989,9,6
M_030_A_XV,0.0,1989,9,7
M_030_A_XV,0.0,1989,9,8
M_030_A_XV,0.0,1989,9,9
M_030_A_XV,0.0,1989,9,10
M_030_A_XV,0.0,1989,9,11
M_030_A_XV,0.0,1989,9,12
M_030_A_XV,0.0,1989,9,13
M_030_A_XV,0.0,1989,9,14
M_030_A_XV,0.0,1989,9,15
M_030_A_XV,0.0,1989,9,16
M_030_A_XV,0.0,1989,9,17
M_030_A_XV,0.0,1989,9,18
M_030_A_XV,0.0,1989,9,19
M_030_A_XV,0.0,1989,9,20
M_030_A_XV,0.0,1989,9,21
M_030_A_XV,0.0,1989,9,22
M_030_A_XV,0.0,1989,9,23
M_030_A_XV,0.0,1989,9,24
M_030_A_XV,0.0,1989,9,25
M_030_A_XV,0.0,1989,9,26
M_030_A_XV,0.0,1989,9,27
M_030_A_XV,0.0,1989,9,28
M_030_A_XV,0.0,1989,9,29
M_030_A_XV,0.0,1989,9,30
M_030_A_XV,0.0,1989,10,1
M_030_A_XV,0.0,1989,10,2
M_030_A_XV,0.0,1989,10,3
M_030_A_XV,0.0,1989,10,4
M_030_A_XV,0.0,1989,10,5
M_030_A_XV,0.0,1989,10,6
M_030_A_XV,0.0,1989,10,7
M_030_A_XV,0.0,1989,10,8
M_030_A_XV,0.0,1989,10,9
M_030_A_XV,0.0,1989,10,10
M_030_A_XV,0.0,1989,10,11
M_030_A_XV,0.0,1989,10,12
M_030_A_XV,0.0,1989,10,13
M_030_A_XV,0.0,1989,10,14
M_030_A_XV,0.0,1989,10,15
M_030_A_XV,0.0,1989,10,16
M_030_A_XV,0.0,1989,10,17
M_030_A_XV,0.0,1989,10,18
M_030_A_XV,0.0,1989,10,19
M_030_A_XV,0.0,1989,10,20
M_030_A_XV,0.0,1989,10,21
M_030_A_XV,0.0,1989,10,22
M_030_A_XV,0.0,1989,10,23
M_030_A_XV,0.0,1989,10,24
M_030_A_XV,0.0,1989,10,25
M_030_A_XV,0.0,1989,10,26
M_030_A_XV,0.0,1989,10,27
M_030_A_XV,0.0,1989,10,28
M_030_A_XV,0.0,1989,10,29
M_030_A_XV,0.0,1989,10,30
M_030_A_XV,0.0,1989,10,31
M_030_A_XV,0.0,1989,11,1
M_030_A_XV,0.0,1989,11,2
M_030_A_XV,0.0,1989,11,3
M_030_A_XV,0.0,1989,11,4
M_030_A_XV,0.0,1989,11,5
M_030_A_XV,0.0,1989,11,6
M_030_A_XV,0.0,1989,11,7
M_030_A_XV,0.0,1989,11,8
M_030_A_XV,0.0,1989,11,9
M_030_A_XV,0.0,1989,11,10
M_030_A_XV,0.0,1989,11,11
M_030_A_XV,0.0,1989,11,12
M_030_A_XV,0.0,1989,11,13
M_030_A_XV,0.0,1989,11,14
M_030_A_XV,0.0,1989,11,15
M_030_A_XV,0.0,1989,11,16
M_030_A_XV,0.0,1989,11,17
M_030_A_XV,0.0,1989,11,18
M_030_A_XV,0.0,1989,11,19
M_030_A_XV,0.0,1989,11,20
M_030_A_XV,0.0,1989,11,21
M_030_A_XV,0.0,1989,11,22
M_030_A_XV,0.0,1989,11,23
M_030_A_XV,0.0,1989,11,24
M_030_A_XV,0.0,1989,11,25
M_030_A_XV,0.0,1989,11,26
M_030_A_XV,0.0,1989,11,27
M_030_A_XV,0.0,1989,11,28
M_030_A_XV,0.0,1989,11,29
M_030_A_XV,0.0,1989,11,30
M_030_A_XV,0.0,1989,12,1
M_030_A_XV,0.0,1989,12,2
M_030_A_XV,0.0,1989,12,3
M_030_A_XV,0.0,1989,12,4
M_030_A_XV,0.0,1989,12,5
M_030_A_XV,0.0,1989,12,6
M_030_A_XV,0.0,1989,12,7
M_030_A_XV,0.0,1989,12,8
M_030_A_XV,0.0,1989,12,9
M_030_A_XV,0.0,1989,12,10
M_030_A_XV,0.0,1989,12,11
M_030_A_XV,0.0,1989,12,12
M_030_A_XV,0.0,1989,12,13
M_030_A_XV,0.0,1989,12,14
M_030_A_XV,0.0,1989,12,15
M_030_A_XV,0.0,1989,12,16
M_030_A_XV,0.0,1989,12,17
M_030_A_XV,0.0,1989,12,18
M_030_A_XV,0.0,1989,12,19
M_030_A_XV,0.0,1989,12,20
M_030_A_XV,0.0,1989,12,21
M_030_A_XV,0.0,1989,12,22
M_030_A_XV,0.0,1989,12,23
M_030_A_XV,0.0,1989,12,24
M_030_A_XV,0.0,1989,12,25
M_030_A_XV,0.0,1989,12,26
M_030_A_XV,0.0,1989,12,27
M_030_A_XV,0.0,1989,12,28
M_030_A_XV,0.0,1989,12,29
M_030_A_XV,0.0,1989,12,30
M_030_A_XV,0.0,1989,12,31
M_030_A_XV,0.0,1990,1,1
M_030_A_XV,0.0,1990,1,2
M_030_A_XV,1.3,1990,1,3
M_030_A_XV,0.0,1990,1,4
M_030_A_XV,6.3,1990,1,5
M_030_A_XV,3.2,1990,1,6
M_030_A_XV,0.0,1990,1,7
M_030_A_XV,0.0,1990,1,8
M_030_A_XV,0.0,1990,1,9
M_030_A_XV,0.0,1990,1,10
M_030_A_XV,0.0,1990,1,11
M_030_A_XV,0.0,1990,1,12
M_030_A_XV,1.3,1990,1,13
M_030_A_XV,0.6,1990,1,14
M_030_A_XV,0.0,1990,1,15
M_030_A_XV,1.3,1990,1,16
M_030_A_XV,0.0,1990,1,17
M_030_A_XV,1.3,1990,1,18
M_030_A_XV,0.0,1990,1,19
M_030_A_XV,3.8,1990,1,20
M_030_A_XV,11.3,1990,1,21
M_030_A_XV,1.3,1990,1,22
M_030_A_XV,0.0,1990,1,23
M_030_A_XV,7.6,1990,1,24
M_030_A_XV,6.9,1990,1,25
M_030_A_XV,1.9,1990,1,26
M_030_A_XV,0.0,1990,1,27
M_030_A_XV,0.0,1990,1,28
M_030_A_XV,0.0,1990,1,29
M_030_A_XV,0.0,1990,1,30
M_030_A_XV,0.0,1990,1,31
M_030_A_XV,0.0,1990,2,1
M_030_A_XV,0.0,1990,2,2
M_030_A_XV,0.0,1990,2,3
M_030_A_XV,0.0,1990,2,4
M_030_A_XV,0.0,1990,2,5
M_030_A_XV,0.0,1990,2,6
M_030_A_XV,0.0,1990,2,7
M_030_A_XV,0.0,1990,2,8
M_030_A_XV,0.0,1990,2,9
M_030_A_XV,0.0,1990,2,10
M_030_A_XV,0.0,1990,2,11
M_030_A_XV,0.0,1990,2,12
M_030_A_XV,0.0,1990,2,13
M_030_A_XV,0.0,1990,2,14
M_030_A_XV,0.0,1990,2,15
M_030_A_XV,1.0,1990,2,16
M_030_A_XV,22.0,1990,2,17
M_030_A_XV,14.0,1990,2,18
M_030_A_XV,5.0,1990,2,19
M_030_A_XV,0.0,1990,2,20
M_030_A_XV,0.0,1990,2,21
M_030_A_XV,0.0,1990,2,22
M_030_A_XV,0.0,1990,2,23
M_030_A_XV,0.0,1990,2,24
M_030_A_XV,0.0,1990,2,25
M_030_A_XV,0.0,1990,2,26
M_030_A_XV,0.0,1990,2,27
M_030_A_XV,0.0,1990,2,28
M_030_A_XV,0.0,1990,3,1
M_030_A_XV,0.0,1990,3,2
M_030_A_XV,0.0,1990,3,3
M_030_A_XV,7.0,1990,3,4
M_030_A_XV,14.0,1990,3,5
M_030_A_XV,16.0,1990,3,6
M_030_A_XV,12.0,1990,3,7
M_030_A_XV,14.0,1990,3,8
M_030_A_XV,9.0,1990,3,9
M_030_A_XV,3.0,1990,3,10
M_030_A_XV,0.0,1990,3,11
M_030_A_XV,0.0,1990,3,12
M_030_A_XV,0.0,1990,3,13
M_030_A_XV,0.0,1990,3,14
M_030_A_XV,0.0,1990,3,15
M_030_A_XV,6.0,1990,3,16
M_030_A_XV,2.0,1990,3,17
M_030_A_XV,0.0,1990,3,18
M_030_A_XV,0.0,1990,3,19
M_030_A_XV,0.0,1990,3,20
M_030_A_XV,0.0,1990,3,21
M_030_A_XV,0.0,1990,3,22
M_030_A_XV,0.0,1990,3,23
M_030_A_XV,0.0,1990,3,24
M_030_A_XV,0.0,1990,3,25
M_030_A_XV,0.0,1990,3,26
M_030_A_XV,0.0,1990,3,27
M_030_A_XV,0.0,1990,3,28
M_030_A_XV,0.0,1990,3,29
M_030_A_XV,0.0,1990,3,30
M_030_A_XV,0.0,1990,3,31
M_030_A_XV,10.0,1990,4,1
M_030_A_XV,8.0,1990,4,2
M_030_A_XV,4.0,1990,4,3
M_030_A_XV,0.0,1990,4,4
M_030_A_XV,0.0,1990,4,5
M_030_A_XV,0.0,1990,4,6
M_030_A_XV,0.0,1990,4,7
M_030_A_XV,0.0,1990,4,8
M_030_A_XV,3.0,1990,4,9
M_030_A_XV,0.0,1990,4,10
M_030_A_XV,0.0,1990,4,11
M_030_A_XV,0.0,1990,4,12
M_030_A_XV,0.0,1990,4,13
M_030_A_XV,0.0,1990,4,14
M_030_A_XV,0.0,1990,4,15
M_030_A_XV,0.0,1990,4,16
M_030_A_XV,0.0,1990,4,17
M_030_A_XV,0.0,1990,4,18
M_030_A_XV,0.0,1990,4,19
M_030_A_XV,0.0,1990,4,20
M_030_A_XV,0.0,1990,4,21
M_030_A_XV,0.0,1990,4,22
M_030_A_XV,0.0,1990,4,23
M_030_A_XV,0.0,1990,4,24
M_030_A_XV,0.0,1990,4,25
M_030_A_XV,0.0,1990,4,26
M_030_A_XV,0.0,1990,4,27
M_030_A_XV,0.0,1990,4,28
M_030_A_XV,0.0,1990,4,29
M_030_A_XV,0.0,1990,4,30
M_030_A_XV,0.0,1990,5,1
M_030_A_XV,0.0,1990,5,2
M_030_A_XV,0.0,1990,5,3
M_030_A_XV,0.0,1990,5,4
M_030_A_XV,0.0,1990,5,5
M_030_A_XV,0.0,1990,5,6
M_030_A_XV,0.0,1990,5,7
M_030_A_XV,0.0,1990,5,8
M_030_A_XV,0.0,1990,5,9
M_030_A_XV,0.0,1990,5,10
M_030_A_XV,0.0,1990,5,11
M_030_A_XV,0.0,1990,5,12
M_030_A_XV,0.0,1990,5,13
M_030_A_XV,0.0,1990,5,14
M_030_A_XV,2.0,1990,5,15
M_030_A_XV,0.0,1990,5,16
M_030_A_XV,0.0,1990,5,17
M_030_A_XV,15.0,1990,5,18
M_030_A_XV,0.0,1990,5,19
M_030_A_XV,0.0,1990,5,20
M_030_A_XV,0.0,1990,5,21
M_030_A_XV,0.0,1990,5,22
M_030_A_XV,0.0,1990,5,23
M_030_A_XV,0.0,1990,5,24
M_030_A_XV,0.0,1990,5,25
M_030_A_XV,0.0,1990,5,26
M_030_A_XV,0.0,1990,5,27
M_030_A_XV,0.0,1990,5,28
M_030_A_XV,0.0,1990,5,29
M_030_A_XV,0.0,1990,5,30
M_030_A_XV,0.0,1990,5,31
M_030_A_XV,4.0,1990,6,1
M_030_A_XV,0.0,1990,6,2
M_030_A_XV,0.0,1990,6,3
M_030_A_XV,0.0,1990,6,4
M_030_A_XV,0.0,1990,6,5
M_030_A_XV,0.0,1990,6,6
M_030_A_XV,0.0,1990,6,7
M_030_A_XV,4.0,1990,6,8
M_030_A_XV,5.0,1990,6,9
M_030_A_XV,7.0,1990,6,10
M_030_A_XV,0.0,1990,6,11
M_030_A_XV,0.0,1990,6,12
M_030_A_XV,0.0,1990,6,13
M_030_A_XV,0.0,1990,6,14
M_030_A_XV,0.0,1990,6,15
M_030_A_XV,0.0,1990,6,16
M_030_A_XV,0.0,1990,6,17
M_030_A_XV,0.0,1990,6,18
M_030_A_XV,0.0,1990,6,19
M_030_A_XV,0.0,1990,6,20
M_030_A_XV,0.0,1990,6,21
M_030_A_XV,0.0,1990,6,22
M_030_A_XV,0.0,1990,6,23
M_030_A_XV,0.0,1990,6,24
M_030_A_XV,0.0,1990,6,25
M_030_A_XV,0.0,1990,6,26
M_030_A_XV,0.0,1990,6,27
M_030_A_XV,0.0,1990,6,28
M_030_A_XV,0.0,1990,6,29
M_030_A_XV,0.0,1990,6,30
M_030_A_XV,0.0,1990,7,1
M_030_A_XV,0.0,1990,7,2
M_030_A_XV,0.0,1990,7,3
M_030_A_XV,0.0,1990,7,4
M_030_A_XV,0.0,1990,7,5
M_030_A_XV,0.0,1990,7,6
M_030_A_XV,0.0,1990,7,7
M_030_A_XV,0.0,1990,7,8
M_030_A_XV,0.0,1990,7,9
M_030_A_XV,0.0,1990,7,10
M_030_A_XV,0.0,1990,7,11
M_030_A_XV,0.0,1990,7,12
M_030_A_XV,0.0,1990,7,13
M_030_A_XV,0.0,1990,7,14
M_030_A_XV,0.0,1990,7,15
M_030_A_XV,0.0,1990,7,16
M_030_A_XV,0.0,1990,7,17
M_030_A_XV,0.0,1990,7,18
M_030_A_XV,0.0,1990,7,19
M_030_A_XV,0.0,1990,7,20
M_030_A_XV,0.0,1990,7,21
M_030_A_XV,0.0,1990,7,22
M_030_A_XV,0.0,1990,7,23
M_030_A_XV,0.0,1990,7,24
M_030_A_XV,0.0,1990,7,25
M_030_A_XV,0.0,1990,7,26
M_030_A_XV,0.0,1990,7,27
M_030_A_XV,0.0,1990,7,28
M_030_A_XV,0.0,1990,7,29
M_030_A_XV,0.0,1990,7,30
M_030_A_XV,0.0,1990,7,31
M_030_A_XV,0.0,1990,8,1
M_030_A_XV,0.0,1990,8,2
M_030_A_XV,0.0,1990,8,3
M_030_A_XV,0.0,1990,8,4
M_030_A_XV,0.0,1990,8,5
M_030_A_XV,0.0,1990,8,6
M_030_A_XV,0.0,1990,8,7
M_030_A_XV,0.0,1990,8,8
M_030_A_XV,0.0,1990,8,9
M_030_A_XV,0.0,1990,8,10
M_030_A_XV,0.0,1990,8,11
M_030_A_XV,0.0,1990,8,12
M_030_A_XV,0.0,1990,8,13
M_030_A_XV,0.0,1990,8,14
M_030_A_XV,0.0,1990,8,15
M_030_A_XV,0.0,1990,8,16
M_030_A_XV,0.0,1990,8,17
M_030_A_XV,0.0,1990,8,18
M_030_A_XV,0.0,1990,8,19
M_030_A_XV,0.0,1990,8,20
M_030_A_XV,0.0,1990,8,21
M_030_A_XV,0.0,1990,8,22
M_030_A_XV,0.0,1990,8,23
M_030_A_XV,0.0,1990,8,24
M_030_A_XV,0.0,1990,8,25
M_030_A_XV,0.0,1990,8,26
M_030_A_XV,0.0,1990,8,27
M_030_A_XV,0.0,1990,8,28
M_030_A_XV,0.0,1990,8,29
M_030_A_XV,0.0,1990,8,30
M_030_A_XV,0.0,1990,8,31
M_030_A_XV,0.0,1990,9,1
M_030_A_XV,0.0,1990,9,2
M_030_A_XV,0.0,1990,9,3
M_030_A_XV,0.0,1990,9,4
M_030_A_XV,0.0,1990,9,5
M_030_A_XV,0.0,1990,9,6
M_030_A_XV,0.0,1990,9,7
M_030_A_XV,0.0,1990,9,8
M_030_A_XV,0.0,1990,9,9
M_030_A_XV,0.0,1990,9,10
M_030_A_XV,0.0,1990,9,11
M_030_A_XV,0.0,1990,9,12
M_030_A_XV,0.0,1990,9,13
M_030_A_XV,0.0,1990,9,14
M_030_A_XV,0.0,1990,9,15
M_030_A_XV,0.0,1990,9,16
M_030_A_XV,0.0,1990,9,17
M_030_A_XV,0.0,1990,9,18
M_030_A_XV,0.0,1990,9,19
M_030_A_XV,0.0,1990,9,20
M_030_A_XV,0.0,1990,9,21
M_030_A_XV,0.0,1990,9,22
M_030_A_XV,0.0,1990,9,23
M_030_A_XV,0.0,1990,9,24
M_030_A_XV,0.0,1990,9,25
M_030_A_XV,0.0,1990,9,26
M_030_A_XV,0.0,1990,9,27
M_030_A_XV,0.0,1990,9,28
M_030_A_XV,0.0,1990,9,29
M_030_A_XV,0.0,1990,9,30
M_030_A_XV,0.0,1990,10,1
M_030_A_XV,0.0,1990,10,2
M_030_A_XV,0.0,1990,10,3
M_030_A_XV,0.0,1990,10,4
M_030_A_XV,0.0,1990,10,5
M_030_A_XV,0.0,1990,10,6
M_030_A_XV,0.0,1990,10,7
M_030_A_XV,0.0,1990,10,8
M_030_A_XV,0.0,1990,10,9
M_030_A_XV,0.0,1990,10,10
M_030_A_XV,0.0,1990,10,11
M_030_A_XV,0.0,1990,10,12
M_030_A_XV,0.0,1990,10,13
M_030_A_XV,0.0,1990,10,14
M_030_A_XV,0.0,1990,10,15
M_030_A_XV,0.0,1990,10,16
M_030_A_XV,0.0,1990,10,17
M_030_A_XV,0.0,1990,10,18
M_030_A_XV,0.0,1990,10,19
M_030_A_XV,0.0,1990,10,20
M_030_A_XV,0.0,1990,10,21
M_030_A_XV,0.2,1990,10,22
M_030_A_XV,0.0,1990,10,23
M_030_A_XV,0.0,1990,10,24
M_030_A_XV,0.0,1990,10,25
M_030_A_XV,0.0,1990,10,26
M_030_A_XV,0.0,1990,10,27
M_030_A_XV,0.0,1990,10,28
M_030_A_XV,0.0,1990,10,29
M_030_A_XV,0.0,1990,10,30
M_030_A_XV,0.0,1990,10,31
M_030_A_XV,0.0,1990,11,1
M_030_A_XV,0.0,1990,11,2
M_030_A_XV,0.0,1990,11,3
M_030_A_XV,0.0,1990,11,4
M_030_A_XV,0.0,1990,11,5
M_030_A_XV,0.0,1990,11,6
M_030_A_XV,4.0,1990,11,7
M_030_A_XV,3.0,1990,11,8
M_030_A_XV,0.0,1990,11,9
M_030_A_XV,0.0,1990,11,10
M_030_A_XV,0.0,1990,11,11
M_030_A_XV,0.0,1990,11,12
M_030_A_XV,0.0,1990,11,13
M_030_A_XV,0.0,1990,11,14
M_030_A_XV,0.0,1990,11,15
M_030_A_XV,0.0,1990,11,16
M_030_A_XV,0.0,1990,11,17
M_030_A_XV,0.0,1990,11,18
M_030_A_XV,0.0,1990,11,19
M_030_A_XV,0.0,1990,11,20
M_030_A_XV,0.0,1990,11,21
M_030_A_XV,0.0,1990,11,22
M_030_A_XV,5.0,1990,11,23
M_030_A_XV,0.0,1990,11,24
M_030_A_XV,5.0,1990,11,25
M_030_A_XV,0.0,1990,11,26
M_030_A_XV,0.0,1990,11,27
M_030_A_XV,3.0,1990,11,28
M_030_A_XV,4.0,1990,11,29
M_030_A_XV,0.0,1990,11,30
M_030_A_XV,0.0,1990,12,1
M_030_A_XV,4.0,1990,12,2
M_030_A_XV,0.0,1990,12,3
M_030_A_XV,0.0,1990,12,4
M_030_A_XV,0.0,1990,12,5
M_030_A_XV,3.0,1990,12,6
M_030_A_XV,0.0,1990,12,7
M_030_A_XV,0.0,1990,12,8
M_030_A_XV,0.0,1990,12,9
M_030_A_XV,0.0,1990,12,10
M_030_A_XV,0.0,1990,12,11
M_030_A_XV,0.0,1990,12,12
M_030_A_XV,0.0,1990,12,13
M_030_A_XV,5.0,1990,12,14
M_030_A_XV,0.0,1990,12,15
M_030_A_XV,2.0,1990,12,16
M_030_A_XV,0.0,1990,12,17
M_030_A_XV,5.0,1990,12,18
M_030_A_XV,2.0,1990,12,19
M_030_A_XV,0.0,1990,12,20
M_030_A_XV,6.0,1990,12,21
M_030_A_XV,10.5,1990,12,22
M_030_A_XV,3.5,1990,12,23
M_030_A_XV,15.0,1990,12,24
M_030_A_XV,27.0,1990,12,25
M_030_A_XV,7.0,1990,12,26
M_030_A_XV,4.0,1990,12,27
M_030_A_XV,23.0,1990,12,28
M_030_A_XV,17.0,1990,12,29
M_030_A_XV,0.0,1990,12,30
M_030_A_XV,0.0,1990,12,31
M_030_A_XV,4.0,1991,1,1
M_030_A_XV,22.0,1991,1,2
M_030_A_XV,10.0,1991,1,3
M_030_A_XV,0.0,1991,1,4
M_030_A_XV,0.0,1991,1,5
M_030_A_XV,0.0,1991,1,6
M_030_A_XV,0.0,1991,1,7
M_030_A_XV,0.0,1991,1,8
M_030_A_XV,5.0,1991,1,9
M_030_A_XV,0.0,1991,1,10
M_030_A_XV,0.0,1991,1,11
M_030_A_XV,0.0,1991,1,12
M_030_A_XV,0.0,1991,1,13
M_030_A_XV,0.0,1991,1,14
M_030_A_XV,0.0,1991,1,15
M_030_A_XV,7.0,1991,1,16
M_030_A_XV,0.0,1991,1,17
M_030_A_XV,19.5,1991,1,18
M_030_A_XV,7.0,1991,1,19
M_030_A_XV,14.0,1991,1,20
M_030_A_XV,0.0,1991,1,21
M_030_A_XV,14.5,1991,1,22
M_030_A_XV,3.0,1991,1,23
M_030_A_XV,16.5,1991,1,24
M_030_A_XV,23.5,1991,1,25
M_030_A_XV,22.0,1991,1,26
M_030_A_XV,0.0,1991,1,27
M_030_A_XV,0.0,1991,1,28
M_030_A_XV,0.0,1991,1,29
M_030_A_XV,0.0,1991,1,30
M_030_A_XV,0.0,1991,1,31
M_030_A_XV,0.0,1991,2,1
M_030_A_XV,0.0,1991,2,2
M_030_A_XV,0.0,1991,2,3
M_030_A_XV,9.0,1991,2,4
M_030_A_XV,0.0,1991,2,5
M_030_A_XV,0.0,1991,2,6
M_030_A_XV,0.0,1991,2,7
M_030_A_XV,0.0,1991,2,8
M_030_A_XV,0.0,1991,2,9
M_030_A_XV,0.0,1991,2,10
M_030_A_XV,0.0,1991,2,11
M_030_A_XV,5.0,1991,2,12
M_030_A_XV,0.0,1991,2,13
M_030_A_XV,0.0,1991,2,14
M_030_A_XV,0.0,1991,2,15
M_030_A_XV,0.0,1991,2,16
M_030_A_XV,0.0,1991,2,17
M_030_A_XV,0.0,1991,2,18
M_030_A_XV,0.0,1991,2,19
M_030_A_XV,5.0,1991,2,20
M_030_A_XV,29.0,1991,2,21
M_030_A_XV,5.0,1991,2,22
M_030_A_XV,0.0,1991,2,23
M_030_A_XV,4.0,1991,2,24
M_030_A_XV,0.0,1991,2,25
M_030_A_XV,0.0,1991,2,26
M_030_A_XV,0.0,1991,2,27
M_030_A_XV,0.0,1991,2,28
M_030_A_XV,0.0,1991,3,1
M_030_A_XV,0.0,1991,3,2
M_030_A_XV,0.0,1991,3,3
M_030_A_XV,15.0,1991,3,4
M_030_A_XV,0.0,1991,3,5
M_030_A_XV,0.0,1991,3,6
M_030_A_XV,4.0,1991,3,7
M_030_A_XV,10.0,1991,3,8
M_030_A_XV,0.0,1991,3,9
M_030_A_XV,25.0,1991,3,10
M_030_A_XV,9.0,1991,3,11
M_030_A_XV,0.0,1991,3,12
M_030_A_XV,10.0,1991,3,13
M_030_A_XV,4.0,1991,3,14
M_030_A_XV,0.0,1991,3,15
M_030_A_XV,0.0,1991,3,16
M_030_A_XV,4.0,1991,3,17
M_030_A_XV,0.0,1991,3,18
M_030_A_XV,0.0,1991,3,19
M_030_A_XV,0.0,1991,3,20
M_030_A_XV,0.0,1991,3,21
M_030_A_XV,0.0,1991,3,22
M_030_A_XV,0.0,1991,3,23
M_030_A_XV,0.0,1991,3,24
M_030_A_XV,4.0,1991,3,25
M_030_A_XV,9.0,1991,3,26
M_030_A_XV,7.0,1991,3,27
M_030_A_XV,3.0,1991,3,28
M_030_A_XV,4.0,1991,3,29
M_030_A_XV,0.0,1991,3,30
M_030_A_XV,0.0,1991,3,31
M_030_A_XV,0.0,1991,4,1
M_030_A_XV,0.0,1991,4,2
M_030_A_XV,11.0,1991,4,3
M_030_A_XV,0.0,1991,4,4
M_030_A_XV,0.0,1991,4,5
M_030_A_XV,0.0,1991,4,6
M_030_A_XV,0.0,1991,4,7
M_030_A_XV,0.0,1991,4,8
M_030_A_XV,0.0,1991,4,9
M_030_A_XV,0.0,1991,4,10
M_030_A_XV,0.0,1991,4,11
M_030_A_XV,0.0,1991,4,12
M_030_A_XV,0.0,1991,4,13
M_030_A_XV,0.0,1991,4,14
M_030_A_XV,0.0,1991,4,15
M_030_A_XV,0.0,1991,4,16
M_030_A_XV,0.0,1991,4,17
M_030_A_XV,0.0,1991,4,18
M_030_A_XV,0.0,1991,4,19
M_030_A_XV,0.0,1991,4,20
M_030_A_XV,0.0,1991,4,21
M_030_A_XV,0.0,1991,4,22
M_030_A_XV,0.0,1991,4,23
M_030_A_XV,0.0,1991,4,24
M_030_A_XV,0.0,1991,4,25
M_030_A_XV,0.0,1991,4,26
M_030_A_XV,0.0,1991,4,27
M_030_A_XV,0.0,1991,4,28
M_030_A_XV,4.0,1991,4,29
M_030_A_XV,0.0,1991,4,30
M_030_A_XV,0.0,1991,5,1
M_030_A_XV,0.0,1991,5,2
M_030_A_XV,0.0,1991,5,3
M_030_A_XV,0.0,1991,5,4
M_030_A_XV,0.0,1991,5,5
M_030_A_XV,0.0,1991,5,6
M_030_A_XV,0.0,1991,5,7
M_030_A_XV,0.0,1991,5,8
M_030_A_XV,0.0,1991,5,9
M_030_A_XV,0.0,1991,5,10
M_030_A_XV,0.0,1991,5,11
M_030_A_XV,0.0,1991,5,12
M_030_A_XV,0.0,1991,5,13
M_030_A_XV,0.0,1991,5,14
M_030_A_XV,0.0,1991,5,15
M_030_A_XV,0.0,1991,5,16
M_030_A_XV,0.0,1991,5,17
M_030_A_XV,0.0,1991,5,18
M_030_A_XV,0.0,1991,5,19
M_030_A_XV,0.0,1991,5,20
M_030_A_XV,0.0,1991,5,21
M_030_A_XV,0.0,1991,5,22
M_030_A_XV,0.0,1991,5,23
M_030_A_XV,0.0,1991,5,24
M_030_A_XV,0.0,1991,5,25
M_030_A_XV,0.0,1991,5,26
M_030_A_XV,0.0,1991,5,27
M_030_A_XV,0.0,1991,5,28
M_030_A_XV,0.0,1991,5,29
M_030_A_XV,0.0,1991,5,30
M_030_A_XV,0.0,1991,5,31
M_030_A_XV,0.0,1991,6,1
M_030_A_XV,0.0,1991,6,2
M_030_A_XV,0.0,1991,6,3
M_030_A_XV,0.0,1991,6,4
M_030_A_XV,0.0,1991,6,5
M_030_A_XV,0.0,1991,6,6
M_030_A_XV,0.0,1991,6,7
M_030_A_XV,0.0,1991,6,8
M_030_A_XV,0.0,1991,6,9
M_030_A_XV,0.0,1991,6,10
M_030_A_XV,0.0,1991,6,11
M_030_A_XV,0.0,1991,6,12
M_030_A_XV,0.0,1991,6,13
M_030_A_XV,0.0,1991,6,14
M_030_A_XV,0.0,1991,6,15
M_030_A_XV,0.0,1991,6,16
M_030_A_XV,0.0,1991,6,17
M_030_A_XV,0.0,1991,6,18
M_030_A_XV,0.0,1991,6,19
M_030_A_XV,0.0,1991,6,20
M_030_A_XV,0.0,1991,6,21
M_030_A_XV,0.0,1991,6,22
M_030_A_XV,0.0,1991,6,23
M_030_A_XV,0.0,1991,6,24
M_030_A_XV,0.0,1991,6,25
M_030_A_XV,0.0,1991,6,26
M_030_A_XV,0.0,1991,6,27
M_030_A_XV,0.0,1991,6,28
M_030_A_XV,0.0,1991,6,29
M_030_A_XV,0.0,1991,6,30
M_030_A_XV,0.0,1991,7,1
M_030_A_XV,0.0,1991,7,2
M_030_A_XV,0.0,1991,7,3
M_030_A_XV,0.0,1991,7,4
M_030_A_XV,0.0,1991,7,5
M_030_A_XV,0.0,1991,7,6
M_030_A_XV,0.0,1991,7,7
M_030_A_XV,0.0,1991,7,8
M_030_A_XV,0.0,1991,7,9
M_030_A_XV,0.0,1991,7,10
M_030_A_XV,0.0,1991,7,11
M_030_A_XV,0.0,1991,7,12
M_030_A_XV,0.0,1991,7,13
M_030_A_XV,0.0,1991,7,14
M_030_A_XV,0.0,1991,7,15
M_030_A_XV,0.0,1991,7,16
M_030_A_XV,0.0,1991,7,17
M_030_A_XV,0.0,1991,7,18
M_030_A_XV,0.0,1991,7,19
M_030_A_XV,0.0,1991,7,20
M_030_A_XV,0.0,1991,7,21
M_030_A_XV,0.0,1991,7,22
M_030_A_XV,0.0,1991,7,23
M_030_A_XV,0.0,1991,7,24
M_030_A_XV,0.0,1991,7,25
M_030_A_XV,0.0,1991,7,26
M_030_A_XV,0.0,1991,7,27
M_030_A_XV,0.0,1991,7,28
M_030_A_XV,0.0,1991,7,29
M_030_A_XV,0.0,1991,7,30
M_030_A_XV,0.0,1991,7,31
M_030_A_XV,0.0,1991,8,1
M_030_A_XV,0.0,1991,8,2
M_030_A_XV,0.0,1991,8,3
M_030_A_XV,0.0,1991,8,4
M_030_A_XV,0.0,1991,8,5
M_030_A_XV,0.0,1991,8,6
M_030_A_XV,0.0,1991,8,7
M_030_A_XV,0.0,1991,8,8
M_030_A_XV,0.0,1991,8,9
M_030_A_XV,0.0,1991,8,10
M_030_A_XV,0.0,1991,8,11
M_030_A_XV,0.0,1991,8,12
M_030_A_XV,0.0,1991,8,13
M_030_A_XV,0.0,1991,8,14
M_030_A_XV,0.0,1991,8,15
M_030_A_XV,0.0,1991,8,16
M_030_A_XV,0.0,1991,8,17
M_030_A_XV,0.0,1991,8,18
M_030_A_XV,0.0,1991,8,19
M_030_A_XV,0.0,1991,8,20
M_030_A_XV,0.0,1991,8,21
M_030_A_XV,0.0,1991,8,22
M_030_A_XV,0.0,1991,8,23
M_030_A_XV,0.0,1991,8,24
M_030_A_XV,0.0,1991,8,25
M_030_A_XV,0.0,1991,8,26
M_030_A_XV,0.0,1991,8,27
M_030_A_XV,0.0,1991,8,28
M_030_A_XV,0.0,1991,8,29
M_030_A_XV,0.0,1991,8,30
M_030_A_XV,0.0,1991,8,31
M_030_A_XV,0.0,1991,9,1
M_030_A_XV,0.0,1991,9,2
M_030_A_XV,0.0,1991,9,3
M_030_A_XV,0.0,1991,9,4
M_030_A_XV,0.0,1991,9,5
M_030_A_XV,0.0,1991,9,6
M_030_A_XV,0.0,1991,9,7
M_030_A_XV,0.0,1991,9,8
M_030_A_XV,0.0,1991,9,9
M_030_A_XV,0.0,1991,9,10
M_030_A_XV,0.0,1991,9,11
M_030_A_XV,0.0,1991,9,12
M_030_A_XV,0.0,1991,9,13
M_030_A_XV,0.0,1991,9,14
M_030_A_XV,0.0,1991,9,15
M_030_A_XV,0.0,1991,9,16
M_030_A_XV,0.0,1991,9,17
M_030_A_XV,0.0,1991,9,18
M_030_A_XV,0.0,1991,9,19
M_030_A_XV,0.0,1991,9,20
M_030_A_XV,0.0,1991,9,21
M_030_A_XV,0.0,1991,9,22
M_030_A_XV,0.0,1991,9,23
M_030_A_XV,0.0,1991,9,24
M_030_A_XV,0.0,1991,9,25
M_030_A_XV,0.0,1991,9,26
M_030_A_XV,0.0,1991,9,27
M_030_A_XV,0.0,1991,9,28
M_030_A_XV,0.0,1991,9,29
M_030_A_XV,0.0,1991,9,30
M_030_A_XV,0.0,1991,10,1
M_030_A_XV,0.0,1991,10,2
M_030_A_XV,0.0,1991,10,3
M_030_A_XV,0.0,1991,10,4
M_030_A_XV,0.0,1991,10,5
M_030_A_XV,0.0,1991,10,6
M_030_A_XV,0.0,1991,10,7
M_030_A_XV,0.0,1991,10,8
M_030_A_XV,0.0,1991,10,9
M_030_A_XV,0.0,1991,10,10
M_030_A_XV,0.0,1991,10,11
M_030_A_XV,0.0,1991,10,12
M_030_A_XV,0.0,1991,10,13
M_030_A_XV,0.0,1991,10,14
M_030_A_XV,0.0,1991,10,15
M_030_A_XV,0.0,1991,10,16
M_030_A_XV,0.0,1991,10,17
M_030_A_XV,0.0,1991,10,18
M_030_A_XV,0.0,1991,10,19
M_030_A_XV,0.0,1991,10,20
M_030_A_XV,0.0,1991,10,21
M_030_A_XV,0.0,1991,10,22
M_030_A_XV,0.0,1991,10,23
M_030_A_XV,0.0,1991,10,24
M_030_A_XV,0.0,1991,10,25
M_030_A_XV,0.0,1991,10,26
M_030_A_XV,0.0,1991,10,27
M_030_A_XV,0.0,1991,10,28
M_030_A_XV,0.0,1991,10,29
M_030_A_XV,0.0,1991,10,30
M_030_A_XV,0.0,1991,10,31
M_030_A_XV,0.0,1991,11,1
M_030_A_XV,0.0,1991,11,2
M_030_A_XV,0.0,1991,11,3
M_030_A_XV,0.0,1991,11,4
M_030_A_XV,0.0,1991,11,5
M_030_A_XV,0.0,1991,11,6
M_030_A_XV,0.0,1991,11,7
M_030_A_XV,0.0,1991,11,8
M_030_A_XV,0.0,1991,11,9
M_030_A_XV,0.0,1991,11,10
M_030_A_XV,0.0,1991,11,11
M_030_A_XV,0.0,1991,11,12
M_030_A_XV,0.0,1991,11,13
M_030_A_XV,0.0,1991,11,14
M_030_A_XV,0.0,1991,11,15
M_030_A_XV,0.0,1991,11,16
M_030_A_XV,0.0,1991,11,17
M_030_A_XV,0.0,1991,11,18
M_030_A_XV,0.0,1991,11,19
M_030_A_XV,3.0,1991,11,20
M_030_A_XV,5.0,1991,11,21
M_030_A_XV,0.0,1991,11,22
M_030_A_XV,0.0,1991,11,23
M_030_A_XV,0.0,1991,11,24
M_030_A_XV,3.0,1991,11,25
M_030_A_XV,6.0,1991,11,26
M_030_A_XV,0.0,1991,11,27
M_030_A_XV,0.0,1991,11,28
M_030_A_XV,0.0,1991,11,29
M_030_A_XV,0.0,1991,11,30
M_030_A_XV,0.0,1991,12,1
M_030_A_XV,0.0,1991,12,2
M_030_A_XV,0.0,1991,12,3
M_030_A_XV,0.0,1991,12,4
M_030_A_XV,0.0,1991,12,5
M_030_A_XV,0.0,1991,12,6
M_030_A_XV,0.0,1991,12,7
M_030_A_XV,0.0,1991,12,8
M_030_A_XV,0.0,1991,12,9
M_030_A_XV,0.0,1991,12,10
M_030_A_XV,0.0,1991,12,11
M_030_A_XV,0.0,1991,12,12
M_030_A_XV,0.0,1991,12,13
M_030_A_XV,0.0,1991,12,14
M_030_A_XV,0.0,1991,12,15
M_030_A_XV,0.0,1991,12,16
M_030_A_XV,0.0,1991,12,17
M_030_A_XV,0.0,1991,12,18
M_030_A_XV,0.0,1991,12,19
M_030_A_XV,0.0,1991,12,20
M_030_A_XV,0.0,1991,12,21
M_030_A_XV,0.0,1991,12,22
M_030_A_XV,0.0,1991,12,23
M_030_A_XV,0.0,1991,12,24
M_030_A_XV,0.0,1991,12,25
M_030_A_XV,0.0,1991,12,26
M_030_A_XV,0.0,1991,12,27
M_030_A_XV,0.0,1991,12,28
M_030_A_XV,0.0,1991,12,29
M_030_A_XV,0.0,1991,12,30
M_030_A_XV,0.0,1991,12,31
M_030_A_XV,0.0,1992,1,1
M_030_A_XV,0.0,1992,1,2
M_030_A_XV,0.0,1992,1,3
M_030_A_XV,0.0,1992,1,4
M_030_A_XV,0.0,1992,1,5
M_030_A_XV,0.0,1992,1,6
M_030_A_XV,0.0,1992,1,7
M_030_A_XV,0.0,1992,1,8
M_030_A_XV,0.0,1992,1,9
M_030_A_XV,0.0,1992,1,10
M_030_A_XV,0.0,1992,1,11
M_030_A_XV,0.0,1992,1,12
M_030_A_XV,0.0,1992,1,13
M_030_A_XV,0.0,1992,1,14
M_030_A_XV,0.0,1992,1,15
M_030_A_XV,0.0,1992,1,16
M_030_A_XV,0.0,1992,1,17
M_030_A_XV,0.1,1992,1,18
M_030_A_XV,0.0,1992,1,19
M_030_A_XV,0.0,1992,1,20
M_030_A_XV,0.0,1992,1,21
M_030_A_XV,0.0,1992,1,22
M_030_A_XV,0.0,1992,1,23
M_030_A_XV,0.0,1992,1,24
M_030_A_XV,0.0,1992,1,25
M_030_A_XV,0.0,1992,1,26
M_030_A_XV,0.0,1992,1,27
M_030_A_XV,0.0,1992,1,28
M_030_A_XV,0.0,1992,1,29
M_030_A_XV,0.0,1992,1,30
M_030_A_XV,0.0,1992,1,31
M_030_A_XV,0.0,1992,2,1
M_030_A_XV,0.0,1992,2,2
M_030_A_XV,0.0,1992,2,3
M_030_A_XV,0.0,1992,2,4
M_030_A_XV,0.0,1992,2,5
M_030_A_XV,0.0,1992,2,6
M_030_A_XV,0.0,1992,2,7
M_030_A_XV,0.0,1992,2,8
M_030_A_XV,0.0,1992,2,9
M_030_A_XV,0.0,1992,2,10
M_030_A_XV,0.0,1992,2,11
M_030_A_XV,0.0,1992,2,12
M_030_A_XV,0.0,1992,2,13
M_030_A_XV,0.0,1992,2,14
M_030_A_XV,0.0,1992,2,15
M_030_A_XV,0.0,1992,2,16
M_030_A_XV,1.0,1992,2,17
M_030_A_XV,0.0,1992,2,18
M_030_A_XV,0.0,1992,2,19
M_030_A_XV,0.0,1992,2,20
M_030_A_XV,0.0,1992,2,21
M_030_A_XV,0.0,1992,2,22
M_030_A_XV,0.0,1992,2,23
M_030_A_XV,0.0,1992,2,24
M_030_A_XV,0.0,1992,2,25
M_030_A_XV,0.0,1992,2,26
M_030_A_XV,0.0,1992,2,27
M_030_A_XV,0.0,1992,2,28
M_030_A_XV,0.0,1992,2,29
M_030_A_XV,0.0,1992,3,1
M_030_A_XV,0.0,1992,3,2
M_030_A_XV,0.0,1992,3,3
M_030_A_XV,0.0,1992,3,4
M_030_A_XV,0.0,1992,3,5
M_030_A_XV,0.0,1992,3,6
M_030_A_XV,0.0,1992,3,7
M_030_A_XV,0.0,1992,3,8
M_030_A_XV,0.0,1992,3,9
M_030_A_XV,0.0,1992,3,10
M_030_A_XV,0.0,1992,3,11
M_030_A_XV,0.0,1992,3,12
M_030_A_XV,0.0,1992,3,13
M_030_A_XV,0.0,1992,3,14
M_030_A_XV,0.0,1992,3,15
M_030_A_XV,0.0,1992,3,16
M_030_A_XV,0.0,1992,3,17
M_030_A_XV,0.0,1992,3,18
M_030_A_XV,0.0,1992,3,19
M_030_A_XV,0.0,1992,3,20
M_030_A_XV,0.0,1992,3,21
M_030_A_XV,0.0,1992,3,22
M_030_A_XV,0.0,1992,3,23
M_030_A_XV,0.0,1992,3,24
M_030_A_XV,0.0,1992,3,25
M_030_A_XV,0.0,1992,3,26
M_030_A_XV,0.0,1992,3,27
M_030_A_XV,0.0,1992,3,28
M_030_A_XV,0.0,1992,3,29
M_030_A_XV,0.0,1992,3,30
M_030_A_XV,0.0,1992,3,31
M_030_A_XV,0.0,1992,4,1
M_030_A_XV,0.0,1992,4,2
M_030_A_XV,0.0,1992,4,3
M_030_A_XV,0.0,1992,4,4
M_030_A_XV,0.0,1992,4,5
M_030_A_XV,0.0,1992,4,6
M_030_A_XV,0.0,1992,4,7
M_030_A_XV,0.0,1992,4,8
M_030_A_XV,0.0,1992,4,9
M_030_A_XV,0.0,1992,4,10
M_030_A_XV,0.0,1992,4,11
M_030_A_XV,0.0,1992,4,12
M_030_A_XV,0.0,1992,4,13
M_030_A_XV,0.0,1992,4,14
M_030_A_XV,0.0,1992,4,15
M_030_A_XV,0.0,1992,4,16
M_030_A_XV,0.0,1992,4,17
M_030_A_XV,0.0,1992,4,18
M_030_A_XV,0.0,1992,4,19
M_030_A_XV,0.0,1992,4,20
M_030_A_XV,0.0,1992,4,21
M_030_A_XV,0.0,1992,4,22
M_030_A_XV,0.0,1992,4,23
M_030_A_XV,0.0,1992,4,24
M_030_A_XV,0.0,1992,4,25
M_030_A_XV,0.0,1992,4,26
M_030_A_XV,0.0,1992,4,27
M_030_A_XV,0.0,1992,4,28
M_030_A_XV,0.0,1992,4,29
M_030_A_XV,0.0,1992,4,30
M_030_A_XV,0.0,1992,5,1
M_030_A_XV,0.0,1992,5,2
M_030_A_XV,0.0,1992,5,3
M_030_A_XV,0.0,1992,5,4
M_030_A_XV,0.0,1992,5,5
M_030_A_XV,0.0,1992,5,6
M_030_A_XV,0.0,1992,5,7
M_030_A_XV,0.0,1992,5,8
M_030_A_XV,0.0,1992,5,9
M_030_A_XV,0.0,1992,5,10
M_030_A_XV,0.0,1992,5,11
M_030_A_XV,0.0,1992,5,12
M_030_A_XV,0.0,1992,5,13
M_030_A_XV,0.0,1992,5,14
M_030_A_XV,0.0,1992,5,15
M_030_A_XV,0.0,1992,5,16
M_030_A_XV,0.0,1992,5,17
M_030_A_XV,0.0,1992,5,18
M_030_A_XV,0.0,1992,5,19
M_030_A_XV,0.0,1992,5,20
M_030_A_XV,0.0,1992,5,21
M_030_A_XV,0.0,1992,5,22
M_030_A_XV,0.0,1992,5,23
M_030_A_XV,0.0,1992,5,24
M_030_A_XV,0.0,1992,5,25
M_030_A_XV,0.0,1992,5,26
M_030_A_XV,0.0,1992,5,27
M_030_A_XV,0.0,1992,5,28
M_030_A_XV,0.0,1992,5,29
M_030_A_XV,0.0,1992,5,30
M_030_A_XV,0.0,1992,5,31
M_030_A_XV,0.0,1992,6,1
M_030_A_XV,0.0,1992,6,2
M_030_A_XV,0.0,1992,6,3
M_030_A_XV,0.0,1992,6,4
M_030_A_XV,0.0,1992,6,5
M_030_A_XV,0.0,1992,6,6
M_030_A_XV,0.0,1992,6,7
M_030_A_XV,0.0,1992,6,8
M_030_A_XV,0.0,1992,6,9
M_030_A_XV,0.0,1992,6,10
M_030_A_XV,0.0,1992,6,11
M_030_A_XV,0.0,1992,6,12
M_030_A_XV,0.0,1992,6,13
M_030_A_XV,0.0,1992,6,14
M_030_A_XV,0.0,1992,6,15
M_030_A_XV,0.0,1992,6,16
M_030_A_XV,0.0,1992,6,17
M_030_A_XV,0.0,1992,6,18
M_030_A_XV,0.0,1992,6,19
M_030_A_XV,0.0,1992,6,20
M_030_A_XV,0.0,1992,6,21
M_030_A_XV,0.0,1992,6,22
M_030_A_XV,0.0,1992,6,23
M_030_A_XV,0.0,1992,6,24
M_030_A_XV,0.0,1992,6,25
M_030_A_XV,0.0,1992,6,26
M_030_A_XV,0.0,1992,6,27
M_030_A_XV,0.0,1992,6,28
M_030_A_XV,0.0,1992,6,29
M_030_A_XV,0.0,1992,6,30
M_030_A_XV,0.2,1992,7,1
M_030_A_XV,0.0,1992,7,2
M_030_A_XV,0.0,1992,7,3
M_030_A_XV,0.0,1992,7,4
M_030_A_XV,0.0,1992,7,5
M_030_A_XV,0.0,1992,7,6
M_030_A_XV,0.0,1992,7,7
M_030_A_XV,0.0,1992,7,8
M_030_A_XV,0.0,1992,7,9
M_030_A_XV,0.0,1992,7,10
M_030_A_XV,0.0,1992,7,11
M_030_A_XV,0.0,1992,7,12
M_030_A_XV,0.0,1992,7,13
M_030_A_XV,0.0,1992,7,14
M_030_A_XV,0.0,1992,7,15
M_030_A_XV,0.0,1992,7,16
M_030_A_XV,0.0,1992,7,17
M_030_A_XV,0.0,1992,7,18
M_030_A_XV,0.0,1992,7,19
M_030_A_XV,0.0,1992,7,20
M_030_A_XV,0.0,1992,7,21
M_030_A_XV,0.0,1992,7,22
M_030_A_XV,0.0,1992,7,23
M_030_A_XV,0.0,1992,7,24
M_030_A_XV,0.0,1992,7,25
M_030_A_XV,0.0,1992,7,26
M_030_A_XV,0.0,1992,7,27
M_030_A_XV,0.0,1992,7,28
M_030_A_XV,0.0,1992,7,29
M_030_A_XV,0.0,1992,7,30
M_030_A_XV,0.0,1992,7,31
M_030_A_XV,0.0,1992,8,1
M_030_A_XV,0.0,1992,8,2
M_030_A_XV,0.0,1992,8,3
M_030_A_XV,0.0,1992,8,4
M_030_A_XV,0.0,1992,8,5
M_030_A_XV,0.0,1992,8,6
M_030_A_XV,0.0,1992,8,7
M_030_A_XV,0.0,1992,8,8
M_030_A_XV,0.0,1992,8,9
M_030_A_XV,0.0,1992,8,10
M_030_A_XV,0.0,1992,8,11
M_030_A_XV,0.0,1992,8,12
M_030_A_XV,0.0,1992,8,13
M_030_A_XV,0.0,1992,8,14
M_030_A_XV,0.0,1992,8,15
M_030_A_XV,0.0,1992,8,16
M_030_A_XV,0.0,1992,8,17
M_030_A_XV,0.0,1992,8,18
M_030_A_XV,0.0,1992,8,19
M_030_A_XV,0.0,1992,8,20
M_030_A_XV,0.0,1992,8,21
M_030_A_XV,0.0,1992,8,22
M_030_A_XV,0.0,1992,8,23
M_030_A_XV,0.0,1992,8,24
M_030_A_XV,0.0,1992,8,25
M_030_A_XV,0.0,1992,8,26
M_030_A_XV,0.0,1992,8,27
M_030_A_XV,0.0,1992,8,28
M_030_A_XV,0.0,1992,8,29
M_030_A_XV,0.0,1992,8,30
M_030_A_XV,0.0,1992,8,31
M_030_A_XV,0.0,1992,9,1
M_030_A_XV,0.0,1992,9,2
M_030_A_XV,0.0,1992,9,3
M_030_A_XV,0.0,1992,9,4
M_030_A_XV,0.0,1992,9,5
M_030_A_XV,0.0,1992,9,6
M_030_A_XV,0.0,1992,9,7
M_030_A_XV,0.0,1992,9,8
M_030_A_XV,0.0,1992,9,9
M_030_A_XV,0.0,1992,9,10
M_030_A_XV,0.0,1992,9,11
M_030_A_XV,0.0,1992,9,12
M_030_A_XV,0.0,1992,9,13
M_030_A_XV,0.0,1992,9,14
M_030_A_XV,0.0,1992,9,15
M_030_A_XV,0.0,1992,9,16
M_030_A_XV,0.0,1992,9,17
M_030_A_XV,0.0,1992,9,18
M_030_A_XV,0.0,1992,9,19
M_030_A_XV,0.0,1992,9,20
M_030_A_XV,0.0,1992,9,21
M_030_A_XV,0.0,1992,9,22
M_030_A_XV,0.0,1992,9,23
M_030_A_XV,0.0,1992,9,24
M_030_A_XV,0.0,1992,9,25
M_030_A_XV,0.0,1992,9,26
M_030_A_XV,0.0,1992,9,27
M_030_A_XV,0.0,1992,9,28
M_030_A_XV,0.0,1992,9,29
M_030_A_XV,0.0,1992,9,30
M_030_A_XV,0.0,1992,10,1
M_030_A_XV,0.0,1992,10,2
M_030_A_XV,0.0,1992,10,3
M_030_A_XV,0.0,1992,10,4
M_030_A_XV,0.0,1992,10,5
M_030_A_XV,0.0,1992,10,6
M_030_A_XV,0.0,1992,10,7
M_030_A_XV,0.0,1992,10,8
M_030_A_XV,0.0,1992,10,9
M_030_A_XV,0.0,1992,10,10
M_030_A_XV,0.0,1992,10,11
M_030_A_XV,0.0,1992,10,12
M_030_A_XV,0.0,1992,10,13
M_030_A_XV,0.0,1992,10,14
M_030_A_XV,0.0,1992,10,15
M_030_A_XV,0.0,1992,10,16
M_030_A_XV,0.0,1992,10,17
M_030_A_XV,0.0,1992,10,18
M_030_A_XV,0.0,1992,10,19
M_030_A_XV,0.0,1992,10,20
M_030_A_XV,0.0,1992,10,21
M_030_A_XV,0.0,1992,10,22
M_030_A_XV,0.0,1992,10,23
M_030_A_XV,0.0,1992,10,24
M_030_A_XV,0.0,1992,10,25
M_030_A_XV,0.0,1992,10,26
M_030_A_XV,0.0,1992,10,27
M_030_A_XV,0.0,1992,10,28
M_030_A_XV,0.0,1992,10,29
M_030_A_XV,0.0,1992,10,30
M_030_A_XV,0.0,1992,10,31
M_030_A_XV,0.0,1992,11,1
M_030_A_XV,0.0,1992,11,2
M_030_A_XV,0.0,1992,11,3
M_030_A_XV,0.0,1992,11,4
M_030_A_XV,0.0,1992,11,5
M_030_A_XV,0.0,1992,11,6
M_030_A_XV,0.0,1992,11,7
M_030_A_XV,0.0,1992,11,8
M_030_A_XV,0.0,1992,11,9
M_030_A_XV,0.0,1992,11,10
M_030_A_XV,0.0,1992,11,11
M_030_A_XV,0.0,1992,11,12
M_030_A_XV,0.0,1992,11,13
M_030_A_XV,0.0,1992,11,14
M_030_A_XV,0.0,1992,11,15
M_030_A_XV,17.3,1992,11,16
M_030_A_XV,0.0,1992,11,17
M_030_A_XV,0.0,1992,11,18
M_030_A_XV,0.0,1992,11,19
M_030_A_XV,0.0,1992,11,20
M_030_A_XV,0.0,1992,11,21
M_030_A_XV,0.0,1992,11,22
M_030_A_XV,0.0,1992,11,23
M_030_A_XV,0.0,1992,11,24
M_030_A_XV,0.0,1992,11,25
M_030_A_XV,0.0,1992,11,26
M_030_A_XV,0.0,1992,11,27
M_030_A_XV,0.0,1992,11,28
M_030_A_XV,0.0,1992,11,29
M_030_A_XV,0.0,1992,11,30
M_030_A_XV,0.0,1992,12,1
M_030_A_XV,0.0,1992,12,2
M_030_A_XV,0.0,1992,12,3
M_030_A_XV,0.0,1992,12,4
M_030_A_XV,0.0,1992,12,5
M_030_A_XV,0.0,1992,12,6
M_030_A_XV,0.0,1992,12,7
M_030_A_XV,0.0,1992,12,8
M_030_A_XV,0.0,1992,12,9
M_030_A_XV,0.0,1992,12,10
M_030_A_XV,0.0,1992,12,11
M_030_A_XV,0.0,1992,12,12
M_030_A_XV,0.0,1992,12,13
M_030_A_XV,0.0,1992,12,14
M_030_A_XV,0.0,1992,12,15
M_030_A_XV,0.0,1992,12,16
M_030_A_XV,0.0,1992,12,17
M_030_A_XV,0.0,1992,12,18
M_030_A_XV,0.0,1992,12,19
M_030_A_XV,0.0,1992,12,20
M_030_A_XV,5.0,1992,12,21
M_030_A_XV,35.0,1992,12,22
M_030_A_XV,12.0,1992,12,23
M_030_A_XV,20.0,1992,12,24
M_030_A_XV,15.0,1992,12,25
M_030_A_XV,20.0,1992,12,26
M_030_A_XV,25.0,1992,12,27
M_030_A_XV,20.0,1992,12,28
M_030_A_XV,18.0,1992,12,29
M_030_A_XV,20.0,1992,12,30
M_030_A_XV,0.0,1992,12,31
M_030_A_XV,0.0,1993,1,1
M_030_A_XV,0.0,1993,1,2
M_030_A_XV,0.0,1993,1,3
M_030_A_XV,0.0,1993,1,4
M_030_A_XV,0.0,1993,1,5
M_030_A_XV,0.0,1993,1,6
M_030_A_XV,0.0,1993,1,7
M_030_A_XV,0.0,1993,1,8
M_030_A_XV,0.0,1993,1,9
M_030_A_XV,15.0,1993,1,10
M_030_A_XV,22.0,1993,1,11
M_030_A_XV,18.0,1993,1,12
M_030_A_XV,15.0,1993,1,13
M_030_A_XV,12.0,1993,1,14
M_030_A_XV,37.0,1993,1,15
M_030_A_XV,22.0,1993,1,16
M_030_A_XV,15.0,1993,1,17
M_030_A_XV,15.0,1993,1,18
M_030_A_XV,3.0,1993,1,19
M_030_A_XV,18.0,1993,1,20
M_030_A_XV,22.0,1993,1,21
M_030_A_XV,18.0,1993,1,22
M_030_A_XV,4.0,1993,1,23
M_030_A_XV,5.0,1993,1,24
M_030_A_XV,6.0,1993,1,25
M_030_A_XV,0.0,1993,1,26
M_030_A_XV,15.0,1993,1,27
M_030_A_XV,3.0,1993,1,28
M_030_A_XV,6.0,1993,1,29
M_030_A_XV,4.0,1993,1,30
M_030_A_XV,0.0,1993,1,31
M_030_A_XV,4.0,1993,2,1
M_030_A_XV,0.0,1993,2,2
M_030_A_XV,0.0,1993,2,3
M_030_A_XV,0.0,1993,2,4
M_030_A_XV,0.0,1993,2,5
M_030_A_XV,0.0,1993,2,6
M_030_A_XV,0.0,1993,2,7
M_030_A_XV,0.0,1993,2,8
M_030_A_XV,0.0,1993,2,9
M_030_A_XV,0.0,1993,2,10
M_030_A_XV,0.0,1993,2,11
M_030_A_XV,0.0,1993,2,12
M_030_A_XV,0.0,1993,2,13
M_030_A_XV,0.0,1993,2,14
M_030_A_XV,0.0,1993,2,15
M_030_A_XV,0.0,1993,2,16
M_030_A_XV,0.0,1993,2,17
M_030_A_XV,0.0,1993,2,18
M_030_A_XV,0.0,1993,2,19
M_030_A_XV,5.0,1993,2,20
M_030_A_XV,0.0,1993,2,21
M_030_A_XV,0.0,1993,2,22
M_030_A_XV,0.0,1993,2,23
M_030_A_XV,0.0,1993,2,24
M_030_A_XV,3.0,1993,2,25
M_030_A_XV,6.0,1993,2,26
M_030_A_XV,3.0,1993,2,27
M_030_A_XV,0.0,1993,2,28
M_030_A_XV,3.0,1993,3,1
M_030_A_XV,4.0,1993,3,2
M_030_A_XV,22.0,1993,3,3
M_030_A_XV,8.0,1993,3,4
M_030_A_XV,15.0,1993,3,5
M_030_A_XV,7.0,1993,3,6
M_030_A_XV,28.0,1993,3,7
M_030_A_XV,12.0,1993,3,8
M_030_A_XV,6.0,1993,3,9
M_030_A_XV,13.0,1993,3,10
M_030_A_XV,15.0,1993,3,11
M_030_A_XV,4.0,1993,3,12
M_030_A_XV,19.0,1993,3,13
M_030_A_XV,3.0,1993,3,14
M_030_A_XV,0.0,1993,3,15
M_030_A_XV,4.0,1993,3,16
M_030_A_XV,3.0,1993,3,17
M_030_A_XV,2.0,1993,3,18
M_030_A_XV,0.0,1993,3,19
M_030_A_XV,0.0,1993,3,20
M_030_A_XV,0.0,1993,3,21
M_030_A_XV,0.0,1993,3,22
M_030_A_XV,0.0,1993,3,23
M_030_A_XV,0.0,1993,3,24
M_030_A_XV,6.0,1993,3,25
M_030_A_XV,0.0,1993,3,26
M_030_A_XV,0.0,1993,3,27
M_030_A_XV,0.0,1993,3,28
M_030_A_XV,0.0,1993,3,29
M_030_A_XV,0.0,1993,3,30
M_030_A_XV,0.0,1993,3,31
M_030_A_XV,0.0,1993,4,1
M_030_A_XV,0.0,1993,4,2
M_030_A_XV,0.0,1993,4,3
M_030_A_XV,0.0,1993,4,4
M_030_A_XV,0.0,1993,4,5
M_030_A_XV,0.0,1993,4,6
M_030_A_XV,0.0,1993,4,7
M_030_A_XV,0.0,1993,4,8
M_030_A_XV,0.0,1993,4,9
M_030_A_XV,0.0,1993,4,10
M_030_A_XV,0.0,1993,4,11
M_030_A_XV,0.0,1993,4,12
M_030_A_XV,0.0,1993,4,13
M_030_A_XV,0.0,1993,4,14
M_030_A_XV,0.0,1993,4,15
M_030_A_XV,0.0,1993,4,16
M_030_A_XV,0.0,1993,4,17
M_030_A_XV,0.0,1993,4,18
M_030_A_XV,0.0,1993,4,19
M_030_A_XV,0.0,1993,4,20
M_030_A_XV,0.0,1993,4,21
M_030_A_XV,0.0,1993,4,22
M_030_A_XV,0.0,1993,4,23
M_030_A_XV,0.0,1993,4,24
M_030_A_XV,0.0,1993,4,25
M_030_A_XV,0.0,1993,4,26
M_030_A_XV,0.0,1993,4,27
M_030_A_XV,0.0,1993,4,28
M_030_A_XV,0.0,1993,4,29
M_030_A_XV,0.0,1993,4,30
M_030_A_XV,0.0,1993,5,1
M_030_A_XV,0.0,1993,5,2
M_030_A_XV,0.0,1993,5,3
M_030_A_XV,0.0,1993,5,4
M_030_A_XV,0.0,1993,5,5
M_030_A_XV,0.0,1993,5,6
M_030_A_XV,0.0,1993,5,7
M_030_A_XV,0.0,1993,5,8
M_030_A_XV,0.0,1993,5,9
M_030_A_XV,0.0,1993,5,10
M_030_A_XV,0.0,1993,5,11
M_030_A_XV,0.0,1993,5,12
M_030_A_XV,0.0,1993,5,13
M_030_A_XV,0.0,1993,5,14
M_030_A_XV,0.0,1993,5,15
M_030_A_XV,0.0,1993,5,16
M_030_A_XV,0.0,1993,5,17
M_030_A_XV,0.0,1993,5,18
M_030_A_XV,0.0,1993,5,19
M_030_A_XV,0.0,1993,5,20
M_030_A_XV,0.0,1993,5,21
M_030_A_XV,0.0,1993,5,22
M_030_A_XV,0.0,1993,5,23
M_030_A_XV,0.0,1993,5,24
M_030_A_XV,0.0,1993,5,25
M_030_A_XV,0.0,1993,5,26
M_030_A_XV,0.0,1993,5,27
M_030_A_XV,0.0,1993,5,28
M_030_A_XV,0.0,1993,5,29
M_030_A_XV,0.0,1993,5,30
M_030_A_XV,0.0,1993,5,31
M_030_A_XV,0.0,1993,6,1
M_030_A_XV,0.0,1993,6,2
M_030_A_XV,0.0,1993,6,3
M_030_A_XV,0.0,1993,6,4
M_030_A_XV,0.0,1993,6,5
M_030_A_XV,0.0,1993,6,6
M_030_A_XV,0.0,1993,6,7
M_030_A_XV,0.0,1993,6,8
M_030_A_XV,0.0,1993,6,9
M_030_A_XV,0.0,1993,6,10
M_030_A_XV,0.0,1993,6,11
M_030_A_XV,0.0,1993,6,12
M_030_A_XV,2.0,1993,6,13
M_030_A_XV,0.0,1993,6,14
M_030_A_XV,0.0,1993,6,15
M_030_A_XV,0.0,1993,6,16
M_030_A_XV,0.0,1993,6,17
M_030_A_XV,0.0,1993,6,18
M_030_A_XV,0.0,1993,6,19
M_030_A_XV,0.0,1993,6,20
M_030_A_XV,0.0,1993,6,21
M_030_A_XV,0.0,1993,6,22
M_030_A_XV,0.0,1993,6,23
M_030_A_XV,0.0,1993,6,24
M_030_A_XV,0.0,1993,6,25
M_030_A_XV,0.0,1993,6,26
M_030_A_XV,0.0,1993,6,27
M_030_A_XV,0.0,1993,6,28
M_030_A_XV,0.0,1993,6,29
M_030_A_XV,0.0,1993,6,30
M_030_A_XV,0.0,1993,7,1
M_030_A_XV,0.0,1993,7,2
M_030_A_XV,0.0,1993,7,3
M_030_A_XV,0.0,1993,7,4
M_030_A_XV,0.0,1993,7,5
M_030_A_XV,0.0,1993,7,6
M_030_A_XV,0.0,1993,7,7
M_030_A_XV,0.0,1993,7,8
M_030_A_XV,0.0,1993,7,9
M_030_A_XV,0.0,1993,7,10
M_030_A_XV,0.0,1993,7,11
M_030_A_XV,0.0,1993,7,12
M_030_A_XV,0.0,1993,7,13
M_030_A_XV,0.0,1993,7,14
M_030_A_XV,0.0,1993,7,15
M_030_A_XV,0.0,1993,7,16
M_030_A_XV,0.0,1993,7,17
M_030_A_XV,0.0,1993,7,18
M_030_A_XV,0.0,1993,7,19
M_030_A_XV,0.0,1993,7,20
M_030_A_XV,0.0,1993,7,21
M_030_A_XV,0.0,1993,7,22
M_030_A_XV,0.0,1993,7,23
M_030_A_XV,0.0,1993,7,24
M_030_A_XV,0.0,1993,7,25
M_030_A_XV,0.0,1993,7,26
M_030_A_XV,0.0,1993,7,27
M_030_A_XV,0.0,1993,7,28
M_030_A_XV,0.0,1993,7,29
M_030_A_XV,0.0,1993,7,30
M_030_A_XV,0.0,1993,7,31
M_030_A_XV,0.0,1993,8,1
M_030_A_XV,0.0,1993,8,2
M_030_A_XV,0.0,1993,8,3
M_030_A_XV,0.0,1993,8,4
M_030_A_XV,0.0,1993,8,5
M_030_A_XV,0.0,1993,8,6
M_030_A_XV,0.0,1993,8,7
M_030_A_XV,20.0,1993,8,8
M_030_A_XV,19.0,1993,8,9
M_030_A_XV,0.0,1993,8,10
M_030_A_XV,0.0,1993,8,11
M_030_A_XV,0.0,1993,8,12
M_030_A_XV,0.0,1993,8,13
M_030_A_XV,0.0,1993,8,14
M_030_A_XV,0.0,1993,8,15
M_030_A_XV,0.0,1993,8,16
M_030_A_XV,0.0,1993,8,17
M_030_A_XV,0.0,1993,8,18
M_030_A_XV,0.0,1993,8,19
M_030_A_XV,0.0,1993,8,20
M_030_A_XV,0.0,1993,8,21
M_030_A_XV,0.0,1993,8,22
M_030_A_XV,0.0,1993,8,23
M_030_A_XV,0.0,1993,8,24
M_030_A_XV,0.0,1993,8,25
M_030_A_XV,0.0,1993,8,26
M_030_A_XV,0.0,1993,8,27
M_030_A_XV,0.0,1993,8,28
M_030_A_XV,0.0,1993,8,29
M_030_A_XV,0.0,1993,8,30
M_030_A_XV,0.0,1993,8,31
M_030_A_XV,0.0,1993,9,1
M_030_A_XV,0.0,1993,9,2
M_030_A_XV,0.0,1993,9,3
M_030_A_XV,0.0,1993,9,4
M_030_A_XV,0.0,1993,9,5
M_030_A_XV,0.0,1993,9,6
M_030_A_XV,0.0,1993,9,7
M_030_A_XV,0.0,1993,9,8
M_030_A_XV,0.0,1993,9,9
M_030_A_XV,0.0,1993,9,10
M_030_A_XV,0.0,1993,9,11
M_030_A_XV,0.0,1993,9,12
M_030_A_XV,0.0,1993,9,13
M_030_A_XV,0.0,1993,9,14
M_030_A_XV,0.0,1993,9,15
M_030_A_XV,0.0,1993,9,16
M_030_A_XV,0.0,1993,9,17
M_030_A_XV,0.0,1993,9,18
M_030_A_XV,0.0,1993,9,19
M_030_A_XV,0.0,1993,9,20
M_030_A_XV,0.0,1993,9,21
M_030_A_XV,0.0,1993,9,22
M_030_A_XV,0.0,1993,9,23
M_030_A_XV,0.0,1993,9,24
M_030_A_XV,0.0,1993,9,25
M_030_A_XV,0.0,1993,9,26
M_030_A_XV,0.0,1993,9,27
M_030_A_XV,0.0,1993,9,28
M_030_A_XV,0.0,1993,9,29
M_030_A_XV,0.0,1993,9,30
M_030_A_XV,0.0,1993,10,1
M_030_A_XV,0.0,1993,10,2
M_030_A_XV,0.0,1993,10,3
M_030_A_XV,0.0,1993,10,4
M_030_A_XV,0.0,1993,10,5
M_030_A_XV,0.0,1993,10,6
M_030_A_XV,0.0,1993,10,7
M_030_A_XV,12.0,1993,10,8
M_030_A_XV,0.0,1993,10,9
M_030_A_XV,10.0,1993,10,10
M_030_A_XV,0.0,1993,10,11
M_030_A_XV,0.0,1993,10,12
M_030_A_XV,0.0,1993,10,13
M_030_A_XV,0.0,1993,10,14
M_030_A_XV,0.0,1993,10,15
M_030_A_XV,0.0,1993,10,16
M_030_A_XV,0.0,1993,10,17
M_030_A_XV,0.0,1993,10,18
M_030_A_XV,0.0,1993,10,19
M_030_A_XV,0.0,1993,10,20
M_030_A_XV,0.0,1993,10,21
M_030_A_XV,0.0,1993,10,22
M_030_A_XV,0.0,1993,10,23
M_030_A_XV,0.0,1993,10,24
M_030_A_XV,0.0,1993,10,25
M_030_A_XV,0.0,1993,10,26
M_030_A_XV,0.0,1993,10,27
M_030_A_XV,0.0,1993,10,28
M_030_A_XV,0.0,1993,10,29
M_030_A_XV,0.0,1993,10,30
M_030_A_XV,0.0,1993,10,31
M_030_A_XV,0.0,1993,11,1
M_030_A_XV,0.0,1993,11,2
M_030_A_XV,0.0,1993,11,3
M_030_A_XV,0.0,1993,11,4
M_030_A_XV,0.0,1993,11,5
M_030_A_XV,0.0,1993,11,6
M_030_A_XV,0.0,1993,11,7
M_030_A_XV,0.0,1993,11,8
M_030_A_XV,0.0,1993,11,9
M_030_A_XV,0.0,1993,11,10
M_030_A_XV,0.0,1993,11,11
M_030_A_XV,0.0,1993,11,12
M_030_A_XV,0.0,1993,11,13
M_030_A_XV,0.0,1993,11,14
M_030_A_XV,0.0,1993,11,15
M_030_A_XV,0.0,1993,11,16
M_030_A_XV,0.0,1993,11,17
M_030_A_XV,0.0,1993,11,18
M_030_A_XV,0.0,1993,11,19
M_030_A_XV,0.0,1993,11,20
M_030_A_XV,0.0,1993,11,21
M_030_A_XV,0.0,1993,11,22
M_030_A_XV,0.0,1993,11,23
M_030_A_XV,0.0,1993,11,24
M_030_A_XV,0.0,1993,11,25
M_030_A_XV,0.0,1993,11,26
M_030_A_XV,0.0,1993,11,27
M_030_A_XV,0.0,1993,11,28
M_030_A_XV,0.0,1993,11,29
M_030_A_XV,0.0,1993,11,30
M_030_A_XV,0.0,1993,12,1
M_030_A_XV,0.0,1993,12,2
M_030_A_XV,0.0,1993,12,3
M_030_A_XV,0.0,1993,12,4
M_030_A_XV,0.0,1993,12,5
M_030_A_XV,0.0,1993,12,6
M_030_A_XV,7.0,1993,12,7
M_030_A_XV,9.0,1993,12,8
M_030_A_XV,15.0,1993,12,9
M_030_A_XV,5.0,1993,12,10
M_030_A_XV,0.0,1993,12,11
M_030_A_XV,0.0,1993,12,12
M_030_A_XV,0.0,1993,12,13
M_030_A_XV,0.0,1993,12,14
M_030_A_XV,0.0,1993,12,15
M_030_A_XV,0.0,1993,12,16
M_030_A_XV,0.0,1993,12,17
M_030_A_XV,0.0,1993,12,18
M_030_A_XV,0.0,1993,12,19
M_030_A_XV,0.0,1993,12,20
M_030_A_XV,0.0,1993,12,21
M_030_A_XV,0.0,1993,12,22
M_030_A_XV,0.0,1993,12,23
M_030_A_XV,0.0,1993,12,24
M_030_A_XV,0.0,1993,12,25
M_030_A_XV,0.0,1993,12,26
M_030_A_XV,0.0,1993,12,27
M_030_A_XV,0.0,1993,12,28
M_030_A_XV,0.0,1993,12,29
M_030_A_XV,0.0,1993,12,30
M_030_A_XV,0.0,1993,12,31
M_030_A_XV,0.0,1994,1,1
M_030_A_XV,0.0,1994,1,2
M_030_A_XV,0.0,1994,1,3
M_030_A_XV,1.0,1994,1,4
M_030_A_XV,4.0,1994,1,5
M_030_A_XV,0.0,1994,1,6
M_030_A_XV,14.0,1994,1,7
M_030_A_XV,0.0,1994,1,8
M_030_A_XV,0.0,1994,1,9
M_030_A_XV,0.0,1994,1,10
M_030_A_XV,0.0,1994,1,11
M_030_A_XV,0.0,1994,1,12
M_030_A_XV,0.0,1994,1,13
M_030_A_XV,0.0,1994,1,14
M_030_A_XV,3.0,1994,1,15
M_030_A_XV,5.0,1994,1,16
M_030_A_XV,8.0,1994,1,17
M_030_A_XV,6.0,1994,1,18
M_030_A_XV,6.0,1994,1,19
M_030_A_XV,22.0,1994,1,20
M_030_A_XV,11.0,1994,1,21
M_030_A_XV,18.0,1994,1,22
M_030_A_XV,4.0,1994,1,23
M_030_A_XV,12.0,1994,1,24
M_030_A_XV,0.0,1994,1,25
M_030_A_XV,0.0,1994,1,26
M_030_A_XV,0.0,1994,1,27
M_030_A_XV,0.0,1994,1,28
M_030_A_XV,0.0,1994,1,29
M_030_A_XV,0.0,1994,1,30
M_030_A_XV,0.0,1994,1,31
M_030_A_XV,8.0,1994,2,1
M_030_A_XV,6.0,1994,2,2
M_030_A_XV,14.0,1994,2,3
M_030_A_XV,24.0,1994,2,4
M_030_A_XV,9.0,1994,2,5
M_030_A_XV,6.0,1994,2,6
M_030_A_XV,15.0,1994,2,7
M_030_A_XV,15.0,1994,2,8
M_030_A_XV,8.0,1994,2,9
M_030_A_XV,25.0,1994,2,10
M_030_A_XV,20.0,1994,2,11
M_030_A_XV,13.0,1994,2,12
M_030_A_XV,15.0,1994,2,13
M_030_A_XV,12.0,1994,2,14
M_030_A_XV,8.0,1994,2,15
M_030_A_XV,8.0,1994,2,16
M_030_A_XV,5.0,1994,2,17
M_030_A_XV,0.0,1994,2,18
M_030_A_XV,0.0,1994,2,19
M_030_A_XV,0.0,1994,2,20
M_030_A_XV,0.0,1994,2,21
M_030_A_XV,0.0,1994,2,22
M_030_A_XV,0.0,1994,2,23
M_030_A_XV,0.0,1994,2,24
M_030_A_XV,0.0,1994,2,25
M_030_A_XV,0.0,1994,2,26
M_030_A_XV,0.0,1994,2,27
M_030_A_XV,0.0,1994,2,28
M_030_A_XV,0.0,1994,3,1
M_030_A_XV,0.0,1994,3,2
M_030_A_XV,0.0,1994,3,3
M_030_A_XV,0.0,1994,3,4
M_030_A_XV,0.0,1994,3,5
M_030_A_XV,0.0,1994,3,6
M_030_A_XV,0.0,1994,3,7
M_030_A_XV,0.0,1994,3,8
M_030_A_XV,0.0,1994,3,9
M_030_A_XV,0.0,1994,3,10
M_030_A_XV,4.0,1994,3,11
M_030_A_XV,0.0,1994,3,12
M_030_A_XV,0.0,1994,3,13
M_030_A_XV,0.0,1994,3,14
M_030_A_XV,0.0,1994,3,15
M_030_A_XV,0.0,1994,3,16
M_030_A_XV,0.0,1994,3,17
M_030_A_XV,0.0,1994,3,18
M_030_A_XV,0.0,1994,3,19
M_030_A_XV,0.0,1994,3,20
M_030_A_XV,4.0,1994,3,21
M_030_A_XV,0.0,1994,3,22
M_030_A_XV,5.0,1994,3,23
M_030_A_XV,12.0,1994,3,24
M_030_A_XV,0.0,1994,3,25
M_030_A_XV,0.0,1994,3,26
M_030_A_XV,0.0,1994,3,27
M_030_A_XV,0.0,1994,3,28
M_030_A_XV,0.0,1994,3,29
M_030_A_XV,0.0,1994,3,30
M_030_A_XV,0.0,1994,3,31
M_030_A_XV,0.0,1994,4,1
M_030_A_XV,0.0,1994,4,2
M_030_A_XV,0.0,1994,4,3
M_030_A_XV,0.0,1994,4,4
M_030_A_XV,0.0,1994,4,5
M_030_A_XV,0.0,1994,4,6
M_030_A_XV,0.0,1994,4,7
M_030_A_XV,0.0,1994,4,8
M_030_A_XV,0.0,1994,4,9
M_030_A_XV,0.0,1994,4,10
M_030_A_XV,0.0,1994,4,11
M_030_A_XV,0.0,1994,4,12
M_030_A_XV,0.0,1994,4,13
M_030_A_XV,0.0,1994,4,14
M_030_A_XV,9.0,1994,4,15
M_030_A_XV,0.0,1994,4,16
M_030_A_XV,0.0,1994,4,17
M_030_A_XV,0.0,1994,4,18
M_030_A_XV,0.0,1994,4,19
M_030_A_XV,0.0,1994,4,20
M_030_A_XV,5.0,1994,4,21
M_030_A_XV,0.0,1994,4,22
M_030_A_XV,0.0,1994,4,23
M_030_A_XV,0.0,1994,4,24
M_030_A_XV,0.0,1994,4,25
M_030_A_XV,0.0,1994,4,26
M_030_A_XV,0.0,1994,4,27
M_030_A_XV,0.0,1994,4,28
M_030_A_XV,0.0,1994,4,29
M_030_A_XV,0.0,1994,4,30
M_030_A_XV,0.0,1994,5,1
M_030_A_XV,0.0,1994,5,2
M_030_A_XV,0.0,1994,5,3
M_030_A_XV,0.0,1994,5,4
M_030_A_XV,0.0,1994,5,5
M_030_A_XV,0.0,1994,5,6
M_030_A_XV,0.0,1994,5,7
M_030_A_XV,0.0,1994,5,8
M_030_A_XV,0.0,1994,5,9
M_030_A_XV,0.0,1994,5,10
M_030_A_XV,0.0,1994,5,11
M_030_A_XV,0.0,1994,5,12
M_030_A_XV,0.0,1994,5,13
M_030_A_XV,0.0,1994,5,14
M_030_A_XV,0.0,1994,5,15
M_030_A_XV,0.0,1994,5,16
M_030_A_XV,0.0,1994,5,17
M_030_A_XV,0.0,1994,5,18
M_030_A_XV,0.0,1994,5,19
M_030_A_XV,0.0,1994,5,20
M_030_A_XV,0.0,1994,5,21
M_030_A_XV,0.0,1994,5,22
M_030_A_XV,0.0,1994,5,23
M_030_A_XV,0.0,1994,5,24
M_030_A_XV,0.0,1994,5,25
M_030_A_XV,0.0,1994,5,26
M_030_A_XV,0.0,1994,5,27
M_030_A_XV,0.0,1994,5,28
M_030_A_XV,0.0,1994,5,29
M_030_A_XV,0.0,1994,5,30
M_030_A_XV,0.0,1994,5,31
M_030_A_XV,0.0,1994,6,1
M_030_A_XV,0.0,1994,6,2
M_030_A_XV,0.0,1994,6,3
M_030_A_XV,0.0,1994,6,4
M_030_A_XV,0.0,1994,6,5
M_030_A_XV,0.0,1994,6,6
M_030_A_XV,0.0,1994,6,7
M_030_A_XV,0.0,1994,6,8
M_030_A_XV,0.0,1994,6,9
M_030_A_XV,0.0,1994,6,10
M_030_A_XV,0.0,1994,6,11
M_030_A_XV,0.0,1994,6,12
M_030_A_XV,0.0,1994,6,13
M_030_A_XV,0.0,1994,6,14
M_030_A_XV,0.0,1994,6,15
M_030_A_XV,0.0,1994,6,16
M_030_A_XV,0.0,1994,6,17
M_030_A_XV,0.0,1994,6,18
M_030_A_XV,0.0,1994,6,19
M_030_A_XV,0.0,1994,6,20
M_030_A_XV,0.0,1994,6,21
M_030_A_XV,0.0,1994,6,22
M_030_A_XV,0.0,1994,6,23
M_030_A_XV,0.0,1994,6,24
M_030_A_XV,0.0,1994,6,25
M_030_A_XV,0.0,1994,6,26
M_030_A_XV,0.0,1994,6,27
M_030_A_XV,0.0,1994,6,28
M_030_A_XV,0.0,1994,6,29
M_030_A_XV,0.0,1994,6,30
M_030_A_XV,0.0,1994,7,1
M_030_A_XV,0.0,1994,7,2
M_030_A_XV,0.0,1994,7,3
M_030_A_XV,0.0,1994,7,4
M_030_A_XV,0.0,1994,7,5
M_030_A_XV,0.0,1994,7,6
M_030_A_XV,0.0,1994,7,7
M_030_A_XV,0.0,1994,7,8
M_030_A_XV,0.0,1994,7,9
M_030_A_XV,0.0,1994,7,10
M_030_A_XV,0.0,1994,7,11
M_030_A_XV,0.0,1994,7,12
M_030_A_XV,0.0,1994,7,13
M_030_A_XV,0.0,1994,7,14
M_030_A_XV,0.0,1994,7,15
M_030_A_XV,0.0,1994,7,16
M_030_A_XV,0.0,1994,7,17
M_030_A_XV,0.0,1994,7,18
M_030_A_XV,0.0,1994,7,19
M_030_A_XV,0.0,1994,7,20
M_030_A_XV,0.0,1994,7,21
M_030_A_XV,0.0,1994,7,22
M_030_A_XV,0.0,1994,7,23
M_030_A_XV,0.0,1994,7,24
M_030_A_XV,0.0,1994,7,25
M_030_A_XV,0.0,1994,7,26
M_030_A_XV,0.0,1994,7,27
M_030_A_XV,0.0,1994,7,28
M_030_A_XV,0.0,1994,7,29
M_030_A_XV,0.0,1994,7,30
M_030_A_XV,0.0,1994,7,31
M_030_A_XV,0.0,1994,8,1
M_030_A_XV,0.0,1994,8,2
M_030_A_XV,0.0,1994,8,3
M_030_A_XV,0.0,1994,8,4
M_030_A_XV,0.0,1994,8,5
M_030_A_XV,0.0,1994,8,6
M_030_A_XV,0.0,1994,8,7
M_030_A_XV,0.0,1994,8,8
M_030_A_XV,0.0,1994,8,9
M_030_A_XV,0.0,1994,8,10
M_030_A_XV,0.0,1994,8,11
M_030_A_XV,0.0,1994,8,12
M_030_A_XV,0.0,1994,8,13
M_030_A_XV,0.0,1994,8,14
M_030_A_XV,0.0,1994,8,15
M_030_A_XV,0.0,1994,8,16
M_030_A_XV,0.0,1994,8,17
M_030_A_XV,0.0,1994,8,18
M_030_A_XV,0.0,1994,8,19
M_030_A_XV,0.0,1994,8,20
M_030_A_XV,0.0,1994,8,21
M_030_A_XV,0.0,1994,8,22
M_030_A_XV,0.0,1994,8,23
M_030_A_XV,0.0,1994,8,24
M_030_A_XV,0.0,1994,8,25
M_030_A_XV,0.0,1994,8,26
M_030_A_XV,0.0,1994,8,27
M_030_A_XV,0.0,1994,8,28
M_030_A_XV,0.0,1994,8,29
M_030_A_XV,0.0,1994,8,30
M_030_A_XV,0.0,1994,8,31
M_030_A_XV,0.0,1994,9,1
M_030_A_XV,0.0,1994,9,2
M_030_A_XV,0.0,1994,9,3
M_030_A_XV,0.0,1994,9,4
M_030_A_XV,0.0,1994,9,5
M_030_A_XV,0.0,1994,9,6
M_030_A_XV,0.0,1994,9,7
M_030_A_XV,0.0,1994,9,8
M_030_A_XV,0.0,1994,9,9
M_030_A_XV,0.0,1994,9,10
M_030_A_XV,0.0,1994,9,11
M_030_A_XV,0.0,1994,9,12
M_030_A_XV,0.0,1994,9,13
M_030_A_XV,0.0,1994,9,14
M_030_A_XV,0.0,1994,9,15
M_030_A_XV,0.0,1994,9,16
M_030_A_XV,0.0,1994,9,17
M_030_A_XV,0.0,1994,9,18
M_030_A_XV,0.0,1994,9,19
M_030_A_XV,0.0,1994,9,20
M_030_A_XV,0.0,1994,9,21
M_030_A_XV,0.0,1994,9,22
M_030_A_XV,0.0,1994,9,23
M_030_A_XV,0.0,1994,9,24
M_030_A_XV,0.0,1994,9,25
M_030_A_XV,0.0,1994,9,26
M_030_A_XV,0.0,1994,9,27
M_030_A_XV,0.0,1994,9,28
M_030_A_XV,0.0,1994,9,29
M_030_A_XV,0.0,1994,9,30
M_030_A_XV,0.0,1994,10,1
M_030_A_XV,0.0,1994,10,2
M_030_A_XV,0.0,1994,10,3
M_030_A_XV,0.0,1994,10,4
M_030_A_XV,0.0,1994,10,5
M_030_A_XV,0.0,1994,10,6
M_030_A_XV,0.0,1994,10,7
M_030_A_XV,0.0,1994,10,8
M_030_A_XV,0.0,1994,10,9
M_030_A_XV,0.0,1994,10,10
M_030_A_XV,0.0,1994,10,11
M_030_A_XV,0.0,1994,10,12
M_030_A_XV,0.0,1994,10,13
M_030_A_XV,0.0,1994,10,14
M_030_A_XV,0.0,1994,10,15
M_030_A_XV,0.0,1994,10,16
M_030_A_XV,0.0,1994,10,17
M_030_A_XV,0.0,1994,10,18
M_030_A_XV,0.0,1994,10,19
M_030_A_XV,0.0,1994,10,20
M_030_A_XV,0.0,1994,10,21
M_030_A_XV,0.0,1994,10,22
M_030_A_XV,0.0,1994,10,23
M_030_A_XV,0.0,1994,10,24
M_030_A_XV,0.0,1994,10,25
M_030_A_XV,0.0,1994,10,26
M_030_A_XV,0.0,1994,10,27
M_030_A_XV,0.0,1994,10,28
M_030_A_XV,0.0,1994,10,29
M_030_A_XV,0.0,1994,10,30
M_030_A_XV,0.0,1994,10,31
M_030_A_XV,0.0,1994,11,1
M_030_A_XV,0.0,1994,11,2
M_030_A_XV,0.0,1994,11,3
M_030_A_XV,0.0,1994,11,4
M_030_A_XV,0.0,1994,11,5
M_030_A_XV,0.0,1994,11,6
M_030_A_XV,0.0,1994,11,7
M_030_A_XV,0.0,1994,11,8
M_030_A_XV,0.0,1994,11,9
M_030_A_XV,0.0,1994,11,10
M_030_A_XV,0.0,1994,11,11
M_030_A_XV,0.0,1994,11,12
M_030_A_XV,0.0,1994,11,13
M_030_A_XV,0.0,1994,11,14
M_030_A_XV,0.0,1994,11,15
M_030_A_XV,0.0,1994,11,16
M_030_A_XV,0.0,1994,11,17
M_030_A_XV,0.0,1994,11,18
M_030_A_XV,0.0,1994,11,19
M_030_A_XV,0.0,1994,11,20
M_030_A_XV,0.0,1994,11,21
M_030_A_XV,0.0,1994,11,22
M_030_A_XV,0.0,1994,11,23
M_030_A_XV,0.0,1994,11,24
M_030_A_XV,0.0,1994,11,25
M_030_A_XV,0.0,1994,11,26
M_030_A_XV,0.0,1994,11,27
M_030_A_XV,0.0,1994,11,28
M_030_A_XV,0.0,1994,11,29
M_030_A_XV,0.0,1994,11,30
M_030_A_XV,0.0,1994,12,1
M_030_A_XV,0.0,1994,12,2
M_030_A_XV,0.0,1994,12,3
M_030_A_XV,0.0,1994,12,4
M_030_A_XV,0.0,1994,12,5
M_030_A_XV,0.0,1994,12,6
M_030_A_XV,0.0,1994,12,7
M_030_A_XV,5.5,1994,12,8
M_030_A_XV,5.0,1994,12,9
M_030_A_XV,20.0,1994,12,10
M_030_A_XV,18.0,1994,12,11
M_030_A_XV,0.0,1994,12,12
M_030_A_XV,2.0,1994,12,13
M_030_A_XV,5.0,1994,12,14
M_030_A_XV,7.0,1994,12,15
M_030_A_XV,1.0,1994,12,16
M_030_A_XV,0.0,1994,12,17
M_030_A_XV,0.0,1994,12,18
M_030_A_XV,0.0,1994,12,19
M_030_A_XV,0.0,1994,12,20
M_030_A_XV,0.0,1994,12,21
M_030_A_XV,0.0,1994,12,22
M_030_A_XV,0.0,1994,12,23
M_030_A_XV,0.0,1994,12,24
M_030_A_XV,0.0,1994,12,25
M_030_A_XV,0.0,1994,12,26
M_030_A_XV,0.0,1994,12,27
M_030_A_XV,0.0,1994,12,28
M_030_A_XV,10.5,1994,12,29
M_030_A_XV,0.0,1994,12,30
M_030_A_XV,0.0,1994,12,31
M_030_A_XV,0.0,1995,1,1
M_030_A_XV,6.5,1995,1,2
M_030_A_XV,0.0,1995,1,3
M_030_A_XV,0.0,1995,1,4
M_030_A_XV,0.0,1995,1,5
M_030_A_XV,10.0,1995,1,6
M_030_A_XV,0.0,1995,1,7
M_030_A_XV,0.0,1995,1,8
M_030_A_XV,0.0,1995,1,9
M_030_A_XV,0.0,1995,1,10
M_030_A_XV,0.0,1995,1,11
M_030_A_XV,0.0,1995,1,12
M_030_A_XV,0.0,1995,1,13
M_030_A_XV,0.0,1995,1,14
M_030_A_XV,0.0,1995,1,15
M_030_A_XV,5.0,1995,1,16
M_030_A_XV,5.0,1995,1,17
M_030_A_XV,4.0,1995,1,18
M_030_A_XV,6.0,1995,1,19
M_030_A_XV,4.5,1995,1,20
M_030_A_XV,5.0,1995,1,21
M_030_A_XV,0.0,1995,1,22
M_030_A_XV,3.0,1995,1,23
M_030_A_XV,2.0,1995,1,24
M_030_A_XV,2.0,1995,1,25
M_030_A_XV,10.5,1995,1,26
M_030_A_XV,3.0,1995,1,27
M_030_A_XV,10.0,1995,1,28
M_030_A_XV,15.0,1995,1,29
M_030_A_XV,8.0,1995,1,30
M_030_A_XV,0.0,1995,1,31
M_030_A_XV,0.0,1995,2,1
M_030_A_XV,0.0,1995,2,2
M_030_A_XV,0.0,1995,2,3
M_030_A_XV,0.0,1995,2,4
M_030_A_XV,0.0,1995,2,5
M_030_A_XV,0.0,1995,2,6
M_030_A_XV,0.0,1995,2,7
M_030_A_XV,0.0,1995,2,8
M_030_A_XV,0.0,1995,2,9
M_030_A_XV,0.0,1995,2,10
M_030_A_XV,0.0,1995,2,11
M_030_A_XV,0.0,1995,2,12
M_030_A_XV,0.0,1995,2,13
M_030_A_XV,0.0,1995,2,14
M_030_A_XV,0.0,1995,2,15
M_030_A_XV,0.0,1995,2,16
M_030_A_XV,0.0,1995,2,17
M_030_A_XV,0.0,1995,2,18
M_030_A_XV,0.0,1995,2,19
M_030_A_XV,0.0,1995,2,20
M_030_A_XV,0.0,1995,2,21
M_030_A_XV,0.0,1995,2,22
M_030_A_XV,0.0,1995,2,23
M_030_A_XV,0.0,1995,2,24
M_030_A_XV,0.0,1995,2,25
M_030_A_XV,0.0,1995,2,26
M_030_A_XV,0.0,1995,2,27
M_030_A_XV,0.0,1995,2,28
M_030_A_XV,3.0,1995,3,1
M_030_A_XV,0.0,1995,3,2
M_030_A_XV,0.0,1995,3,3
M_030_A_XV,0.0,1995,3,4
M_030_A_XV,14.0,1995,3,5
M_030_A_XV,7.0,1995,3,6
M_030_A_XV,2.0,1995,3,7
M_030_A_XV,10.0,1995,3,8
M_030_A_XV,0.0,1995,3,9
M_030_A_XV,5.3,1995,3,10
M_030_A_XV,21.0,1995,3,11
M_030_A_XV,5.0,1995,3,12
M_030_A_XV,0.0,1995,3,13
M_030_A_XV,16.0,1995,3,14
M_030_A_XV,33.2,1995,3,15
M_030_A_XV,8.0,1995,3,16
M_030_A_XV,0.0,1995,3,17
M_030_A_XV,0.0,1995,3,18
M_030_A_XV,0.0,1995,3,19
M_030_A_XV,0.0,1995,3,20
M_030_A_XV,0.0,1995,3,21
M_030_A_XV,0.0,1995,3,22
M_030_A_XV,0.0,1995,3,23
M_030_A_XV,5.0,1995,3,24
M_030_A_XV,0.0,1995,3,25
M_030_A_XV,0.0,1995,3,26
M_030_A_XV,0.0,1995,3,27
M_030_A_XV,0.0,1995,3,28
M_030_A_XV,0.0,1995,3,29
M_030_A_XV,0.0,1995,3,30
M_030_A_XV,0.0,1995,3,31
M_030_A_XV,0.0,1995,4,1
M_030_A_XV,0.0,1995,4,2
M_030_A_XV,0.0,1995,4,3
M_030_A_XV,0.0,1995,4,4
M_030_A_XV,0.0,1995,4,5
M_030_A_XV,0.0,1995,4,6
M_030_A_XV,0.0,1995,4,7
M_030_A_XV,0.0,1995,4,8
M_030_A_XV,0.0,1995,4,9
M_030_A_XV,0.0,1995,4,10
M_030_A_XV,0.0,1995,4,11
M_030_A_XV,0.0,1995,4,12
M_030_A_XV,16.3,1995,4,13
M_030_A_XV,0.0,1995,4,14
M_030_A_XV,0.0,1995,4,15
M_030_A_XV,0.0,1995,4,16
M_030_A_XV,0.0,1995,4,17
M_030_A_XV,0.0,1995,4,18
M_030_A_XV,0.0,1995,4,19
M_030_A_XV,0.0,1995,4,20
M_030_A_XV,0.0,1995,4,21
M_030_A_XV,0.0,1995,4,22
M_030_A_XV,0.0,1995,4,23
M_030_A_XV,0.0,1995,4,24
M_030_A_XV,0.0,1995,4,25
M_030_A_XV,0.0,1995,4,26
M_030_A_XV,0.0,1995,4,27
M_030_A_XV,0.0,1995,4,28
M_030_A_XV,0.0,1995,4,29
M_030_A_XV,0.0,1995,4,30
M_030_A_XV,0.0,1995,5,1
M_030_A_XV,0.0,1995,5,2
M_030_A_XV,0.0,1995,5,3
M_030_A_XV,0.0,1995,5,4
M_030_A_XV,0.0,1995,5,5
M_030_A_XV,0.0,1995,5,6
M_030_A_XV,0.0,1995,5,7
M_030_A_XV,0.0,1995,5,8
M_030_A_XV,0.0,1995,5,9
M_030_A_XV,0.0,1995,5,10
M_030_A_XV,0.0,1995,5,11
M_030_A_XV,0.0,1995,5,12
M_030_A_XV,0.0,1995,5,13
M_030_A_XV,0.0,1995,5,14
M_030_A_XV,0.0,1995,5,15
M_030_A_XV,0.3,1995,5,16
M_030_A_XV,0.2,1995,5,17
M_030_A_XV,0.0,1995,5,18
M_030_A_XV,0.0,1995,5,19
M_030_A_XV,0.0,1995,5,20
M_030_A_XV,0.0,1995,5,21
M_030_A_XV,0.0,1995,5,22
M_030_A_XV,0.0,1995,5,23
M_030_A_XV,0.0,1995,5,24
M_030_A_XV,0.0,1995,5,25
M_030_A_XV,0.0,1995,5,26
M_030_A_XV,0.0,1995,5,27
M_030_A_XV,0.0,1995,5,28
M_030_A_XV,0.0,1995,5,29
M_030_A_XV,0.0,1995,5,30
M_030_A_XV,0.0,1995,5,31
M_030_A_XV,0.0,1995,6,1
M_030_A_XV,0.0,1995,6,2
M_030_A_XV,0.0,1995,6,3
M_030_A_XV,0.0,1995,6,4
M_030_A_XV,0.0,1995,6,5
M_030_A_XV,0.0,1995,6,6
M_030_A_XV,0.0,1995,6,7
M_030_A_XV,0.0,1995,6,8
M_030_A_XV,0.0,1995,6,9
M_030_A_XV,0.0,1995,6,10
M_030_A_XV,0.0,1995,6,11
M_030_A_XV,0.0,1995,6,12
M_030_A_XV,0.0,1995,6,13
M_030_A_XV,0.0,1995,6,14
M_030_A_XV,0.0,1995,6,15
M_030_A_XV,0.0,1995,6,16
M_030_A_XV,0.0,1995,6,17
M_030_A_XV,0.0,1995,6,18
M_030_A_XV,0.0,1995,6,19
M_030_A_XV,0.0,1995,6,20
M_030_A_XV,0.0,1995,6,21
M_030_A_XV,0.0,1995,6,22
M_030_A_XV,0.0,1995,6,23
M_030_A_XV,0.0,1995,6,24
M_030_A_XV,0.0,1995,6,25
M_030_A_XV,0.0,1995,6,26
M_030_A_XV,0.0,1995,6,27
M_030_A_XV,0.0,1995,6,28
M_030_A_XV,0.0,1995,6,29
M_030_A_XV,0.0,1995,6,30
M_030_A_XV,0.0,1995,8,1
M_030_A_XV,0.0,1995,8,2
M_030_A_XV,0.0,1995,8,3
M_030_A_XV,0.0,1995,8,4
M_030_A_XV,0.0,1995,8,5
M_030_A_XV,0.0,1995,8,6
M_030_A_XV,0.0,1995,8,7
M_030_A_XV,0.0,1995,8,8
M_030_A_XV,0.0,1995,8,9
M_030_A_XV,0.0,1995,8,10
M_030_A_XV,0.0,1995,8,11
M_030_A_XV,0.0,1995,8,12
M_030_A_XV,0.0,1995,8,13
M_030_A_XV,0.0,1995,8,14
M_030_A_XV,0.0,1995,8,15
M_030_A_XV,0.0,1995,8,16
M_030_A_XV,0.0,1995,8,17
M_030_A_XV,0.0,1995,8,18
M_030_A_XV,0.0,1995,8,19
M_030_A_XV,0.0,1995,8,20
M_030_A_XV,0.0,1995,8,21
M_030_A_XV,0.0,1995,8,22
M_030_A_XV,0.0,1995,8,23
M_030_A_XV,0.0,1995,8,24
M_030_A_XV,0.0,1995,8,25
M_030_A_XV,0.0,1995,8,26
M_030_A_XV,0.0,1995,8,27
M_030_A_XV,0.0,1995,8,28
M_030_A_XV,0.0,1995,8,29
M_030_A_XV,0.0,1995,8,30
M_030_A_XV,0.0,1995,8,31
M_030_A_XV,0.0,1995,10,1
M_030_A_XV,0.0,1995,10,2
M_030_A_XV,0.0,1995,10,3
M_030_A_XV,0.0,1995,10,4
M_030_A_XV,0.0,1995,10,5
M_030_A_XV,0.0,1995,10,6
M_030_A_XV,0.0,1995,10,7
M_030_A_XV,0.0,1995,10,8
M_030_A_XV,0.0,1995,10,9
M_030_A_XV,0.0,1995,10,10
M_030_A_XV,0.0,1995,10,11
M_030_A_XV,0.0,1995,10,12
M_030_A_XV,0.0,1995,10,13
M_030_A_XV,0.0,1995,10,14
M_030_A_XV,0.0,1995,10,15
M_030_A_XV,0.0,1995,10,16
M_030_A_XV,0.0,1995,10,17
M_030_A_XV,0.0,1995,10,18
M_030_A_XV,0.0,1995,10,19
M_030_A_XV,0.0,1995,10,20
M_030_A_XV,0.0,1995,10,21
M_030_A_XV,0.0,1995,10,22
M_030_A_XV,0.0,1995,10,23
M_030_A_XV,0.0,1995,10,24
M_030_A_XV,0.0,1995,10,25
M_030_A_XV,0.0,1995,10,26
M_030_A_XV,0.0,1995,10,27
M_030_A_XV,0.0,1995,10,28
M_030_A_XV,0.0,1995,10,29
M_030_A_XV,0.0,1995,10,30
M_030_A_XV,0.0,1995,10,31
M_030_A_XV,0.0,1995,12,1
M_030_A_XV,0.0,1995,12,2
M_030_A_XV,0.0,1995,12,3
M_030_A_XV,0.0,1995,12,4
M_030_A_XV,0.0,1995,12,5
M_030_A_XV,0.0,1995,12,6
M_030_A_XV,0.0,1995,12,7
M_030_A_XV,0.0,1995,12,8
M_030_A_XV,0.0,1995,12,9
M_030_A_XV,0.0,1995,12,10
M_030_A_XV,0.0,1995,12,11
M_030_A_XV,0.0,1995,12,12
M_030_A_XV,0.0,1995,12,13
M_030_A_XV,0.0,1995,12,14
M_030_A_XV,0.0,1995,12,15
M_030_A_XV,0.0,1995,12,16
M_030_A_XV,0.0,1995,12,17
M_030_A_XV,0.0,1995,12,18
M_030_A_XV,0.0,1995,12,19
M_030_A_XV,0.0,1995,12,20
M_030_A_XV,0.0,1995,12,21
M_030_A_XV,0.0,1995,12,22
M_030_A_XV,2.0,1995,12,23
M_030_A_XV,10.0,1995,12,24
M_030_A_XV,6.0,1995,12,25
M_030_A_XV,4.0,1995,12,26
M_030_A_XV,0.0,1995,12,27
M_030_A_XV,0.0,1995,12,28
M_030_A_XV,0.0,1995,12,29
M_030_A_XV,0.0,1995,12,30
M_030_A_XV,0.0,1995,12,31
M_030_A_XV,0.0,1996,1,1
M_030_A_XV,0.0,1996,1,2
M_030_A_XV,0.0,1996,1,3
M_030_A_XV,0.0,1996,1,4
M_030_A_XV,0.0,1996,1,5
M_030_A_XV,0.0,1996,1,6
M_030_A_XV,0.0,1996,1,7
M_030_A_XV,0.0,1996,1,8
M_030_A_XV,0.0,1996,1,9
M_030_A_XV,0.0,1996,1,10
M_030_A_XV,0.0,1996,1,11
M_030_A_XV,0.0,1996,1,12
M_030_A_XV,2.0,1996,1,13
M_030_A_XV,8.0,1996,1,14
M_030_A_XV,8.0,1996,1,15
M_030_A_XV,7.0,1996,1,16
M_030_A_XV,0.0,1996,1,17
M_030_A_XV,0.0,1996,1,18
M_030_A_XV,0.0,1996,1,19
M_030_A_XV,7.0,1996,1,20
M_030_A_XV,3.0,1996,1,21
M_030_A_XV,11.0,1996,1,22
M_030_A_XV,7.4,1996,1,23
M_030_A_XV,5.5,1996,1,24
M_030_A_XV,0.0,1996,1,25
M_030_A_XV,0.0,1996,1,26
M_030_A_XV,0.0,1996,1,27
M_030_A_XV,0.0,1996,1,28
M_030_A_XV,0.0,1996,1,29
M_030_A_XV,0.0,1996,1,30
M_030_A_XV,0.0,1996,1,31
M_030_A_XV,0.0,1996,2,1
M_030_A_XV,0.0,1996,2,2
M_030_A_XV,0.0,1996,2,3
M_030_A_XV,0.0,1996,2,4
M_030_A_XV,0.0,1996,2,5
M_030_A_XV,0.0,1996,2,6
M_030_A_XV,1.0,1996,2,7
M_030_A_XV,2.0,1996,2,8
M_030_A_XV,2.0,1996,2,9
M_030_A_XV,3.0,1996,2,10
M_030_A_XV,25.0,1996,2,11
M_030_A_XV,6.0,1996,2,12
M_030_A_XV,7.5,1996,2,13
M_030_A_XV,3.0,1996,2,14
M_030_A_XV,1.0,1996,2,15
M_030_A_XV,7.0,1996,2,16
M_030_A_XV,0.0,1996,2,17
M_030_A_XV,4.0,1996,2,18
M_030_A_XV,4.0,1996,2,19
M_030_A_XV,16.0,1996,2,20
M_030_A_XV,1.0,1996,2,21
M_030_A_XV,0.0,1996,2,22
M_030_A_XV,4.0,1996,2,23
M_030_A_XV,6.0,1996,2,24
M_030_A_XV,4.0,1996,2,25
M_030_A_XV,4.0,1996,2,26
M_030_A_XV,0.0,1996,2,27
M_030_A_XV,0.0,1996,2,28
M_030_A_XV,0.0,1996,2,29
M_030_A_XV,3.0,1996,3,1
M_030_A_XV,3.0,1996,3,2
M_030_A_XV,0.0,1996,3,3
M_030_A_XV,0.0,1996,3,4
M_030_A_XV,0.0,1996,3,5
M_030_A_XV,0.0,1996,3,6
M_030_A_XV,0.0,1996,3,7
M_030_A_XV,0.0,1996,3,8
M_030_A_XV,0.0,1996,3,9
M_030_A_XV,0.0,1996,3,10
M_030_A_XV,0.0,1996,3,11
M_030_A_XV,0.0,1996,3,12
M_030_A_XV,0.0,1996,3,13
M_030_A_XV,0.0,1996,3,14
M_030_A_XV,0.0,1996,3,15
M_030_A_XV,0.0,1996,3,16
M_030_A_XV,0.0,1996,3,17
M_030_A_XV,0.0,1996,3,18
M_030_A_XV,0.0,1996,3,19
M_030_A_XV,0.0,1996,3,20
M_030_A_XV,0.0,1996,3,21
M_030_A_XV,8.0,1996,3,22
M_030_A_XV,5.0,1996,3,23
M_030_A_XV,0.0,1996,3,24
M_030_A_XV,0.0,1996,3,25
M_030_A_XV,0.0,1996,3,26
M_030_A_XV,0.0,1996,3,27
M_030_A_XV,0.0,1996,3,28
M_030_A_XV,0.0,1996,3,29
M_030_A_XV,0.0,1996,3,30
M_030_A_XV,0.0,1996,3,31
M_030_A_XV,0.0,1996,4,1
M_030_A_XV,3.0,1996,4,2
M_030_A_XV,0.0,1996,4,3
M_030_A_XV,0.0,1996,4,4
M_030_A_XV,0.0,1996,4,5
M_030_A_XV,0.0,1996,4,6
M_030_A_XV,0.0,1996,4,7
M_030_A_XV,0.0,1996,4,8
M_030_A_XV,0.0,1996,4,9
M_030_A_XV,0.0,1996,4,10
M_030_A_XV,0.0,1996,4,11
M_030_A_XV,0.0,1996,4,12
M_030_A_XV,0.0,1996,4,13
M_030_A_XV,0.0,1996,4,14
M_030_A_XV,0.0,1996,4,15
M_030_A_XV,0.0,1996,4,16
M_030_A_XV,2.0,1996,4,17
M_030_A_XV,0.0,1996,4,18
M_030_A_XV,0.0,1996,4,19
M_030_A_XV,0.0,1996,4,20
M_030_A_XV,0.0,1996,4,21
M_030_A_XV,0.0,1996,4,22
M_030_A_XV,0.0,1996,4,23
M_030_A_XV,0.0,1996,4,24
M_030_A_XV,0.0,1996,4,25
M_030_A_XV,0.0,1996,4,26
M_030_A_XV,0.0,1996,4,27
M_030_A_XV,0.0,1996,4,28
M_030_A_XV,0.0,1996,4,29
M_030_A_XV,0.0,1996,4,30
M_030_A_XV,0.0,1996,5,1
M_030_A_XV,0.0,1996,5,2
M_030_A_XV,0.0,1996,5,3
M_030_A_XV,0.0,1996,5,4
M_030_A_XV,0.0,1996,5,5
M_030_A_XV,0.0,1996,5,6
M_030_A_XV,0.0,1996,5,7
M_030_A_XV,0.0,1996,5,8
M_030_A_XV,0.0,1996,5,9
M_030_A_XV,0.0,1996,5,10
M_030_A_XV,0.0,1996,5,11
M_030_A_XV,0.0,1996,5,12
M_030_A_XV,0.0,1996,5,13
M_030_A_XV,0.0,1996,5,14
M_030_A_XV,0.0,1996,5,15
M_030_A_XV,0.0,1996,5,16
M_030_A_XV,0.0,1996,5,17
M_030_A_XV,0.0,1996,5,18
M_030_A_XV,0.0,1996,5,19
M_030_A_XV,0.0,1996,5,20
M_030_A_XV,0.0,1996,5,21
M_030_A_XV,0.0,1996,5,22
M_030_A_XV,0.0,1996,5,23
M_030_A_XV,0.0,1996,5,24
M_030_A_XV,0.0,1996,5,25
M_030_A_XV,0.0,1996,5,26
M_030_A_XV,0.0,1996,5,27
M_030_A_XV,0.0,1996,5,28
M_030_A_XV,0.0,1996,5,29
M_030_A_XV,0.0,1996,5,30
M_030_A_XV,0.0,1996,5,31
M_030_A_XV,0.0,1996,6,1
M_030_A_XV,0.0,1996,6,2
M_030_A_XV,0.0,1996,6,3
M_030_A_XV,0.0,1996,6,4
M_030_A_XV,0.0,1996,6,5
M_030_A_XV,0.0,1996,6,6
M_030_A_XV,0.0,1996,6,7
M_030_A_XV,0.0,1996,6,8
M_030_A_XV,0.0,1996,6,9
M_030_A_XV,0.0,1996,6,10
M_030_A_XV,0.0,1996,6,11
M_030_A_XV,0.0,1996,6,12
M_030_A_XV,0.0,1996,6,13
M_030_A_XV,0.0,1996,6,14
M_030_A_XV,0.0,1996,6,15
M_030_A_XV,0.0,1996,6,16
M_030_A_XV,0.0,1996,6,17
M_030_A_XV,0.0,1996,6,18
M_030_A_XV,0.0,1996,6,19
M_030_A_XV,0.0,1996,6,20
M_030_A_XV,0.0,1996,6,21
M_030_A_XV,0.0,1996,6,22
M_030_A_XV,0.0,1996,6,23
M_030_A_XV,0.0,1996,6,24
M_030_A_XV,0.0,1996,6,25
M_030_A_XV,0.0,1996,6,26
M_030_A_XV,0.0,1996,6,27
M_030_A_XV,0.0,1996,6,28
M_030_A_XV,0.0,1996,6,29
M_030_A_XV,0.0,1996,6,30
M_030_A_XV,0.0,1996,7,1
M_030_A_XV,0.0,1996,7,2
M_030_A_XV,0.0,1996,7,3
M_030_A_XV,0.0,1996,7,4
M_030_A_XV,0.0,1996,7,5
M_030_A_XV,0.0,1996,7,6
M_030_A_XV,0.0,1996,7,7
M_030_A_XV,0.0,1996,7,8
M_030_A_XV,0.0,1996,7,9
M_030_A_XV,0.0,1996,7,10
M_030_A_XV,0.0,1996,7,11
M_030_A_XV,0.0,1996,7,12
M_030_A_XV,0.0,1996,7,13
M_030_A_XV,0.0,1996,7,14
M_030_A_XV,0.0,1996,7,15
M_030_A_XV,0.0,1996,7,16
M_030_A_XV,0.0,1996,7,17
M_030_A_XV,0.0,1996,7,18
M_030_A_XV,0.0,1996,7,19
M_030_A_XV,0.0,1996,7,20
M_030_A_XV,0.0,1996,7,21
M_030_A_XV,0.0,1996,7,22
M_030_A_XV,0.0,1996,7,23
M_030_A_XV,0.0,1996,7,24
M_030_A_XV,0.0,1996,7,25
M_030_A_XV,0.0,1996,7,26
M_030_A_XV,0.0,1996,7,27
M_030_A_XV,0.0,1996,7,28
M_030_A_XV,0.0,1996,7,29
M_030_A_XV,0.0,1996,7,30
M_030_A_XV,0.0,1996,7,31
M_030_A_XV,0.0,1996,8,1
M_030_A_XV,0.0,1996,8,2
M_030_A_XV,0.0,1996,8,3
M_030_A_XV,0.0,1996,8,4
M_030_A_XV,0.0,1996,8,5
M_030_A_XV,0.0,1996,8,6
M_030_A_XV,0.0,1996,8,7
M_030_A_XV,0.0,1996,8,8
M_030_A_XV,0.0,1996,8,9
M_030_A_XV,0.0,1996,8,10
M_030_A_XV,0.0,1996,8,11
M_030_A_XV,0.0,1996,8,12
M_030_A_XV,0.0,1996,8,13
M_030_A_XV,0.0,1996,8,14
M_030_A_XV,0.0,1996,8,15
M_030_A_XV,0.0,1996,8,16
M_030_A_XV,0.0,1996,8,17
M_030_A_XV,0.0,1996,8,18
M_030_A_XV,0.0,1996,8,19
M_030_A_XV,0.0,1996,8,20
M_030_A_XV,0.0,1996,8,21
M_030_A_XV,0.0,1996,8,22
M_030_A_XV,0.0,1996,8,23
M_030_A_XV,0.0,1996,8,24
M_030_A_XV,0.0,1996,8,25
M_030_A_XV,0.0,1996,8,26
M_030_A_XV,0.0,1996,8,27
M_030_A_XV,0.0,1996,8,28
M_030_A_XV,0.0,1996,8,29
M_030_A_XV,0.0,1996,8,30
M_030_A_XV,0.0,1996,8,31
M_030_A_XV,0.0,1996,9,1
M_030_A_XV,0.0,1996,9,2
M_030_A_XV,0.0,1996,9,3
M_030_A_XV,0.0,1996,9,4
M_030_A_XV,0.0,1996,9,5
M_030_A_XV,0.0,1996,9,6
M_030_A_XV,0.0,1996,9,7
M_030_A_XV,0.0,1996,9,8
M_030_A_XV,0.0,1996,9,9
M_030_A_XV,0.0,1996,9,10
M_030_A_XV,0.0,1996,9,11
M_030_A_XV,0.0,1996,9,12
M_030_A_XV,0.0,1996,9,13
M_030_A_XV,0.0,1996,9,14
M_030_A_XV,0.0,1996,9,15
M_030_A_XV,0.0,1996,9,16
M_030_A_XV,0.0,1996,9,17
M_030_A_XV,0.0,1996,9,18
M_030_A_XV,0.0,1996,9,19
M_030_A_XV,0.0,1996,9,20
M_030_A_XV,0.0,1996,9,21
M_030_A_XV,0.0,1996,9,22
M_030_A_XV,0.0,1996,9,23
M_030_A_XV,0.0,1996,9,24
M_030_A_XV,0.0,1996,9,25
M_030_A_XV,0.0,1996,9,26
M_030_A_XV,0.0,1996,9,27
M_030_A_XV,0.0,1996,9,28
M_030_A_XV,0.0,1996,9,29
M_030_A_XV,0.0,1996,9,30
M_030_A_XV,0.0,1996,10,1
M_030_A_XV,0.0,1996,10,2
M_030_A_XV,0.0,1996,10,3
M_030_A_XV,0.0,1996,10,4
M_030_A_XV,0.0,1996,10,5
M_030_A_XV,0.0,1996,10,6
M_030_A_XV,0.0,1996,10,7
M_030_A_XV,0.0,1996,10,8
M_030_A_XV,0.0,1996,10,9
M_030_A_XV,0.0,1996,10,10
M_030_A_XV,0.0,1996,10,11
M_030_A_XV,0.0,1996,10,12
M_030_A_XV,0.0,1996,10,13
M_030_A_XV,0.0,1996,10,14
M_030_A_XV,0.0,1996,10,15
M_030_A_XV,0.0,1996,10,16
M_030_A_XV,0.0,1996,10,17
M_030_A_XV,0.0,1996,10,18
M_030_A_XV,0.0,1996,10,19
M_030_A_XV,0.0,1996,10,20
M_030_A_XV,0.0,1996,10,21
M_030_A_XV,0.0,1996,10,22
M_030_A_XV,0.0,1996,10,23
M_030_A_XV,0.0,1996,10,24
M_030_A_XV,0.0,1996,10,25
M_030_A_XV,0.0,1996,10,26
M_030_A_XV,0.0,1996,10,27
M_030_A_XV,0.0,1996,10,28
M_030_A_XV,0.0,1996,10,29
M_030_A_XV,0.0,1996,10,30
M_030_A_XV,0.0,1996,10,31
M_030_A_XV,0.0,1996,11,1
M_030_A_XV,0.0,1996,11,2
M_030_A_XV,0.0,1996,11,3
M_030_A_XV,0.0,1996,11,4
M_030_A_XV,0.0,1996,11,5
M_030_A_XV,0.0,1996,11,6
M_030_A_XV,0.0,1996,11,7
M_030_A_XV,0.0,1996,11,8
M_030_A_XV,0.0,1996,11,9
M_030_A_XV,6.0,1996,11,10
M_030_A_XV,0.6,1996,11,11
M_030_A_XV,5.0,1996,11,12
M_030_A_XV,0.0,1996,11,13
M_030_A_XV,0.0,1996,11,14
M_030_A_XV,0.0,1996,11,15
M_030_A_XV,0.0,1996,11,16
M_030_A_XV,0.0,1996,11,17
M_030_A_XV,0.0,1996,11,18
M_030_A_XV,0.0,1996,11,19
M_030_A_XV,0.0,1996,11,20
M_030_A_XV,0.0,1996,11,21
M_030_A_XV,0.0,1996,11,22
M_030_A_XV,0.0,1996,11,23
M_030_A_XV,0.0,1996,11,24
M_030_A_XV,0.0,1996,11,25
M_030_A_XV,0.0,1996,11,26
M_030_A_XV,0.0,1996,11,27
M_030_A_XV,0.0,1996,11,28
M_030_A_XV,0.0,1996,11,29
M_030_A_XV,0.0,1996,11,30
M_030_A_XV,0.0,1996,12,1
M_030_A_XV,0.0,1996,12,2
M_030_A_XV,0.0,1996,12,3
M_030_A_XV,0.0,1996,12,4
M_030_A_XV,0.0,1996,12,5
M_030_A_XV,0.0,1996,12,6
M_030_A_XV,0.0,1996,12,7
M_030_A_XV,0.0,1996,12,8
M_030_A_XV,0.0,1996,12,9
M_030_A_XV,0.0,1996,12,10
M_030_A_XV,0.0,1996,12,11
M_030_A_XV,0.0,1996,12,12
M_030_A_XV,0.0,1996,12,13
M_030_A_XV,0.0,1996,12,14
M_030_A_XV,0.0,1996,12,15
M_030_A_XV,1.0,1996,12,16
M_030_A_XV,0.0,1996,12,17
M_030_A_XV,0.0,1996,12,18
M_030_A_XV,0.0,1996,12,19
M_030_A_XV,0.0,1996,12,20
M_030_A_XV,1.0,1996,12,21
M_030_A_XV,2.0,1996,12,22
M_030_A_XV,0.0,1996,12,23
M_030_A_XV,0.0,1996,12,24
M_030_A_XV,0.0,1996,12,25
M_030_A_XV,0.0,1996,12,26
M_030_A_XV,3.0,1996,12,27
M_030_A_XV,0.0,1996,12,28
M_030_A_XV,0.0,1996,12,29
M_030_A_XV,0.0,1996,12,30
M_030_A_XV,0.0,1996,12,31
M_030_A_XV,0.0,1997,4,1
M_030_A_XV,0.0,1997,4,2
M_030_A_XV,0.0,1997,4,3
M_030_A_XV,0.0,1997,4,4
M_030_A_XV,0.0,1997,4,5
M_030_A_XV,0.0,1997,4,6
M_030_A_XV,3.0,1997,4,7
M_030_A_XV,0.0,1997,4,8
M_030_A_XV,2.0,1997,4,9
M_030_A_XV,0.0,1997,4,10
M_030_A_XV,0.0,1997,4,11
M_030_A_XV,0.0,1997,4,12
M_030_A_XV,0.0,1997,4,13
M_030_A_XV,0.0,1997,4,14
M_030_A_XV,0.0,1997,4,15
M_030_A_XV,0.0,1997,4,16
M_030_A_XV,0.0,1997,4,17
M_030_A_XV,0.0,1997,4,18
M_030_A_XV,0.0,1997,4,19
M_030_A_XV,0.0,1997,4,20
M_030_A_XV,0.0,1997,4,21
M_030_A_XV,0.0,1997,4,22
M_030_A_XV,0.0,1997,4,23
M_030_A_XV,0.0,1997,4,24
M_030_A_XV,0.0,1997,4,25
M_030_A_XV,0.0,1997,4,26
M_030_A_XV,0.0,1997,4,27
M_030_A_XV,0.0,1997,4,28
M_030_A_XV,0.0,1997,4,29
M_030_A_XV,0.0,1997,4,30
M_030_A_XV,0.0,1997,5,1
M_030_A_XV,0.0,1997,5,2
M_030_A_XV,0.0,1997,5,3
M_030_A_XV,0.0,1997,5,4
M_030_A_XV,0.0,1997,5,5
M_030_A_XV,5.0,1997,5,6
M_030_A_XV,0.0,1997,5,7
M_030_A_XV,0.0,1997,5,8
M_030_A_XV,0.0,1997,5,9
M_030_A_XV,0.0,1997,5,10
M_030_A_XV,0.0,1997,5,11
M_030_A_XV,0.0,1997,5,12
M_030_A_XV,0.0,1997,5,13
M_030_A_XV,0.0,1997,5,14
M_030_A_XV,0.0,1997,5,15
M_030_A_XV,0.0,1997,5,16
M_030_A_XV,0.0,1997,5,17
M_030_A_XV,0.0,1997,5,18
M_030_A_XV,0.0,1997,5,19
M_030_A_XV,0.0,1997,5,20
M_030_A_XV,0.0,1997,5,21
M_030_A_XV,0.0,1997,5,22
M_030_A_XV,0.0,1997,5,23
M_030_A_XV,0.0,1997,5,24
M_030_A_XV,0.0,1997,5,25
M_030_A_XV,0.0,1997,5,26
M_030_A_XV,0.0,1997,5,27
M_030_A_XV,0.0,1997,5,28
M_030_A_XV,0.0,1997,5,29
M_030_A_XV,0.0,1997,5,30
M_030_A_XV,0.0,1997,5,31
M_030_A_XV,0.0,1997,6,1
M_030_A_XV,0.0,1997,6,2
M_030_A_XV,0.0,1997,6,3
M_030_A_XV,0.0,1997,6,4
M_030_A_XV,0.0,1997,6,5
M_030_A_XV,0.0,1997,6,6
M_030_A_XV,0.0,1997,6,7
M_030_A_XV,0.0,1997,6,8
M_030_A_XV,0.0,1997,6,9
M_030_A_XV,0.0,1997,6,10
M_030_A_XV,0.0,1997,6,11
M_030_A_XV,0.0,1997,6,12
M_030_A_XV,0.0,1997,6,13
M_030_A_XV,0.0,1997,6,14
M_030_A_XV,0.0,1997,6,15
M_030_A_XV,0.0,1997,6,16
M_030_A_XV,0.0,1997,6,17
M_030_A_XV,0.0,1997,6,18
M_030_A_XV,0.0,1997,6,19
M_030_A_XV,0.0,1997,6,20
M_030_A_XV,0.0,1997,6,21
M_030_A_XV,0.0,1997,6,22
M_030_A_XV,0.0,1997,6,23
M_030_A_XV,0.0,1997,6,24
M_030_A_XV,0.0,1997,6,25
M_030_A_XV,0.0,1997,6,26
M_030_A_XV,0.0,1997,6,27
M_030_A_XV,0.0,1997,6,28
M_030_A_XV,0.0,1997,6,29
M_030_A_XV,0.0,1997,6,30
M_030_A_XV,0.0,1997,7,1
M_030_A_XV,0.0,1997,7,2
M_030_A_XV,0.0,1997,7,3
M_030_A_XV,0.0,1997,7,4
M_030_A_XV,0.0,1997,7,5
M_030_A_XV,0.0,1997,7,6
M_030_A_XV,0.0,1997,7,7
M_030_A_XV,0.0,1997,7,8
M_030_A_XV,0.0,1997,7,9
M_030_A_XV,0.0,1997,7,10
M_030_A_XV,0.0,1997,7,11
M_030_A_XV,0.0,1997,7,12
M_030_A_XV,0.0,1997,7,13
M_030_A_XV,0.0,1997,7,14
M_030_A_XV,0.0,1997,7,15
M_030_A_XV,0.0,1997,7,16
M_030_A_XV,0.0,1997,7,17
M_030_A_XV,0.0,1997,7,18
M_030_A_XV,0.0,1997,7,19
M_030_A_XV,0.0,1997,7,20
M_030_A_XV,0.0,1997,7,21
M_030_A_XV,0.0,1997,7,22
M_030_A_XV,0.0,1997,7,23
M_030_A_XV,0.0,1997,7,24
M_030_A_XV,0.0,1997,7,25
M_030_A_XV,0.0,1997,7,26
M_030_A_XV,0.0,1997,7,27
M_030_A_XV,0.0,1997,7,28
M_030_A_XV,0.0,1997,7,29
M_030_A_XV,0.0,1997,7,30
M_030_A_XV,0.0,1997,7,31
M_030_A_XV,0.0,1997,8,1
M_030_A_XV,0.0,1997,8,2
M_030_A_XV,0.0,1997,8,3
M_030_A_XV,0.0,1997,8,4
M_030_A_XV,0.0,1997,8,5
M_030_A_XV,0.0,1997,8,6
M_030_A_XV,3.0,1997,8,7
M_030_A_XV,4.0,1997,8,8
M_030_A_XV,2.0,1997,8,9
M_030_A_XV,7.0,1997,8,10
M_030_A_XV,1.0,1997,8,11
M_030_A_XV,0.0,1997,8,12
M_030_A_XV,0.0,1997,8,13
M_030_A_XV,0.0,1997,8,14
M_030_A_XV,0.0,1997,8,15
M_030_A_XV,0.0,1997,8,16
M_030_A_XV,0.0,1997,8,17
M_030_A_XV,0.0,1997,8,18
M_030_A_XV,0.0,1997,8,19
M_030_A_XV,0.0,1997,8,20
M_030_A_XV,0.0,1997,8,21
M_030_A_XV,0.0,1997,8,22
M_030_A_XV,0.0,1997,8,23
M_030_A_XV,0.0,1997,8,24
M_030_A_XV,0.0,1997,8,25
M_030_A_XV,0.0,1997,8,26
M_030_A_XV,0.0,1997,8,27
M_030_A_XV,0.0,1997,8,28
M_030_A_XV,0.0,1997,8,29
M_030_A_XV,0.0,1997,8,30
M_030_A_XV,0.0,1997,8,31
M_030_A_XV,0.0,1997,9,1
M_030_A_XV,0.0,1997,9,2
M_030_A_XV,0.0,1997,9,3
M_030_A_XV,0.0,1997,9,4
M_030_A_XV,0.0,1997,9,5
M_030_A_XV,0.0,1997,9,6
M_030_A_XV,0.0,1997,9,7
M_030_A_XV,0.0,1997,9,8
M_030_A_XV,0.0,1997,9,9
M_030_A_XV,0.0,1997,9,10
M_030_A_XV,0.0,1997,9,11
M_030_A_XV,0.0,1997,9,12
M_030_A_XV,0.0,1997,9,13
M_030_A_XV,0.0,1997,9,14
M_030_A_XV,0.0,1997,9,15
M_030_A_XV,0.0,1997,9,16
M_030_A_XV,4.0,1997,9,17
M_030_A_XV,5.0,1997,9,18
M_030_A_XV,0.0,1997,9,19
M_030_A_XV,0.0,1997,9,20
M_030_A_XV,0.0,1997,9,21
M_030_A_XV,0.0,1997,9,22
M_030_A_XV,0.0,1997,9,23
M_030_A_XV,0.0,1997,9,24
M_030_A_XV,0.0,1997,9,25
M_030_A_XV,0.0,1997,9,26
M_030_A_XV,0.0,1997,9,27
M_030_A_XV,0.0,1997,9,28
M_030_A_XV,0.0,1997,9,29
M_030_A_XV,0.0,1997,9,30
M_030_A_XV,0.0,1997,10,1
M_030_A_XV,0.0,1997,10,2
M_030_A_XV,0.0,1997,10,3
M_030_A_XV,0.0,1997,10,4
M_030_A_XV,0.0,1997,10,5
M_030_A_XV,0.0,1997,10,6
M_030_A_XV,0.0,1997,10,7
M_030_A_XV,0.0,1997,10,8
M_030_A_XV,0.0,1997,10,9
M_030_A_XV,0.0,1997,10,10
M_030_A_XV,0.0,1997,10,11
M_030_A_XV,0.0,1997,10,12
M_030_A_XV,0.0,1997,10,13
M_030_A_XV,0.0,1997,10,14
M_030_A_XV,0.0,1997,10,15
M_030_A_XV,0.0,1997,10,16
M_030_A_XV,0.0,1997,10,17
M_030_A_XV,0.0,1997,10,18
M_030_A_XV,0.0,1997,10,19
M_030_A_XV,0.0,1997,10,20
M_030_A_XV,0.0,1997,10,21
M_030_A_XV,0.0,1997,10,22
M_030_A_XV,0.0,1997,10,23
M_030_A_XV,0.0,1997,10,24
M_030_A_XV,0.0,1997,10,25
M_030_A_XV,0.0,1997,10,26
M_030_A_XV,0.0,1997,10,27
M_030_A_XV,0.0,1997,10,28
M_030_A_XV,0.0,1997,10,29
M_030_A_XV,0.0,1997,10,30
M_030_A_XV,0.0,1997,10,31
M_030_A_XV,0.0,1997,11,1
M_030_A_XV,0.0,1997,11,2
M_030_A_XV,0.0,1997,11,3
M_030_A_XV,0.0,1997,11,4
M_030_A_XV,0.0,1997,11,5
M_030_A_XV,0.0,1997,11,6
M_030_A_XV,0.0,1997,11,7
M_030_A_XV,0.0,1997,11,8
M_030_A_XV,0.0,1997,11,9
M_030_A_XV,0.0,1997,11,10
M_030_A_XV,0.0,1997,11,11
M_030_A_XV,0.0,1997,11,12
M_030_A_XV,0.0,1997,11,13
M_030_A_XV,0.0,1997,11,14
M_030_A_XV,0.0,1997,11,15
M_030_A_XV,0.0,1997,11,16
M_030_A_XV,0.0,1997,11,17
M_030_A_XV,0.0,1997,11,18
M_030_A_XV,0.0,1997,11,19
M_030_A_XV,0.0,1997,11,20
M_030_A_XV,0.0,1997,11,21
M_030_A_XV,0.0,1997,11,22
M_030_A_XV,0.0,1997,11,23
M_030_A_XV,0.0,1997,11,24
M_030_A_XV,0.0,1997,11,25
M_030_A_XV,0.0,1997,11,26
M_030_A_XV,0.0,1997,11,27
M_030_A_XV,0.0,1997,11,28
M_030_A_XV,0.0,1997,11,29
M_030_A_XV,0.0,1997,11,30
M_030_A_XV,0.0,1997,12,1
M_030_A_XV,0.0,1997,12,2
M_030_A_XV,0.0,1997,12,3
M_030_A_XV,0.0,1997,12,4
M_030_A_XV,0.0,1997,12,5
M_030_A_XV,0.0,1997,12,6
M_030_A_XV,0.0,1997,12,7
M_030_A_XV,0.0,1997,12,8
M_030_A_XV,0.0,1997,12,9
M_030_A_XV,0.0,1997,12,10
M_030_A_XV,0.0,1997,12,11
M_030_A_XV,0.0,1997,12,12
M_030_A_XV,0.0,1997,12,13
M_030_A_XV,0.0,1997,12,14
M_030_A_XV,0.0,1997,12,15
M_030_A_XV,0.0,1997,12,16
M_030_A_XV,0.0,1997,12,17
M_030_A_XV,0.0,1997,12,18
M_030_A_XV,0.0,1997,12,19
M_030_A_XV,1.0,1997,12,20
M_030_A_XV,0.0,1997,12,21
M_030_A_XV,1.0,1997,12,22
M_030_A_XV,0.0,1997,12,23
M_030_A_XV,6.0,1997,12,24
M_030_A_XV,0.0,1997,12,25
M_030_A_XV,0.0,1997,12,26
M_030_A_XV,0.0,1997,12,27
M_030_A_XV,0.0,1997,12,28
M_030_A_XV,0.0,1997,12,29
M_030_A_XV,0.0,1997,12,30
M_030_A_XV,0.0,1997,12,31
M_030_A_XV,3.0,1998,1,1
M_030_A_XV,12.0,1998,1,2
M_030_A_XV,12.0,1998,1,3
M_030_A_XV,10.0,1998,1,4
M_030_A_XV,1.0,1998,1,5
M_030_A_XV,0.0,1998,1,6
M_030_A_XV,0.0,1998,1,7
M_030_A_XV,3.0,1998,1,8
M_030_A_XV,2.0,1998,1,9
M_030_A_XV,1.0,1998,1,10
M_030_A_XV,1.0,1998,1,11
M_030_A_XV,2.0,1998,1,12
M_030_A_XV,4.0,1998,1,13
M_030_A_XV,3.0,1998,1,14
M_030_A_XV,0.0,1998,1,15
M_030_A_XV,0.0,1998,1,16
M_030_A_XV,5.0,1998,1,17
M_030_A_XV,3.0,1998,1,18
M_030_A_XV,4.0,1998,1,19
M_030_A_XV,4.0,1998,1,20
M_030_A_XV,14.0,1998,1,21
M_030_A_XV,3.0,1998,1,22
M_030_A_XV,2.0,1998,1,23
M_030_A_XV,6.0,1998,1,24
M_030_A_XV,3.0,1998,1,25
M_030_A_XV,5.0,1998,1,26
M_030_A_XV,0.0,1998,1,27
M_030_A_XV,6.0,1998,1,28
M_030_A_XV,0.0,1998,1,29
M_030_A_XV,0.0,1998,1,30
M_030_A_XV,0.0,1998,1,31
M_030_A_XV,0.0,1998,2,1
M_030_A_XV,0.0,1998,2,2
M_030_A_XV,0.0,1998,2,3
M_030_A_XV,0.0,1998,2,4
M_030_A_XV,1.0,1998,2,5
M_030_A_XV,0.0,1998,2,6
M_030_A_XV,2.0,1998,2,7
M_030_A_XV,5.0,1998,2,8
M_030_A_XV,0.0,1998,2,9
M_030_A_XV,0.0,1998,2,10
M_030_A_XV,0.0,1998,2,11
M_030_A_XV,2.0,1998,2,12
M_030_A_XV,0.0,1998,2,13
M_030_A_XV,0.0,1998,2,14
M_030_A_XV,0.0,1998,2,15
M_030_A_XV,0.0,1998,2,16
M_030_A_XV,0.0,1998,2,17
M_030_A_XV,0.0,1998,2,18
M_030_A_XV,0.0,1998,2,19
M_030_A_XV,2.0,1998,2,20
M_030_A_XV,0.0,1998,2,21
M_030_A_XV,0.0,1998,2,22
M_030_A_XV,0.0,1998,2,23
M_030_A_XV,0.0,1998,2,24
M_030_A_XV,0.0,1998,2,25
M_030_A_XV,0.0,1998,2,26
M_030_A_XV,0.0,1998,2,27
M_030_A_XV,0.0,1998,2,28
M_030_A_XV,0.0,1998,3,1
M_030_A_XV,0.0,1998,3,2
M_030_A_XV,0.0,1998,3,3
M_030_A_XV,0.0,1998,3,4
M_030_A_XV,0.0,1998,3,5
M_030_A_XV,1.0,1998,3,6
M_030_A_XV,0.0,1998,3,7
M_030_A_XV,0.0,1998,3,8
M_030_A_XV,0.0,1998,3,9
M_030_A_XV,0.0,1998,3,10
M_030_A_XV,0.0,1998,3,11
M_030_A_XV,0.0,1998,3,12
M_030_A_XV,0.0,1998,3,13
M_030_A_XV,0.0,1998,3,14
M_030_A_XV,0.0,1998,3,15
M_030_A_XV,0.0,1998,3,16
M_030_A_XV,0.0,1998,3,17
M_030_A_XV,0.0,1998,3,18
M_030_A_XV,0.0,1998,3,19
M_030_A_XV,0.0,1998,3,20
M_030_A_XV,0.0,1998,3,21
M_030_A_XV,0.0,1998,3,22
M_030_A_XV,0.0,1998,3,23
M_030_A_XV,0.0,1998,3,24
M_030_A_XV,0.0,1998,3,25
M_030_A_XV,0.0,1998,3,26
M_030_A_XV,0.0,1998,3,27
M_030_A_XV,0.5,1998,3,28
M_030_A_XV,0.0,1998,3,29
M_030_A_XV,1.0,1998,3,30
M_030_A_XV,0.0,1998,3,31
M_030_A_XV,0.0,1998,4,1
M_030_A_XV,0.0,1998,4,2
M_030_A_XV,0.0,1998,4,3
M_030_A_XV,0.0,1998,4,4
M_030_A_XV,0.0,1998,4,5
M_030_A_XV,0.0,1998,4,6
M_030_A_XV,0.0,1998,4,7
M_030_A_XV,0.0,1998,4,8
M_030_A_XV,0.0,1998,4,9
M_030_A_XV,0.0,1998,4,10
M_030_A_XV,0.0,1998,4,11
M_030_A_XV,0.0,1998,4,12
M_030_A_XV,0.0,1998,4,13
M_030_A_XV,0.0,1998,4,14
M_030_A_XV,0.0,1998,4,15
M_030_A_XV,0.0,1998,4,16
M_030_A_XV,0.0,1998,4,17
M_030_A_XV,0.0,1998,4,18
M_030_A_XV,0.0,1998,4,19
M_030_A_XV,0.0,1998,4,20
M_030_A_XV,0.0,1998,4,21
M_030_A_XV,0.0,1998,4,22
M_030_A_XV,0.0,1998,4,23
M_030_A_XV,0.0,1998,4,24
M_030_A_XV,0.0,1998,4,25
M_030_A_XV,0.0,1998,4,26
M_030_A_XV,0.0,1998,4,27
M_030_A_XV,0.0,1998,4,28
M_030_A_XV,0.0,1998,4,29
M_030_A_XV,0.0,1998,4,30
M_030_A_XV,0.0,1998,5,1
M_030_A_XV,0.0,1998,5,2
M_030_A_XV,0.0,1998,5,3
M_030_A_XV,0.0,1998,5,4
M_030_A_XV,0.0,1998,5,5
M_030_A_XV,0.0,1998,5,6
M_030_A_XV,0.0,1998,5,7
M_030_A_XV,0.0,1998,5,8
M_030_A_XV,0.0,1998,5,9
M_030_A_XV,0.0,1998,5,10
M_030_A_XV,0.0,1998,5,11
M_030_A_XV,0.0,1998,5,12
M_030_A_XV,0.0,1998,5,13
M_030_A_XV,0.0,1998,5,14
M_030_A_XV,0.0,1998,5,15
M_030_A_XV,0.0,1998,5,16
M_030_A_XV,0.0,1998,5,17
M_030_A_XV,0.0,1998,5,18
M_030_A_XV,0.0,1998,5,19
M_030_A_XV,0.0,1998,5,20
M_030_A_XV,0.0,1998,5,21
M_030_A_XV,0.0,1998,5,22
M_030_A_XV,0.0,1998,5,23
M_030_A_XV,0.0,1998,5,24
M_030_A_XV,0.0,1998,5,25
M_030_A_XV,0.0,1998,5,26
M_030_A_XV,0.0,1998,5,27
M_030_A_XV,0.0,1998,5,28
M_030_A_XV,0.0,1998,5,29
M_030_A_XV,0.0,1998,5,30
M_030_A_XV,0.0,1998,5,31
M_030_A_XV,0.0,1998,6,1
M_030_A_XV,0.0,1998,6,2
M_030_A_XV,0.0,1998,6,3
M_030_A_XV,0.0,1998,6,4
M_030_A_XV,0.0,1998,6,5
M_030_A_XV,0.0,1998,6,6
M_030_A_XV,0.0,1998,6,7
M_030_A_XV,0.0,1998,6,8
M_030_A_XV,0.0,1998,6,9
M_030_A_XV,0.0,1998,6,10
M_030_A_XV,0.0,1998,6,11
M_030_A_XV,0.0,1998,6,12
M_030_A_XV,0.0,1998,6,13
M_030_A_XV,0.0,1998,6,14
M_030_A_XV,0.0,1998,6,15
M_030_A_XV,0.0,1998,6,16
M_030_A_XV,0.0,1998,6,17
M_030_A_XV,0.0,1998,6,18
M_030_A_XV,0.0,1998,6,19
M_030_A_XV,0.0,1998,6,20
M_030_A_XV,0.0,1998,6,21
M_030_A_XV,0.0,1998,6,22
M_030_A_XV,0.0,1998,6,23
M_030_A_XV,40.0,1998,6,24
M_030_A_XV,0.0,1998,6,25
M_030_A_XV,0.0,1998,6,26
M_030_A_XV,0.0,1998,6,27
M_030_A_XV,0.0,1998,6,28
M_030_A_XV,0.0,1998,6,29
M_030_A_XV,0.0,1998,6,30
M_030_A_XV,0.0,1998,7,1
M_030_A_XV,0.0,1998,7,2
M_030_A_XV,0.0,1998,7,3
M_030_A_XV,0.0,1998,7,4
M_030_A_XV,0.0,1998,7,5
M_030_A_XV,0.0,1998,7,6
M_030_A_XV,0.0,1998,7,7
M_030_A_XV,0.0,1998,7,8
M_030_A_XV,0.0,1998,7,9
M_030_A_XV,0.0,1998,7,10
M_030_A_XV,0.0,1998,7,11
M_030_A_XV,0.0,1998,7,12
M_030_A_XV,0.0,1998,7,13
M_030_A_XV,0.0,1998,7,14
M_030_A_XV,0.0,1998,7,15
M_030_A_XV,0.0,1998,7,16
M_030_A_XV,0.0,1998,7,17
M_030_A_XV,0.0,1998,7,18
M_030_A_XV,0.0,1998,7,19
M_030_A_XV,0.0,1998,7,20
M_030_A_XV,0.0,1998,7,21
M_030_A_XV,0.0,1998,7,22
M_030_A_XV,0.0,1998,7,23
M_030_A_XV,0.0,1998,7,24
M_030_A_XV,0.0,1998,7,25
M_030_A_XV,0.0,1998,7,26
M_030_A_XV,0.0,1998,7,27
M_030_A_XV,0.0,1998,7,28
M_030_A_XV,0.0,1998,7,29
M_030_A_XV,0.0,1998,7,30
M_030_A_XV,0.0,1998,7,31
M_030_A_XV,0.0,1998,8,1
M_030_A_XV,0.0,1998,8,2
M_030_A_XV,0.0,1998,8,3
M_030_A_XV,0.0,1998,8,4
M_030_A_XV,0.0,1998,8,5
M_030_A_XV,0.0,1998,8,6
M_030_A_XV,0.0,1998,8,7
M_030_A_XV,0.0,1998,8,8
M_030_A_XV,0.0,1998,8,9
M_030_A_XV,0.0,1998,8,10
M_030_A_XV,0.0,1998,8,11
M_030_A_XV,0.0,1998,8,12
M_030_A_XV,0.0,1998,8,13
M_030_A_XV,0.0,1998,8,14
M_030_A_XV,0.0,1998,8,15
M_030_A_XV,0.0,1998,8,16
M_030_A_XV,0.0,1998,8,17
M_030_A_XV,0.0,1998,8,18
M_030_A_XV,0.0,1998,8,19
M_030_A_XV,0.0,1998,8,20
M_030_A_XV,0.0,1998,8,21
M_030_A_XV,0.0,1998,8,22
M_030_A_XV,0.0,1998,8,23
M_030_A_XV,0.0,1998,8,24
M_030_A_XV,0.0,1998,8,25
M_030_A_XV,0.0,1998,8,26
M_030_A_XV,0.0,1998,8,27
M_030_A_XV,0.0,1998,8,28
M_030_A_XV,0.0,1998,8,29
M_030_A_XV,0.0,1998,8,30
M_030_A_XV,0.0,1998,8,31
M_030_A_XV,0.0,1998,9,1
M_030_A_XV,0.0,1998,9,2
M_030_A_XV,0.0,1998,9,3
M_030_A_XV,0.0,1998,9,4
M_030_A_XV,0.0,1998,9,5
M_030_A_XV,0.0,1998,9,6
M_030_A_XV,0.0,1998,9,7
M_030_A_XV,0.0,1998,9,8
M_030_A_XV,0.0,1998,9,9
M_030_A_XV,0.0,1998,9,10
M_030_A_XV,0.0,1998,9,11
M_030_A_XV,0.0,1998,9,12
M_030_A_XV,0.0,1998,9,13
M_030_A_XV,0.0,1998,9,14
M_030_A_XV,0.0,1998,9,15
M_030_A_XV,0.0,1998,9,16
M_030_A_XV,0.0,1998,9,17
M_030_A_XV,0.0,1998,9,18
M_030_A_XV,0.0,1998,9,19
M_030_A_XV,0.0,1998,9,20
M_030_A_XV,0.0,1998,9,21
M_030_A_XV,0.0,1998,9,22
M_030_A_XV,0.0,1998,9,23
M_030_A_XV,0.0,1998,9,24
M_030_A_XV,0.0,1998,9,25
M_030_A_XV,0.0,1998,9,26
M_030_A_XV,0.0,1998,9,27
M_030_A_XV,0.0,1998,9,28
M_030_A_XV,0.0,1998,9,29
M_030_A_XV,0.0,1998,9,30
M_030_A_XV,0.0,1998,10,1
M_030_A_XV,0.0,1998,10,2
M_030_A_XV,0.0,1998,10,3
M_030_A_XV,0.0,1998,10,4
M_030_A_XV,0.0,1998,10,5
M_030_A_XV,0.0,1998,10,6
M_030_A_XV,0.0,1998,10,7
M_030_A_XV,0.0,1998,10,8
M_030_A_XV,0.0,1998,10,9
M_030_A_XV,0.0,1998,10,10
M_030_A_XV,0.0,1998,10,11
M_030_A_XV,0.0,1998,10,12
M_030_A_XV,0.0,1998,10,13
M_030_A_XV,0.0,1998,10,14
M_030_A_XV,0.0,1998,10,15
M_030_A_XV,0.0,1998,10,16
M_030_A_XV,0.0,1998,10,17
M_030_A_XV,0.0,1998,10,18
M_030_A_XV,0.0,1998,10,19
M_030_A_XV,0.0,1998,10,20
M_030_A_XV,0.0,1998,10,21
M_030_A_XV,0.0,1998,10,22
M_030_A_XV,0.0,1998,10,23
M_030_A_XV,0.0,1998,10,24
M_030_A_XV,0.0,1998,10,25
M_030_A_XV,0.0,1998,10,26
M_030_A_XV,0.0,1998,10,27
M_030_A_XV,0.0,1998,10,28
M_030_A_XV,0.0,1998,10,29
M_030_A_XV,0.0,1998,10,30
M_030_A_XV,0.0,1998,10,31
M_030_A_XV,0.0,1998,11,1
M_030_A_XV,0.0,1998,11,2
M_030_A_XV,0.0,1998,11,3
M_030_A_XV,0.0,1998,11,4
M_030_A_XV,0.0,1998,11,5
M_030_A_XV,0.0,1998,11,6
M_030_A_XV,0.0,1998,11,7
M_030_A_XV,0.0,1998,11,8
M_030_A_XV,0.0,1998,11,9
M_030_A_XV,0.0,1998,11,10
M_030_A_XV,0.0,1998,11,11
M_030_A_XV,0.0,1998,11,12
M_030_A_XV,0.0,1998,11,13
M_030_A_XV,0.0,1998,11,14
M_030_A_XV,0.0,1998,11,15
M_030_A_XV,0.0,1998,11,16
M_030_A_XV,0.0,1998,11,17
M_030_A_XV,0.0,1998,11,18
M_030_A_XV,0.0,1998,11,19
M_030_A_XV,0.0,1998,11,20
M_030_A_XV,0.0,1998,11,21
M_030_A_XV,0.0,1998,11,22
M_030_A_XV,0.0,1998,11,23
M_030_A_XV,0.0,1998,11,24
M_030_A_XV,0.0,1998,11,25
M_030_A_XV,0.0,1998,11,26
M_030_A_XV,0.0,1998,11,27
M_030_A_XV,0.0,1998,11,28
M_030_A_XV,0.0,1998,11,29
M_030_A_XV,0.0,1998,11,30
M_030_A_XV,0.0,1998,12,1
M_030_A_XV,0.0,1998,12,2
M_030_A_XV,0.0,1998,12,3
M_030_A_XV,0.0,1998,12,4
M_030_A_XV,0.0,1998,12,5
M_030_A_XV,0.0,1998,12,6
M_030_A_XV,0.0,1998,12,7
M_030_A_XV,0.0,1998,12,8
M_030_A_XV,0.0,1998,12,9
M_030_A_XV,0.0,1998,12,10
M_030_A_XV,0.0,1998,12,11
M_030_A_XV,0.0,1998,12,12
M_030_A_XV,0.0,1998,12,13
M_030_A_XV,0.0,1998,12,14
M_030_A_XV,0.0,1998,12,15
M_030_A_XV,0.0,1998,12,16
M_030_A_XV,0.0,1998,12,17
M_030_A_XV,0.0,1998,12,18
M_030_A_XV,0.0,1998,12,19
M_030_A_XV,0.0,1998,12,20
M_030_A_XV,0.0,1998,12,21
M_030_A_XV,0.0,1998,12,22
M_030_A_XV,0.0,1998,12,23
M_030_A_XV,0.0,1998,12,24
M_030_A_XV,0.0,1998,12,25
M_030_A_XV,0.0,1998,12,26
M_030_A_XV,0.0,1998,12,27
M_030_A_XV,0.0,1998,12,28
M_030_A_XV,0.0,1998,12,29
M_030_A_XV,0.0,1998,12,30
M_030_A_XV,0.0,1998,12,31
M_030_A_XV,0.0,1999,1,1
M_030_A_XV,0.0,1999,1,2
M_030_A_XV,0.0,1999,1,3
M_030_A_XV,0.0,1999,1,4
M_030_A_XV,0.0,1999,1,5
M_030_A_XV,0.0,1999,1,6
M_030_A_XV,0.0,1999,1,7
M_030_A_XV,0.0,1999,1,8
M_030_A_XV,0.0,1999,1,9
M_030_A_XV,0.0,1999,1,10
M_030_A_XV,0.0,1999,1,11
M_030_A_XV,0.0,1999,1,12
M_030_A_XV,0.0,1999,1,13
M_030_A_XV,0.0,1999,1,14
M_030_A_XV,0.0,1999,1,15
M_030_A_XV,0.0,1999,1,16
M_030_A_XV,0.0,1999,1,17
M_030_A_XV,0.0,1999,1,18
M_030_A_XV,0.0,1999,1,19
M_030_A_XV,0.0,1999,1,20
M_030_A_XV,4.0,1999,1,21
M_030_A_XV,1.0,1999,1,22
M_030_A_XV,6.0,1999,1,23
M_030_A_XV,2.0,1999,1,24
M_030_A_XV,10.0,1999,1,25
M_030_A_XV,6.0,1999,1,26
M_030_A_XV,4.0,1999,1,27
M_030_A_XV,5.0,1999,1,28
M_030_A_XV,6.0,1999,1,29
M_030_A_XV,0.0,1999,1,30
M_030_A_XV,3.0,1999,1,31
M_030_A_XV,0.0,1999,2,1
M_030_A_XV,5.0,1999,2,2
M_030_A_XV,5.0,1999,2,3
M_030_A_XV,10.0,1999,2,4
M_030_A_XV,7.0,1999,2,5
M_030_A_XV,16.0,1999,2,6
M_030_A_XV,11.0,1999,2,7
M_030_A_XV,0.0,1999,2,8
M_030_A_XV,19.0,1999,2,9
M_030_A_XV,3.0,1999,2,10
M_030_A_XV,4.0,1999,2,11
M_030_A_XV,3.0,1999,2,12
M_030_A_XV,5.0,1999,2,13
M_030_A_XV,15.0,1999,2,14
M_030_A_XV,0.0,1999,2,15
M_030_A_XV,12.0,1999,2,16
M_030_A_XV,25.0,1999,2,17
M_030_A_XV,14.0,1999,2,18
M_030_A_XV,7.0,1999,2,19
M_030_A_XV,0.0,1999,2,20
M_030_A_XV,2.0,1999,2,21
M_030_A_XV,8.0,1999,2,22
M_030_A_XV,10.0,1999,2,23
M_030_A_XV,3.0,1999,2,24
M_030_A_XV,4.0,1999,2,25
M_030_A_XV,3.0,1999,2,26
M_030_A_XV,0.0,1999,2,27
M_030_A_XV,0.0,1999,2,28
M_030_A_XV,0.0,1999,3,1
M_030_A_XV,10.0,1999,3,2
M_030_A_XV,0.0,1999,3,3
M_030_A_XV,3.0,1999,3,4
M_030_A_XV,0.0,1999,3,5
M_030_A_XV,0.0,1999,3,6
M_030_A_XV,2.0,1999,3,7
M_030_A_XV,0.0,1999,3,8
M_030_A_XV,8.0,1999,3,9
M_030_A_XV,5.0,1999,3,10
M_030_A_XV,10.0,1999,3,11
M_030_A_XV,12.0,1999,3,12
M_030_A_XV,8.0,1999,3,13
M_030_A_XV,5.0,1999,3,14
M_030_A_XV,5.0,1999,3,15
M_030_A_XV,7.0,1999,3,16
M_030_A_XV,0.0,1999,3,17
M_030_A_XV,3.0,1999,3,18
M_030_A_XV,4.0,1999,3,19
M_030_A_XV,7.0,1999,3,20
M_030_A_XV,10.0,1999,3,21
M_030_A_XV,10.0,1999,3,22
M_030_A_XV,8.0,1999,3,23
M_030_A_XV,4.0,1999,3,24
M_030_A_XV,4.0,1999,3,25
M_030_A_XV,0.0,1999,3,26
M_030_A_XV,7.0,1999,3,27
M_030_A_XV,5.0,1999,3,28
M_030_A_XV,0.0,1999,3,29
M_030_A_XV,0.0,1999,3,30
M_030_A_XV,0.0,1999,3,31
M_030_A_XV,3.0,1999,4,1
M_030_A_XV,4.0,1999,4,2
M_030_A_XV,5.0,1999,4,3
M_030_A_XV,6.0,1999,4,4
M_030_A_XV,0.0,1999,4,5
M_030_A_XV,0.0,1999,4,6
M_030_A_XV,0.0,1999,4,7
M_030_A_XV,0.0,1999,4,8
M_030_A_XV,0.0,1999,4,9
M_030_A_XV,1.0,1999,4,10
M_030_A_XV,0.0,1999,4,11
M_030_A_XV,0.0,1999,4,12
M_030_A_XV,0.0,1999,4,13
M_030_A_XV,0.0,1999,4,14
M_030_A_XV,0.0,1999,4,15
M_030_A_XV,0.0,1999,4,16
M_030_A_XV,0.0,1999,4,17
M_030_A_XV,0.0,1999,4,18
M_030_A_XV,0.0,1999,4,19
M_030_A_XV,0.0,1999,4,20
M_030_A_XV,0.0,1999,4,21
M_030_A_XV,0.0,1999,4,22
M_030_A_XV,3.0,1999,4,23
M_030_A_XV,0.0,1999,4,24
M_030_A_XV,0.0,1999,4,25
M_030_A_XV,0.0,1999,4,26
M_030_A_XV,0.0,1999,4,27
M_030_A_XV,0.0,1999,4,28
M_030_A_XV,0.0,1999,4,29
M_030_A_XV,0.0,1999,4,30
M_030_A_XV,0.0,1999,5,1
M_030_A_XV,0.0,1999,5,2
M_030_A_XV,0.0,1999,5,3
M_030_A_XV,0.0,1999,5,4
M_030_A_XV,0.0,1999,5,5
M_030_A_XV,0.0,1999,5,6
M_030_A_XV,0.0,1999,5,7
M_030_A_XV,0.0,1999,5,8
M_030_A_XV,0.0,1999,5,9
M_030_A_XV,0.0,1999,5,10
M_030_A_XV,0.0,1999,5,11
M_030_A_XV,0.0,1999,5,12
M_030_A_XV,0.0,1999,5,13
M_030_A_XV,0.0,1999,5,14
M_030_A_XV,0.0,1999,5,15
M_030_A_XV,0.0,1999,5,16
M_030_A_XV,0.0,1999,5,17
M_030_A_XV,0.0,1999,5,18
M_030_A_XV,0.0,1999,5,19
M_030_A_XV,0.0,1999,5,20
M_030_A_XV,0.0,1999,5,21
M_030_A_XV,0.0,1999,5,22
M_030_A_XV,0.0,1999,5,23
M_030_A_XV,0.0,1999,5,24
M_030_A_XV,0.0,1999,5,25
M_030_A_XV,0.0,1999,5,26
M_030_A_XV,0.0,1999,5,27
M_030_A_XV,0.0,1999,5,28
M_030_A_XV,0.0,1999,5,29
M_030_A_XV,0.0,1999,5,30
M_030_A_XV,0.0,1999,5,31
M_030_A_XV,0.0,1999,6,1
M_030_A_XV,0.0,1999,6,2
M_030_A_XV,0.0,1999,6,3
M_030_A_XV,0.0,1999,6,4
M_030_A_XV,0.0,1999,6,5
M_030_A_XV,0.0,1999,6,6
M_030_A_XV,0.0,1999,6,7
M_030_A_XV,0.0,1999,6,8
M_030_A_XV,0.0,1999,6,9
M_030_A_XV,0.0,1999,6,10
M_030_A_XV,0.0,1999,6,11
M_030_A_XV,0.0,1999,6,12
M_030_A_XV,0.0,1999,6,13
M_030_A_XV,0.0,1999,6,14
M_030_A_XV,0.0,1999,6,15
M_030_A_XV,0.0,1999,6,16
M_030_A_XV,0.0,1999,6,17
M_030_A_XV,0.0,1999,6,18
M_030_A_XV,0.0,1999,6,19
M_030_A_XV,0.0,1999,6,20
M_030_A_XV,0.0,1999,6,21
M_030_A_XV,0.0,1999,6,22
M_030_A_XV,0.0,1999,6,23
M_030_A_XV,0.0,1999,6,24
M_030_A_XV,0.0,1999,6,25
M_030_A_XV,0.0,1999,6,26
M_030_A_XV,0.0,1999,6,27
M_030_A_XV,0.0,1999,6,28
M_030_A_XV,0.0,1999,6,29
M_030_A_XV,0.0,1999,6,30
M_030_A_XV,0.0,1999,7,1
M_030_A_XV,0.0,1999,7,2
M_030_A_XV,0.0,1999,7,3
M_030_A_XV,0.0,1999,7,4
M_030_A_XV,0.0,1999,7,5
M_030_A_XV,0.0,1999,7,6
M_030_A_XV,0.0,1999,7,7
M_030_A_XV,0.0,1999,7,8
M_030_A_XV,0.0,1999,7,9
M_030_A_XV,0.0,1999,7,10
M_030_A_XV,0.0,1999,7,11
M_030_A_XV,0.0,1999,7,12
M_030_A_XV,0.0,1999,7,13
M_030_A_XV,0.0,1999,7,14
M_030_A_XV,0.0,1999,7,15
M_030_A_XV,0.0,1999,7,16
M_030_A_XV,0.0,1999,7,17
M_030_A_XV,0.0,1999,7,18
M_030_A_XV,0.0,1999,7,19
M_030_A_XV,0.0,1999,7,20
M_030_A_XV,0.0,1999,7,21
M_030_A_XV,0.0,1999,7,22
M_030_A_XV,0.0,1999,7,23
M_030_A_XV,0.0,1999,7,24
M_030_A_XV,0.0,1999,7,25
M_030_A_XV,0.0,1999,7,26
M_030_A_XV,0.0,1999,7,27
M_030_A_XV,0.0,1999,7,28
M_030_A_XV,0.0,1999,7,29
M_030_A_XV,0.0,1999,7,30
M_030_A_XV,0.0,1999,7,31
M_030_A_XV,0.0,1999,8,1
M_030_A_XV,0.0,1999,8,2
M_030_A_XV,0.0,1999,8,3
M_030_A_XV,0.0,1999,8,4
M_030_A_XV,0.0,1999,8,5
M_030_A_XV,0.0,1999,8,6
M_030_A_XV,0.0,1999,8,7
M_030_A_XV,0.0,1999,8,8
M_030_A_XV,0.0,1999,8,9
M_030_A_XV,0.0,1999,8,10
M_030_A_XV,0.0,1999,8,11
M_030_A_XV,0.0,1999,8,12
M_030_A_XV,0.0,1999,8,13
M_030_A_XV,0.0,1999,8,14
M_030_A_XV,0.0,1999,8,15
M_030_A_XV,0.0,1999,8,16
M_030_A_XV,0.0,1999,8,17
M_030_A_XV,0.0,1999,8,18
M_030_A_XV,0.0,1999,8,19
M_030_A_XV,0.0,1999,8,20
M_030_A_XV,0.0,1999,8,21
M_030_A_XV,0.0,1999,8,22
M_030_A_XV,0.0,1999,8,23
M_030_A_XV,0.0,1999,8,24
M_030_A_XV,0.0,1999,8,25
M_030_A_XV,0.0,1999,8,26
M_030_A_XV,0.0,1999,8,27
M_030_A_XV,0.0,1999,8,28
M_030_A_XV,0.0,1999,8,29
M_030_A_XV,0.0,1999,8,30
M_030_A_XV,0.0,1999,8,31
M_030_A_XV,0.0,1999,9,1
M_030_A_XV,0.0,1999,9,2
M_030_A_XV,0.0,1999,9,3
M_030_A_XV,0.0,1999,9,4
M_030_A_XV,0.0,1999,9,5
M_030_A_XV,0.0,1999,9,6
M_030_A_XV,0.0,1999,9,7
M_030_A_XV,0.0,1999,9,8
M_030_A_XV,0.0,1999,9,9
M_030_A_XV,0.0,1999,9,10
M_030_A_XV,0.0,1999,9,11
M_030_A_XV,0.0,1999,9,12
M_030_A_XV,0.0,1999,9,13
M_030_A_XV,0.0,1999,9,14
M_030_A_XV,0.0,1999,9,15
M_030_A_XV,0.0,1999,9,16
M_030_A_XV,0.0,1999,9,17
M_030_A_XV,0.0,1999,9,18
M_030_A_XV,0.0,1999,9,19
M_030_A_XV,0.0,1999,9,20
M_030_A_XV,0.0,1999,9,21
M_030_A_XV,0.0,1999,9,22
M_030_A_XV,0.0,1999,9,23
M_030_A_XV,0.0,1999,9,24
M_030_A_XV,0.0,1999,9,25
M_030_A_XV,0.0,1999,9,26
M_030_A_XV,0.0,1999,9,27
M_030_A_XV,0.0,1999,9,28
M_030_A_XV,0.0,1999,9,29
M_030_A_XV,0.0,1999,9,30
M_030_A_XV,0.0,1999,11,1
M_030_A_XV,0.0,1999,11,2
M_030_A_XV,0.0,1999,11,3
M_030_A_XV,0.0,1999,11,4
M_030_A_XV,0.0,1999,11,5
M_030_A_XV,0.0,1999,11,6
M_030_A_XV,0.0,1999,11,7
M_030_A_XV,0.0,1999,11,8
M_030_A_XV,0.0,1999,11,9
M_030_A_XV,0.0,1999,11,10
M_030_A_XV,0.0,1999,11,11
M_030_A_XV,0.0,1999,11,12
M_030_A_XV,0.0,1999,11,13
M_030_A_XV,0.0,1999,11,14
M_030_A_XV,0.0,1999,11,15
M_030_A_XV,0.0,1999,11,16
M_030_A_XV,0.0,1999,11,17
M_030_A_XV,0.0,1999,11,18
M_030_A_XV,0.0,1999,11,19
M_030_A_XV,0.0,1999,11,20
M_030_A_XV,0.0,1999,11,21
M_030_A_XV,0.0,1999,11,22
M_030_A_XV,0.0,1999,11,23
M_030_A_XV,0.0,1999,11,24
M_030_A_XV,0.0,1999,11,25
M_030_A_XV,0.0,1999,11,26
M_030_A_XV,0.0,1999,11,27
M_030_A_XV,0.0,1999,11,28
M_030_A_XV,0.0,1999,11,29
M_030_A_XV,0.0,1999,11,30
M_030_A_XV,0.0,1999,12,1
M_030_A_XV,0.0,1999,12,2
M_030_A_XV,0.0,1999,12,3
M_030_A_XV,0.0,1999,12,4
M_030_A_XV,0.0,1999,12,5
M_030_A_XV,0.0,1999,12,6
M_030_A_XV,0.0,1999,12,7
M_030_A_XV,0.0,1999,12,8
M_030_A_XV,0.0,1999,12,9
M_030_A_XV,0.0,1999,12,10
M_030_A_XV,0.0,1999,12,11
M_030_A_XV,0.0,1999,12,12
M_030_A_XV,0.0,1999,12,13
M_030_A_XV,0.0,1999,12,14
M_030_A_XV,0.0,1999,12,15
M_030_A_XV,0.0,1999,12,16
M_030_A_XV,0.0,1999,12,17
M_030_A_XV,0.0,1999,12,18
M_030_A_XV,0.0,1999,12,19
M_030_A_XV,0.0,1999,12,20
M_030_A_XV,0.0,1999,12,21
M_030_A_XV,3.0,1999,12,22
M_030_A_XV,6.0,1999,12,23
M_030_A_XV,7.0,1999,12,24
M_030_A_XV,9.0,1999,12,25
M_030_A_XV,9.0,1999,12,26
M_030_A_XV,6.0,1999,12,27
M_030_A_XV,5.0,1999,12,28
M_030_A_XV,4.0,1999,12,29
M_030_A_XV,7.0,1999,12,30
M_030_A_XV,0.0,1999,12,31
M_030_A_XV,0.8450793673594793,2000,1,1
M_030_A_XV,6.904738576461871,2000,1,2
M_030_A_XV,8.89490885254668,2000,1,3
M_030_A_XV,0.9877066904255662,2000,1,4
M_030_A_XV,4.0,2000,1,5
M_030_A_XV,0.0,2000,1,6
M_030_A_XV,2.0,2000,1,7
M_030_A_XV,15.0,2000,1,8
M_030_A_XV,9.0,2000,1,9
M_030_A_XV,0.0,2000,1,10
M_030_A_XV,7.0,2000,1,11
M_030_A_XV,6.0,2000,1,12
M_030_A_XV,2.0,2000,1,13
M_030_A_XV,0.0,2000,1,14
M_030_A_XV,4.0,2000,1,15
M_030_A_XV,16.0,2000,1,16
M_030_A_XV,16.0,2000,1,17
M_030_A_XV,8.0,2000,1,18
M_030_A_XV,12.0,2000,1,19
M_030_A_XV,12.0,2000,1,20
M_030_A_XV,8.0,2000,1,21
M_030_A_XV,8.0,2000,1,22
M_030_A_XV,7.0,2000,1,23
M_030_A_XV,1.0,2000,1,24
M_030_A_XV,4.0,2000,1,25
M_030_A_XV,10.0,2000,1,26
M_030_A_XV,5.0,2000,1,27
M_030_A_XV,0.0,2000,1,28
M_030_A_XV,15.0,2000,1,29
M_030_A_XV,0.0,2000,1,30
M_030_A_XV,21.0,2000,1,31
M_030_A_XV,5.0,2000,2,1
M_030_A_XV,2.0,2000,2,2
M_030_A_XV,0.0,2000,2,3
M_030_A_XV,0.0,2000,2,4
M_030_A_XV,0.0,2000,2,5
M_030_A_XV,3.0,2000,2,6
M_030_A_XV,0.0,2000,2,7
M_030_A_XV,0.0,2000,2,8
M_030_A_XV,18.0,2000,2,9
M_030_A_XV,10.0,2000,2,10
M_030_A_XV,10.0,2000,2,11
M_030_A_XV,6.0,2000,2,12
M_030_A_XV,21.0,2000,2,13
M_030_A_XV,14.0,2000,2,14
M_030_A_XV,4.0,2000,2,15
M_030_A_XV,5.0,2000,2,16
M_030_A_XV,10.0,2000,2,17
M_030_A_XV,3.0,2000,2,18
M_030_A_XV,15.0,2000,2,19
M_030_A_XV,0.0,2000,2,20
M_030_A_XV,10.0,2000,2,21
M_030_A_XV,2.0,2000,2,22
M_030_A_XV,1.0,2000,2,23
M_030_A_XV,20.0,2000,2,24
M_030_A_XV,6.0,2000,2,25
M_030_A_XV,10.0,2000,2,26
M_030_A_XV,5.0,2000,2,27
M_030_A_XV,12.0,2000,2,28
M_030_A_XV,0.0,2000,2,29
M_030_A_XV,10.0,2000,3,1
M_030_A_XV,2.0,2000,3,2
M_030_A_XV,4.0,2000,3,3
M_030_A_XV,6.0,2000,3,4
M_030_A_XV,8.0,2000,3,5
M_030_A_XV,12.0,2000,3,6
M_030_A_XV,27.0,2000,3,7
M_030_A_XV,6.0,2000,3,8
M_030_A_XV,0.0,2000,3,9
M_030_A_XV,0.0,2000,3,10
M_030_A_XV,0.0,2000,3,11
M_030_A_XV,0.0,2000,3,12
M_030_A_XV,0.0,2000,3,13
M_030_A_XV,0.0,2000,3,14
M_030_A_XV,0.0,2000,3,15
M_030_A_XV,0.0,2000,3,16
M_030_A_XV,0.0,2000,3,17
M_030_A_XV,0.0,2000,3,18
M_030_A_XV,0.0,2000,3,19
M_030_A_XV,2.0,2000,3,20
M_030_A_XV,5.0,2000,3,21
M_030_A_XV,6.0,2000,3,22
M_030_A_XV,8.0,2000,3,23
M_030_A_XV,5.0,2000,3,24
M_030_A_XV,0.0,2000,3,25
M_030_A_XV,0.0,2000,3,26
M_030_A_XV,0.0,2000,3,27
M_030_A_XV,0.0,2000,3,28
M_030_A_XV,0.0,2000,3,29
M_030_A_XV,0.0,2000,3,30
M_030_A_XV,0.0,2000,3,31
M_030_A_XV,3.0,2000,4,1
M_030_A_XV,0.0,2000,4,2
M_030_A_XV,1.0,2000,4,3
M_030_A_XV,3.0,2000,4,4
M_030_A_XV,0.0,2000,4,5
M_030_A_XV,1.0,2000,4,6
M_030_A_XV,0.0,2000,4,7
M_030_A_XV,0.0,2000,4,8
M_030_A_XV,2.0,2000,4,9
M_030_A_XV,0.0,2000,4,10
M_030_A_XV,0.0,2000,4,11
M_030_A_XV,0.0,2000,4,12
M_030_A_XV,0.0,2000,4,13
M_030_A_XV,0.0,2000,4,14
M_030_A_XV,0.0,2000,4,15
M_030_A_XV,0.0,2000,4,16
M_030_A_XV,0.0,2000,4,17
M_030_A_XV,0.0,2000,4,18
M_030_A_XV,0.0,2000,4,19
M_030_A_XV,0.0,2000,4,20
M_030_A_XV,0.0,2000,4,21
M_030_A_XV,0.0,2000,4,22
M_030_A_XV,0.0,2000,4,23
M_030_A_XV,0.0,2000,4,24
M_030_A_XV,0.0,2000,4,25
M_030_A_XV,0.0,2000,4,26
M_030_A_XV,0.0,2000,4,27
M_030_A_XV,0.0,2000,4,28
M_030_A_XV,0.0,2000,4,29
M_030_A_XV,0.0,2000,4,30
M_030_A_XV,0.0,2000,5,1
M_030_A_XV,0.0,2000,5,2
M_030_A_XV,0.0,2000,5,3
M_030_A_XV,0.0,2000,5,4
M_030_A_XV,0.0,2000,5,5
M_030_A_XV,0.0,2000,5,6
M_030_A_XV,0.0,2000,5,7
M_030_A_XV,0.0,2000,5,8
M_030_A_XV,0.0,2000,5,9
M_030_A_XV,0.0,2000,5,10
M_030_A_XV,0.0,2000,5,11
M_030_A_XV,0.0,2000,5,12
M_030_A_XV,0.0,2000,5,13
M_030_A_XV,0.0,2000,5,14
M_030_A_XV,0.0,2000,5,15
M_030_A_XV,0.0,2000,5,16
M_030_A_XV,0.0,2000,5,17
M_030_A_XV,0.0,2000,5,18
M_030_A_XV,0.0,2000,5,19
M_030_A_XV,0.0,2000,5,20
M_030_A_XV,0.0,2000,5,21
M_030_A_XV,0.0,2000,5,22
M_030_A_XV,0.0,2000,5,23
M_030_A_XV,0.0,2000,5,24
M_030_A_XV,0.0,2000,5,25
M_030_A_XV,0.0,2000,5,26
M_030_A_XV,0.0,2000,5,27
M_030_A_XV,0.0,2000,5,28
M_030_A_XV,0.0,2000,5,29
M_030_A_XV,0.0,2000,5,30
M_030_A_XV,0.0,2000,5,31
M_030_A_XV,0.0,2000,6,1
M_030_A_XV,0.0,2000,6,2
M_030_A_XV,0.0,2000,6,3
M_030_A_XV,0.0,2000,6,4
M_030_A_XV,0.0,2000,6,5
M_030_A_XV,0.0,2000,6,6
M_030_A_XV,0.0,2000,6,7
M_030_A_XV,0.0,2000,6,8
M_030_A_XV,0.0,2000,6,9
M_030_A_XV,0.0,2000,6,10
M_030_A_XV,0.0,2000,6,11
M_030_A_XV,0.0,2000,6,12
M_030_A_XV,0.0,2000,6,13
M_030_A_XV,0.0,2000,6,14
M_030_A_XV,0.0,2000,6,15
M_030_A_XV,0.0,2000,6,16
M_030_A_XV,0.0,2000,6,17
M_030_A_XV,0.0,2000,6,18
M_030_A_XV,0.0,2000,6,19
M_030_A_XV,0.0,2000,6,20
M_030_A_XV,0.0,2000,6,21
M_030_A_XV,0.0,2000,6,22
M_030_A_XV,0.0,2000,6,23
M_030_A_XV,0.0,2000,6,24
M_030_A_XV,0.0,2000,6,25
M_030_A_XV,0.0,2000,6,26
M_030_A_XV,0.0,2000,6,27
M_030_A_XV,0.0,2000,6,28
M_030_A_XV,0.0,2000,6,29
M_030_A_XV,0.0,2000,6,30
M_030_A_XV,0.0,2000,7,1
M_030_A_XV,0.0,2000,7,2
M_030_A_XV,0.0,2000,7,3
M_030_A_XV,0.0,2000,7,4
M_030_A_XV,0.0,2000,7,5
M_030_A_XV,0.0,2000,7,6
M_030_A_XV,0.0,2000,7,7
M_030_A_XV,2.0,2000,7,8
M_030_A_XV,0.0,2000,7,9
M_030_A_XV,0.0,2000,7,10
M_030_A_XV,0.0,2000,7,11
M_030_A_XV,0.0,2000,7,12
M_030_A_XV,0.0,2000,7,13
M_030_A_XV,0.0,2000,7,14
M_030_A_XV,0.0,2000,7,15
M_030_A_XV,0.0,2000,7,16
M_030_A_XV,5.0,2000,7,17
M_030_A_XV,3.0,2000,7,18
M_030_A_XV,2.0,2000,7,19
M_030_A_XV,6.0,2000,7,20
M_030_A_XV,0.0,2000,7,21
M_030_A_XV,0.0,2000,7,22
M_030_A_XV,0.0,2000,7,23
M_030_A_XV,0.0,2000,7,24
M_030_A_XV,0.0,2000,7,25
M_030_A_XV,0.0,2000,7,26
M_030_A_XV,0.0,2000,7,27
M_030_A_XV,0.0,2000,7,28
M_030_A_XV,0.0,2000,7,29
M_030_A_XV,0.0,2000,7,30
M_030_A_XV,0.0,2000,7,31
M_030_A_XV,0.0,2000,8,1
M_030_A_XV,0.0,2000,8,2
M_030_A_XV,0.0,2000,8,3
M_030_A_XV,0.0,2000,8,4
M_030_A_XV,0.0,2000,8,5
M_030_A_XV,0.0,2000,8,6
M_030_A_XV,0.0,2000,8,7
M_030_A_XV,0.0,2000,8,8
M_030_A_XV,0.0,2000,8,9
M_030_A_XV,0.0,2000,8,10
M_030_A_XV,0.0,2000,8,11
M_030_A_XV,0.0,2000,8,12
M_030_A_XV,0.0,2000,8,13
M_030_A_XV,0.0,2000,8,14
M_030_A_XV,0.0,2000,8,15
M_030_A_XV,0.0,2000,8,16
M_030_A_XV,0.0,2000,8,17
M_030_A_XV,0.0,2000,8,18
M_030_A_XV,0.0,2000,8,19
M_030_A_XV,0.0,2000,8,20
M_030_A_XV,0.0,2000,8,21
M_030_A_XV,0.0,2000,8,22
M_030_A_XV,0.0,2000,8,23
M_030_A_XV,0.0,2000,8,24
M_030_A_XV,0.0,2000,8,25
M_030_A_XV,0.0,2000,8,26
M_030_A_XV,0.0,2000,8,27
M_030_A_XV,0.0,2000,8,28
M_030_A_XV,0.0,2000,8,29
M_030_A_XV,0.0,2000,8,30
M_030_A_XV,0.0,2000,8,31
M_030_A_XV,0.0,2000,9,1
M_030_A_XV,0.0,2000,9,2
M_030_A_XV,0.0,2000,9,3
M_030_A_XV,0.0,2000,9,4
M_030_A_XV,0.0,2000,9,5
M_030_A_XV,0.0,2000,9,6
M_030_A_XV,0.0,2000,9,7
M_030_A_XV,0.0,2000,9,8
M_030_A_XV,0.0,2000,9,9
M_030_A_XV,0.0,2000,9,10
M_030_A_XV,0.0,2000,9,11
M_030_A_XV,0.0,2000,9,12
M_030_A_XV,0.0,2000,9,13
M_030_A_XV,0.0,2000,9,14
M_030_A_XV,0.0,2000,9,15
M_030_A_XV,0.0,2000,9,16
M_030_A_XV,0.0,2000,9,17
M_030_A_XV,0.0,2000,9,18
M_030_A_XV,0.0,2000,9,19
M_030_A_XV,0.0,2000,9,20
M_030_A_XV,0.0,2000,9,21
M_030_A_XV,0.0,2000,9,22
M_030_A_XV,0.0,2000,9,23
M_030_A_XV,0.0,2000,9,24
M_030_A_XV,0.0,2000,9,25
M_030_A_XV,0.0,2000,9,26
M_030_A_XV,0.0,2000,9,27
M_030_A_XV,0.0,2000,9,28
M_030_A_XV,0.0,2000,9,29
M_030_A_XV,0.0,2000,9,30
M_030_A_XV,0.0,2000,10,1
M_030_A_XV,0.0,2000,10,2
M_030_A_XV,0.0,2000,10,3
M_030_A_XV,0.0,2000,10,4
M_030_A_XV,0.0,2000,10,5
M_030_A_XV,0.0,2000,10,6
M_030_A_XV,0.0,2000,10,7
M_030_A_XV,0.0,2000,10,8
M_030_A_XV,0.0,2000,10,9
M_030_A_XV,0.0,2000,10,10
M_030_A_XV,0.0,2000,10,11
M_030_A_XV,0.0,2000,10,12
M_030_A_XV,0.0,2000,10,13
M_030_A_XV,0.0,2000,10,14
M_030_A_XV,0.0,2000,10,15
M_030_A_XV,0.0,2000,10,16
M_030_A_XV,0.0,2000,10,17
M_030_A_XV,0.0,2000,10,18
M_030_A_XV,0.0,2000,10,19
M_030_A_XV,20.0,2000,10,20
M_030_A_XV,0.0,2000,10,21
M_030_A_XV,0.0,2000,10,22
M_030_A_XV,0.0,2000,10,23
M_030_A_XV,0.0,2000,10,24
M_030_A_XV,0.0,2000,10,25
M_030_A_XV,0.0,2000,10,26
M_030_A_XV,0.0,2000,10,27
M_030_A_XV,0.0,2000,10,28
M_030_A_XV,0.0,2000,10,29
M_030_A_XV,0.0,2000,10,30
M_030_A_XV,0.0,2000,10,31
M_030_A_XV,0.0,2000,11,1
M_030_A_XV,0.0,2000,11,2
M_030_A_XV,0.0,2000,11,3
M_030_A_XV,0.0,2000,11,4
M_030_A_XV,0.0,2000,11,5
M_030_A_XV,0.0,2000,11,6
M_030_A_XV,0.0,2000,11,7
M_030_A_XV,0.0,2000,11,8
M_030_A_XV,0.0,2000,11,9
M_030_A_XV,0.0,2000,11,10
M_030_A_XV,0.0,2000,11,11
M_030_A_XV,0.0,2000,11,12
M_030_A_XV,0.0,2000,11,13
M_030_A_XV,0.0,2000,11,14
M_030_A_XV,0.0,2000,11,15
M_030_A_XV,0.0,2000,11,16
M_030_A_XV,0.0,2000,11,17
M_030_A_XV,0.0,2000,11,18
M_030_A_XV,0.0,2000,11,19
M_030_A_XV,0.0,2000,11,20
M_030_A_XV,0.0,2000,11,21
M_030_A_XV,0.0,2000,11,22
M_030_A_XV,0.0,2000,11,23
M_030_A_XV,0.0,2000,11,24
M_030_A_XV,0.0,2000,11,25
M_030_A_XV,0.0,2000,11,26
M_030_A_XV,0.0,2000,11,27
M_030_A_XV,0.0,2000,11,28
M_030_A_XV,0.0,2000,11,29
M_030_A_XV,0.0,2000,11,30
M_030_A_XV,0.0,2000,12,1
M_030_A_XV,0.0,2000,12,2
M_030_A_XV,0.0,2000,12,3
M_030_A_XV,0.0,2000,12,4
M_030_A_XV,0.0,2000,12,5
M_030_A_XV,0.0,2000,12,6
M_030_A_XV,0.0,2000,12,7
M_030_A_XV,0.0,2000,12,8
M_030_A_XV,13.0,2000,12,9
M_030_A_XV,0.0,2000,12,10
M_030_A_XV,0.0,2000,12,11
M_030_A_XV,0.0,2000,12,12
M_030_A_XV,0.0,2000,12,13
M_030_A_XV,0.0,2000,12,14
M_030_A_XV,0.0,2000,12,15
M_030_A_XV,0.0,2000,12,16
M_030_A_XV,0.0,2000,12,17
M_030_A_XV,0.0,2000,12,18
M_030_A_XV,9.0,2000,12,19
M_030_A_XV,0.0,2000,12,20
M_030_A_XV,10.0,2000,12,21
M_030_A_XV,0.0,2000,12,22
M_030_A_XV,0.0,2000,12,23
M_030_A_XV,0.0,2000,12,24
M_030_A_XV,0.0,2000,12,25
M_030_A_XV,0.0,2000,12,26
M_030_A_XV,0.0,2000,12,27
M_030_A_XV,0.0,2000,12,28
M_030_A_XV,0.0,2000,12,29
M_030_A_XV,0.0,2000,12,30
M_030_A_XV,0.0,2000,12,31
M_030_A_XV,6.0,2001,1,1
M_030_A_XV,2.0,2001,1,2
M_030_A_XV,22.0,2001,1,3
M_030_A_XV,3.0,2001,1,4
M_030_A_XV,20.0,2001,1,5
M_030_A_XV,0.0,2001,1,6
M_030_A_XV,0.0,2001,1,7
M_030_A_XV,0.0,2001,1,8
M_030_A_XV,0.0,2001,1,9
M_030_A_XV,20.0,2001,1,10
M_030_A_XV,6.0,2001,1,11
M_030_A_XV,0.0,2001,1,12
M_030_A_XV,0.0,2001,1,13
M_030_A_XV,1.0,2001,1,14
M_030_A_XV,0.0,2001,1,15
M_030_A_XV,0.0,2001,1,16
M_030_A_XV,0.0,2001,1,17
M_030_A_XV,3.0,2001,1,18
M_030_A_XV,3.0,2001,1,19
M_030_A_XV,6.0,2001,1,20
M_030_A_XV,6.0,2001,1,21
M_030_A_XV,3.0,2001,1,22
M_030_A_XV,6.0,2001,1,23
M_030_A_XV,18.0,2001,1,24
M_030_A_XV,6.0,2001,1,25
M_030_A_XV,10.0,2001,1,26
M_030_A_XV,0.2,2001,1,27
M_030_A_XV,3.0,2001,1,28
M_030_A_XV,0.0,2001,1,29
M_030_A_XV,5.0,2001,1,30
M_030_A_XV,6.0,2001,1,31
M_030_A_XV,6.0,2001,2,1
M_030_A_XV,6.0,2001,2,2
M_030_A_XV,1.0,2001,2,3
M_030_A_XV,1.0,2001,2,4
M_030_A_XV,4.0,2001,2,5
M_030_A_XV,13.0,2001,2,6
M_030_A_XV,0.0,2001,2,7
M_030_A_XV,15.0,2001,2,8
M_030_A_XV,6.0,2001,2,9
M_030_A_XV,12.0,2001,2,10
M_030_A_XV,20.0,2001,2,11
M_030_A_XV,5.0,2001,2,12
M_030_A_XV,16.0,2001,2,13
M_030_A_XV,31.0,2001,2,14
M_030_A_XV,8.0,2001,2,15
M_030_A_XV,18.0,2001,2,16
M_030_A_XV,3.0,2001,2,17
M_030_A_XV,8.0,2001,2,18
M_030_A_XV,6.0,2001,2,19
M_030_A_XV,0.0,2001,2,20
M_030_A_XV,3.0,2001,2,21
M_030_A_XV,3.0,2001,2,22
M_030_A_XV,0.0,2001,2,23
M_030_A_XV,2.0,2001,2,24
M_030_A_XV,0.0,2001,2,25
M_030_A_XV,5.0,2001,2,26
M_030_A_XV,1.0,2001,2,27
M_030_A_XV,7.5,2001,2,28
M_030_A_XV,4.0,2001,3,1
M_030_A_XV,6.5,2001,3,2
M_030_A_XV,3.0,2001,3,3
M_030_A_XV,0.0,2001,3,4
M_030_A_XV,18.0,2001,3,5
M_030_A_XV,2.0,2001,3,6
M_030_A_XV,3.0,2001,3,7
M_030_A_XV,2.0,2001,3,8
M_030_A_XV,0.0,2001,3,9
M_030_A_XV,3.0,2001,3,10
M_030_A_XV,2.0,2001,3,11
M_030_A_XV,0.0,2001,3,12
M_030_A_XV,27.0,2001,3,13
M_030_A_XV,11.0,2001,3,14
M_030_A_XV,3.0,2001,3,15
M_030_A_XV,22.0,2001,3,16
M_030_A_XV,1.0,2001,3,17
M_030_A_XV,3.0,2001,3,18
M_030_A_XV,0.0,2001,3,19
M_030_A_XV,0.0,2001,3,20
M_030_A_XV,0.0,2001,3,21
M_030_A_XV,0.0,2001,3,22
M_030_A_XV,0.0,2001,3,23
M_030_A_XV,0.0,2001,3,24
M_030_A_XV,0.0,2001,3,25
M_030_A_XV,0.0,2001,3,26
M_030_A_XV,0.0,2001,3,27
M_030_A_XV,0.0,2001,3,28
M_030_A_XV,0.0,2001,3,29
M_030_A_XV,0.0,2001,3,30
M_030_A_XV,0.0,2001,3,31
M_030_A_XV,0.0,2001,4,1
M_030_A_XV,0.0,2001,4,2
M_030_A_XV,0.0,2001,4,3
M_030_A_XV,0.0,2001,4,4
M_030_A_XV,3.0,2001,4,5
M_030_A_XV,0.0,2001,4,6
M_030_A_XV,0.0,2001,4,7
M_030_A_XV,0.0,2001,4,8
M_030_A_XV,1.0,2001,4,9
M_030_A_XV,2.0,2001,4,10
M_030_A_XV,0.0,2001,4,11
M_030_A_XV,8.0,2001,4,12
M_030_A_XV,16.0,2001,4,13
M_030_A_XV,11.0,2001,4,14
M_030_A_XV,11.0,2001,4,15
M_030_A_XV,3.0,2001,4,16
M_030_A_XV,0.0,2001,4,17
M_030_A_XV,1.0,2001,4,18
M_030_A_XV,3.0,2001,4,19
M_030_A_XV,0.0,2001,4,20
M_030_A_XV,0.0,2001,4,21
M_030_A_XV,0.0,2001,4,22
M_030_A_XV,0.0,2001,4,23
M_030_A_XV,0.0,2001,4,24
M_030_A_XV,0.0,2001,4,25
M_030_A_XV,0.0,2001,4,26
M_030_A_XV,0.0,2001,4,27
M_030_A_XV,0.0,2001,4,28
M_030_A_XV,0.0,2001,4,29
M_030_A_XV,0.0,2001,4,30
M_030_A_XV,0.0,2001,5,1
M_030_A_XV,0.0,2001,5,2
M_030_A_XV,0.0,2001,5,3
M_030_A_XV,0.0,2001,5,4
M_030_A_XV,0.0,2001,5,5
M_030_A_XV,0.0,2001,5,6
M_030_A_XV,0.0,2001,5,7
M_030_A_XV,0.0,2001,5,8
M_030_A_XV,0.0,2001,5,9
M_030_A_XV,0.0,2001,5,10
M_030_A_XV,0.0,2001,5,11
M_030_A_XV,0.0,2001,5,12
M_030_A_XV,0.0,2001,5,13
M_030_A_XV,0.0,2001,5,14
M_030_A_XV,0.0,2001,5,15
M_030_A_XV,0.0,2001,5,16
M_030_A_XV,0.0,2001,5,17
M_030_A_XV,0.0,2001,5,18
M_030_A_XV,0.0,2001,5,19
M_030_A_XV,0.0,2001,5,20
M_030_A_XV,0.0,2001,5,21
M_030_A_XV,0.0,2001,5,22
M_030_A_XV,0.0,2001,5,23
M_030_A_XV,0.0,2001,5,24
M_030_A_XV,0.0,2001,5,25
M_030_A_XV,0.0,2001,5,26
M_030_A_XV,0.0,2001,5,27
M_030_A_XV,0.0,2001,5,28
M_030_A_XV,0.0,2001,5,29
M_030_A_XV,0.0,2001,5,30
M_030_A_XV,0.0,2001,5,31
M_030_A_XV,0.0,2001,6,1
M_030_A_XV,0.0,2001,6,2
M_030_A_XV,0.0,2001,6,3
M_030_A_XV,0.0,2001,6,4
M_030_A_XV,0.0,2001,6,5
M_030_A_XV,0.0,2001,6,6
M_030_A_XV,0.0,2001,6,7
M_030_A_XV,0.0,2001,6,8
M_030_A_XV,0.0,2001,6,9
M_030_A_XV,0.0,2001,6,10
M_030_A_XV,0.0,2001,6,11
M_030_A_XV,0.0,2001,6,12
M_030_A_XV,0.0,2001,6,13
M_030_A_XV,0.0,2001,6,14
M_030_A_XV,0.0,2001,6,15
M_030_A_XV,0.0,2001,6,16
M_030_A_XV,0.0,2001,6,17
M_030_A_XV,0.0,2001,6,18
M_030_A_XV,0.0,2001,6,19
M_030_A_XV,0.0,2001,6,20
M_030_A_XV,0.0,2001,6,21
M_030_A_XV,0.0,2001,6,22
M_030_A_XV,0.0,2001,6,23
M_030_A_XV,0.0,2001,6,24
M_030_A_XV,0.0,2001,6,25
M_030_A_XV,0.0,2001,6,26
M_030_A_XV,0.0,2001,6,27
M_030_A_XV,0.0,2001,6,28
M_030_A_XV,0.0,2001,6,29
M_030_A_XV,0.0,2001,6,30
M_030_A_XV,0.0,2001,7,1
M_030_A_XV,0.0,2001,7,2
M_030_A_XV,0.0,2001,7,3
M_030_A_XV,0.0,2001,7,4
M_030_A_XV,0.0,2001,7,5
M_030_A_XV,0.0,2001,7,6
M_030_A_XV,0.0,2001,7,7
M_030_A_XV,0.0,2001,7,8
M_030_A_XV,0.0,2001,7,9
M_030_A_XV,0.0,2001,7,10
M_030_A_XV,0.0,2001,7,11
M_030_A_XV,0.0,2001,7,12
M_030_A_XV,0.0,2001,7,13
M_030_A_XV,0.0,2001,7,14
M_030_A_XV,0.0,2001,7,15
M_030_A_XV,0.0,2001,7,16
M_030_A_XV,0.0,2001,7,17
M_030_A_XV,0.0,2001,7,18
M_030_A_XV,0.0,2001,7,19
M_030_A_XV,0.0,2001,7,20
M_030_A_XV,0.0,2001,7,21
M_030_A_XV,0.0,2001,7,22
M_030_A_XV,0.0,2001,7,23
M_030_A_XV,0.0,2001,7,24
M_030_A_XV,0.0,2001,7,25
M_030_A_XV,0.0,2001,7,26
M_030_A_XV,0.0,2001,7,27
M_030_A_XV,0.0,2001,7,28
M_030_A_XV,0.0,2001,7,29
M_030_A_XV,0.0,2001,7,30
M_030_A_XV,0.0,2001,7,31
M_030_A_XV,0.0,2001,8,1
M_030_A_XV,0.0,2001,8,2
M_030_A_XV,0.0,2001,8,3
M_030_A_XV,0.0,2001,8,4
M_030_A_XV,0.0,2001,8,5
M_030_A_XV,0.0,2001,8,6
M_030_A_XV,0.0,2001,8,7
M_030_A_XV,0.0,2001,8,8
M_030_A_XV,0.0,2001,8,9
M_030_A_XV,0.0,2001,8,10
M_030_A_XV,0.0,2001,8,11
M_030_A_XV,0.0,2001,8,12
M_030_A_XV,0.0,2001,8,13
M_030_A_XV,0.0,2001,8,14
M_030_A_XV,0.0,2001,8,15
M_030_A_XV,2.0,2001,8,16
M_030_A_XV,3.0,2001,8,17
M_030_A_XV,0.0,2001,8,18
M_030_A_XV,5.0,2001,8,19
M_030_A_XV,0.0,2001,8,20
M_030_A_XV,0.0,2001,8,21
M_030_A_XV,0.0,2001,8,22
M_030_A_XV,0.0,2001,8,23
M_030_A_XV,0.0,2001,8,24
M_030_A_XV,0.0,2001,8,25
M_030_A_XV,0.0,2001,8,26
M_030_A_XV,0.0,2001,8,27
M_030_A_XV,0.0,2001,8,28
M_030_A_XV,0.0,2001,8,29
M_030_A_XV,0.0,2001,8,30
M_030_A_XV,0.0,2001,8,31
M_030_A_XV,0.0,2001,9,1
M_030_A_XV,0.0,2001,9,2
M_030_A_XV,0.0,2001,9,3
M_030_A_XV,0.0,2001,9,4
M_030_A_XV,0.0,2001,9,5
M_030_A_XV,0.0,2001,9,6
M_030_A_XV,0.0,2001,9,7
M_030_A_XV,0.0,2001,9,8
M_030_A_XV,0.0,2001,9,9
M_030_A_XV,0.0,2001,9,10
M_030_A_XV,0.0,2001,9,11
M_030_A_XV,0.0,2001,9,12
M_030_A_XV,0.0,2001,9,13
M_030_A_XV,0.0,2001,9,14
M_030_A_XV,0.0,2001,9,15
M_030_A_XV,0.0,2001,9,16
M_030_A_XV,0.0,2001,9,17
M_030_A_XV,0.0,2001,9,18
M_030_A_XV,0.0,2001,9,19
M_030_A_XV,0.0,2001,9,20
M_030_A_XV,0.0,2001,9,21
M_030_A_XV,0.0,2001,9,22
M_030_A_XV,0.0,2001,9,23
M_030_A_XV,0.0,2001,9,24
M_030_A_XV,0.0,2001,9,25
M_030_A_XV,0.0,2001,9,26
M_030_A_XV,0.0,2001,9,27
M_030_A_XV,0.0,2001,9,28
M_030_A_XV,0.0,2001,9,29
M_030_A_XV,0.0,2001,9,30
M_030_A_XV,0.0,2001,10,1
M_030_A_XV,0.0,2001,10,2
M_030_A_XV,0.0,2001,10,3
M_030_A_XV,0.0,2001,10,4
M_030_A_XV,0.0,2001,10,5
M_030_A_XV,0.0,2001,10,6
M_030_A_XV,0.0,2001,10,7
M_030_A_XV,0.0,2001,10,8
M_030_A_XV,0.0,2001,10,9
M_030_A_XV,0.0,2001,10,10
M_030_A_XV,0.0,2001,10,11
M_030_A_XV,0.0,2001,10,12
M_030_A_XV,0.0,2001,10,13
M_030_A_XV,0.0,2001,10,14
M_030_A_XV,0.0,2001,10,15
M_030_A_XV,0.0,2001,10,16
M_030_A_XV,0.0,2001,10,17
M_030_A_XV,0.0,2001,10,18
M_030_A_XV,0.0,2001,10,19
M_030_A_XV,0.0,2001,10,20
M_030_A_XV,0.0,2001,10,21
M_030_A_XV,0.0,2001,10,22
M_030_A_XV,0.0,2001,10,23
M_030_A_XV,0.0,2001,10,24
M_030_A_XV,0.0,2001,10,25
M_030_A_XV,0.0,2001,10,26
M_030_A_XV,0.0,2001,10,27
M_030_A_XV,0.0,2001,10,28
M_030_A_XV,0.0,2001,10,29
M_030_A_XV,0.0,2001,10,30
M_030_A_XV,0.0,2001,10,31
M_030_A_XV,0.0,2001,11,1
M_030_A_XV,0.0,2001,11,2
M_030_A_XV,0.0,2001,11,3
M_030_A_XV,0.0,2001,11,4
M_030_A_XV,0.0,2001,11,5
M_030_A_XV,0.0,2001,11,6
M_030_A_XV,0.0,2001,11,7
M_030_A_XV,0.0,2001,11,8
M_030_A_XV,0.0,2001,11,9
M_030_A_XV,0.0,2001,11,10
M_030_A_XV,0.0,2001,11,11
M_030_A_XV,0.0,2001,11,12
M_030_A_XV,0.0,2001,11,13
M_030_A_XV,0.0,2001,11,14
M_030_A_XV,0.0,2001,11,15
M_030_A_XV,0.0,2001,11,16
M_030_A_XV,0.0,2001,11,17
M_030_A_XV,0.0,2001,11,18
M_030_A_XV,0.0,2001,11,19
M_030_A_XV,0.0,2001,11,20
M_030_A_XV,0.0,2001,11,21
M_030_A_XV,0.0,2001,11,22
M_030_A_XV,0.0,2001,11,23
M_030_A_XV,0.0,2001,11,24
M_030_A_XV,0.0,2001,11,25
M_030_A_XV,0.0,2001,11,26
M_030_A_XV,0.0,2001,11,27
M_030_A_XV,0.0,2001,11,28
M_030_A_XV,0.0,2001,11,29
M_030_A_XV,0.0,2001,11,30
M_030_A_XV,0.0,2001,12,1
M_030_A_XV,0.0,2001,12,2
M_030_A_XV,0.0,2001,12,3
M_030_A_XV,0.0,2001,12,4
M_030_A_XV,0.0,2001,12,5
M_030_A_XV,0.0,2001,12,6
M_030_A_XV,0.0,2001,12,7
M_030_A_XV,0.0,2001,12,8
M_030_A_XV,0.0,2001,12,9
M_030_A_XV,0.0,2001,12,10
M_030_A_XV,0.0,2001,12,11
M_030_A_XV,0.0,2001,12,12
M_030_A_XV,0.0,2001,12,13
M_030_A_XV,0.0,2001,12,14
M_030_A_XV,0.0,2001,12,15
M_030_A_XV,0.0,2001,12,16
M_030_A_XV,0.0,2001,12,17
M_030_A_XV,0.0,2001,12,18
M_030_A_XV,0.0,2001,12,19
M_030_A_XV,0.0,2001,12,20
M_030_A_XV,0.0,2001,12,21
M_030_A_XV,0.0,2001,12,22
M_030_A_XV,0.0,2001,12,23
M_030_A_XV,0.0,2001,12,24
M_030_A_XV,0.0,2001,12,25
M_030_A_XV,0.0,2001,12,26
M_030_A_XV,0.0,2001,12,27
M_030_A_XV,0.0,2001,12,28
M_030_A_XV,0.0,2001,12,29
M_030_A_XV,0.0,2001,12,30
M_030_A_XV,0.0,2001,12,31
M_030_A_XV,0.0,2002,1,1
M_030_A_XV,0.0,2002,1,2
M_030_A_XV,0.0,2002,1,3
M_030_A_XV,0.0,2002,1,4
M_030_A_XV,0.0,2002,1,5
M_030_A_XV,0.0,2002,1,6
M_030_A_XV,0.0,2002,1,7
M_030_A_XV,0.0,2002,1,8
M_030_A_XV,0.0,2002,1,9
M_030_A_XV,0.0,2002,1,10
M_030_A_XV,0.0,2002,1,11
M_030_A_XV,0.0,2002,1,12
M_030_A_XV,0.0,2002,1,13
M_030_A_XV,1.0,2002,1,14
M_030_A_XV,2.0,2002,1,15
M_030_A_XV,10.0,2002,1,16
M_030_A_XV,3.0,2002,1,17
M_030_A_XV,0.0,2002,1,18
M_030_A_XV,0.0,2002,1,19
M_030_A_XV,2.0,2002,1,20
M_030_A_XV,2.0,2002,1,21
M_030_A_XV,0.0,2002,1,22
M_030_A_XV,0.0,2002,1,23
M_030_A_XV,0.0,2002,1,24
M_030_A_XV,0.0,2002,1,25
M_030_A_XV,0.0,2002,1,26
M_030_A_XV,0.0,2002,1,27
M_030_A_XV,0.0,2002,1,28
M_030_A_XV,0.0,2002,1,29
M_030_A_XV,0.0,2002,1,30
M_030_A_XV,0.0,2002,1,31
M_030_A_XV,1.0,2002,2,1
M_030_A_XV,0.0,2002,2,2
M_030_A_XV,0.0,2002,2,3
M_030_A_XV,0.0,2002,2,4
M_030_A_XV,0.0,2002,2,5
M_030_A_XV,0.0,2002,2,6
M_030_A_XV,8.0,2002,2,7
M_030_A_XV,0.0,2002,2,8
M_030_A_XV,0.0,2002,2,9
M_030_A_XV,1.0,2002,2,10
M_030_A_XV,3.0,2002,2,11
M_030_A_XV,4.0,2002,2,12
M_030_A_XV,1.0,2002,2,13
M_030_A_XV,2.0,2002,2,14
M_030_A_XV,1.0,2002,2,15
M_030_A_XV,9.0,2002,2,16
M_030_A_XV,0.0,2002,2,17
M_030_A_XV,0.0,2002,2,18
M_030_A_XV,0.0,2002,2,19
M_030_A_XV,0.0,2002,2,20
M_030_A_XV,0.0,2002,2,21
M_030_A_XV,0.0,2002,2,22
M_030_A_XV,1.0,2002,2,23
M_030_A_XV,2.0,2002,2,24
M_030_A_XV,3.0,2002,2,25
M_030_A_XV,0.0,2002,2,26
M_030_A_XV,2.0,2002,2,27
M_030_A_XV,0.0,2002,2,28
M_030_A_XV,4.0,2002,3,1
M_030_A_XV,3.0,2002,3,2
M_030_A_XV,8.0,2002,3,3
M_030_A_XV,5.0,2002,3,4
M_030_A_XV,6.0,2002,3,5
M_030_A_XV,6.0,2002,3,6
M_030_A_XV,20.0,2002,3,7
M_030_A_XV,5.0,2002,3,8
M_030_A_XV,0.0,2002,3,9
M_030_A_XV,0.0,2002,3,10
M_030_A_XV,0.0,2002,3,11
M_030_A_XV,2.0,2002,3,12
M_030_A_XV,1.0,2002,3,13
M_030_A_XV,5.0,2002,3,14
M_030_A_XV,0.0,2002,3,15
M_030_A_XV,0.0,2002,3,16
M_030_A_XV,0.0,2002,3,17
M_030_A_XV,0.0,2002,3,18
M_030_A_XV,0.0,2002,3,19
M_030_A_XV,5.0,2002,3,20
M_030_A_XV,2.0,2002,3,21
M_030_A_XV,0.0,2002,3,22
M_030_A_XV,2.0,2002,3,23
M_030_A_XV,2.0,2002,3,24
M_030_A_XV,2.0,2002,3,25
M_030_A_XV,0.0,2002,3,26
M_030_A_XV,0.0,2002,3,27
M_030_A_XV,0.0,2002,3,28
M_030_A_XV,1.0,2002,3,29
M_030_A_XV,0.0,2002,3,30
M_030_A_XV,0.0,2002,3,31
M_030_A_XV,0.0,2002,4,1
M_030_A_XV,0.0,2002,4,2
M_030_A_XV,0.0,2002,4,3
M_030_A_XV,0.0,2002,4,4
M_030_A_XV,0.0,2002,4,5
M_030_A_XV,0.0,2002,4,6
M_030_A_XV,0.0,2002,4,7
M_030_A_XV,0.0,2002,4,8
M_030_A_XV,0.0,2002,4,9
M_030_A_XV,0.0,2002,4,10
M_030_A_XV,0.0,2002,4,11
M_030_A_XV,0.0,2002,4,12
M_030_A_XV,0.0,2002,4,13
M_030_A_XV,0.0,2002,4,14
M_030_A_XV,0.0,2002,4,15
M_030_A_XV,0.0,2002,4,16
M_030_A_XV,0.0,2002,4,17
M_030_A_XV,0.0,2002,4,18
M_030_A_XV,0.0,2002,4,19
M_030_A_XV,0.0,2002,4,20
M_030_A_XV,0.0,2002,4,21
M_030_A_XV,1.0,2002,4,22
M_030_A_XV,1.0,2002,4,23
M_030_A_XV,0.0,2002,4,24
M_030_A_XV,0.0,2002,4,25
M_030_A_XV,0.0,2002,4,26
M_030_A_XV,0.0,2002,4,27
M_030_A_XV,0.0,2002,4,28
M_030_A_XV,0.0,2002,4,29
M_030_A_XV,0.0,2002,4,30
M_030_A_XV,0.0,2002,5,1
M_030_A_XV,0.0,2002,5,2
M_030_A_XV,0.0,2002,5,3
M_030_A_XV,0.0,2002,5,4
M_030_A_XV,0.0,2002,5,5
M_030_A_XV,0.0,2002,5,6
M_030_A_XV,0.0,2002,5,7
M_030_A_XV,0.0,2002,5,8
M_030_A_XV,0.0,2002,5,9
M_030_A_XV,0.0,2002,5,10
M_030_A_XV,0.0,2002,5,11
M_030_A_XV,0.0,2002,5,12
M_030_A_XV,0.0,2002,5,13
M_030_A_XV,0.0,2002,5,14
M_030_A_XV,0.0,2002,5,15
M_030_A_XV,0.0,2002,5,16
M_030_A_XV,0.0,2002,5,17
M_030_A_XV,0.0,2002,5,18
M_030_A_XV,0.0,2002,5,19
M_030_A_XV,0.0,2002,5,20
M_030_A_XV,0.0,2002,5,21
M_030_A_XV,0.0,2002,5,22
M_030_A_XV,0.0,2002,5,23
M_030_A_XV,0.0,2002,5,24
M_030_A_XV,0.0,2002,5,25
M_030_A_XV,0.0,2002,5,26
M_030_A_XV,0.0,2002,5,27
M_030_A_XV,0.0,2002,5,28
M_030_A_XV,0.0,2002,5,29
M_030_A_XV,0.0,2002,5,30
M_030_A_XV,0.0,2002,5,31
M_030_A_XV,0.0,2002,6,1
M_030_A_XV,0.0,2002,6,2
M_030_A_XV,0.0,2002,6,3
M_030_A_XV,0.0,2002,6,4
M_030_A_XV,0.0,2002,6,5
M_030_A_XV,0.0,2002,6,6
M_030_A_XV,0.0,2002,6,7
M_030_A_XV,0.0,2002,6,8
M_030_A_XV,0.0,2002,6,9
M_030_A_XV,0.0,2002,6,10
M_030_A_XV,0.0,2002,6,11
M_030_A_XV,0.0,2002,6,12
M_030_A_XV,0.0,2002,6,13
M_030_A_XV,0.0,2002,6,14
M_030_A_XV,0.0,2002,6,15
M_030_A_XV,0.0,2002,6,16
M_030_A_XV,0.0,2002,6,17
M_030_A_XV,0.0,2002,6,18
M_030_A_XV,0.0,2002,6,19
M_030_A_XV,0.0,2002,6,20
M_030_A_XV,0.0,2002,6,21
M_030_A_XV,0.0,2002,6,22
M_030_A_XV,0.0,2002,6,23
M_030_A_XV,0.0,2002,6,24
M_030_A_XV,0.0,2002,6,25
M_030_A_XV,0.0,2002,6,26
M_030_A_XV,0.0,2002,6,27
M_030_A_XV,0.0,2002,6,28
M_030_A_XV,0.0,2002,6,29
M_030_A_XV,0.0,2002,6,30
M_030_A_XV,0.0,2002,7,1
M_030_A_XV,3.0,2002,7,2
M_030_A_XV,15.0,2002,7,3
M_030_A_XV,0.0,2002,7,4
M_030_A_XV,0.0,2002,7,5
M_030_A_XV,0.0,2002,7,6
M_030_A_XV,0.0,2002,7,7
M_030_A_XV,0.0,2002,7,8
M_030_A_XV,0.0,2002,7,9
M_030_A_XV,0.0,2002,7,10
M_030_A_XV,0.0,2002,7,11
M_030_A_XV,0.0,2002,7,12
M_030_A_XV,0.0,2002,7,13
M_030_A_XV,0.0,2002,7,14
M_030_A_XV,0.0,2002,7,15
M_030_A_XV,0.0,2002,7,16
M_030_A_XV,0.0,2002,7,17
M_030_A_XV,0.0,2002,7,18
M_030_A_XV,0.0,2002,7,19
M_030_A_XV,0.0,2002,7,20
M_030_A_XV,0.0,2002,7,21
M_030_A_XV,0.0,2002,7,22
M_030_A_XV,0.0,2002,7,23
M_030_A_XV,0.0,2002,7,24
M_030_A_XV,0.0,2002,7,25
M_030_A_XV,0.0,2002,7,26
M_030_A_XV,0.0,2002,7,27
M_030_A_XV,0.0,2002,7,28
M_030_A_XV,0.0,2002,7,29
M_030_A_XV,0.0,2002,7,30
M_030_A_XV,0.0,2002,7,31
M_030_A_XV,0.0,2002,8,1
M_030_A_XV,0.0,2002,8,2
M_030_A_XV,0.0,2002,8,3
M_030_A_XV,0.0,2002,8,4
M_030_A_XV,0.0,2002,8,5
M_030_A_XV,0.0,2002,8,6
M_030_A_XV,0.0,2002,8,7
M_030_A_XV,0.0,2002,8,8
M_030_A_XV,0.0,2002,8,9
M_030_A_XV,0.0,2002,8,10
M_030_A_XV,0.0,2002,8,11
M_030_A_XV,0.0,2002,8,12
M_030_A_XV,0.0,2002,8,13
M_030_A_XV,0.0,2002,8,14
M_030_A_XV,0.0,2002,8,15
M_030_A_XV,0.0,2002,8,16
M_030_A_XV,0.0,2002,8,17
M_030_A_XV,0.0,2002,8,18
M_030_A_XV,0.0,2002,8,19
M_030_A_XV,0.0,2002,8,20
M_030_A_XV,0.0,2002,8,21
M_030_A_XV,0.0,2002,8,22
M_030_A_XV,0.0,2002,8,23
M_030_A_XV,0.0,2002,8,24
M_030_A_XV,0.0,2002,8,25
M_030_A_XV,0.0,2002,8,26
M_030_A_XV,0.0,2002,8,27
M_030_A_XV,0.0,2002,8,28
M_030_A_XV,0.0,2002,8,29
M_030_A_XV,0.0,2002,8,30
M_030_A_XV,0.0,2002,8,31
M_030_A_XV,0.0,2002,9,1
M_030_A_XV,0.0,2002,9,2
M_030_A_XV,0.0,2002,9,3
M_030_A_XV,0.0,2002,9,4
M_030_A_XV,0.0,2002,9,5
M_030_A_XV,0.0,2002,9,6
M_030_A_XV,0.0,2002,9,7
M_030_A_XV,0.0,2002,9,8
M_030_A_XV,0.0,2002,9,9
M_030_A_XV,0.0,2002,9,10
M_030_A_XV,0.0,2002,9,11
M_030_A_XV,0.0,2002,9,12
M_030_A_XV,0.0,2002,9,13
M_030_A_XV,0.0,2002,9,14
M_030_A_XV,0.0,2002,9,15
M_030_A_XV,0.0,2002,9,16
M_030_A_XV,0.0,2002,9,17
M_030_A_XV,0.0,2002,9,18
M_030_A_XV,0.0,2002,9,19
M_030_A_XV,0.0,2002,9,20
M_030_A_XV,0.0,2002,9,21
M_030_A_XV,0.0,2002,9,22
M_030_A_XV,0.0,2002,9,23
M_030_A_XV,0.0,2002,9,24
M_030_A_XV,0.0,2002,9,25
M_030_A_XV,0.0,2002,9,26
M_030_A_XV,0.0,2002,9,27
M_030_A_XV,0.0,2002,9,28
M_030_A_XV,0.0,2002,9,29
M_030_A_XV,0.0,2002,9,30
M_030_A_XV,0.0,2002,10,1
M_030_A_XV,0.0,2002,10,2
M_030_A_XV,0.0,2002,10,3
M_030_A_XV,0.0,2002,10,4
M_030_A_XV,0.0,2002,10,5
M_030_A_XV,0.0,2002,10,6
M_030_A_XV,0.0,2002,10,7
M_030_A_XV,0.0,2002,10,8
M_030_A_XV,0.0,2002,10,9
M_030_A_XV,0.0,2002,10,10
M_030_A_XV,0.0,2002,10,11
M_030_A_XV,0.0,2002,10,12
M_030_A_XV,0.0,2002,10,13
M_030_A_XV,0.0,2002,10,14
M_030_A_XV,1.0,2002,10,15
M_030_A_XV,3.0,2002,10,16
M_030_A_XV,0.0,2002,10,17
M_030_A_XV,0.0,2002,10,18
M_030_A_XV,0.0,2002,10,19
M_030_A_XV,0.0,2002,10,20
M_030_A_XV,0.0,2002,10,21
M_030_A_XV,0.0,2002,10,22
M_030_A_XV,0.0,2002,10,23
M_030_A_XV,0.0,2002,10,24
M_030_A_XV,0.0,2002,10,25
M_030_A_XV,0.0,2002,10,26
M_030_A_XV,0.0,2002,10,27
M_030_A_XV,0.0,2002,10,28
M_030_A_XV,0.0,2002,10,29
M_030_A_XV,0.0,2002,10,30
M_030_A_XV,0.0,2002,10,31
M_030_A_XV,0.0,2002,11,1
M_030_A_XV,0.0,2002,11,2
M_030_A_XV,0.0,2002,11,3
M_030_A_XV,0.0,2002,11,4
M_030_A_XV,0.0,2002,11,5
M_030_A_XV,0.0,2002,11,6
M_030_A_XV,0.0,2002,11,7
M_030_A_XV,0.0,2002,11,8
M_030_A_XV,0.0,2002,11,9
M_030_A_XV,0.0,2002,11,10
M_030_A_XV,0.0,2002,11,11
M_030_A_XV,0.0,2002,11,12
M_030_A_XV,0.0,2002,11,13
M_030_A_XV,0.0,2002,11,14
M_030_A_XV,0.0,2002,11,15
M_030_A_XV,0.0,2002,11,16
M_030_A_XV,0.0,2002,11,17
M_030_A_XV,0.0,2002,11,18
M_030_A_XV,0.0,2002,11,19
M_030_A_XV,0.0,2002,11,20
M_030_A_XV,2.0,2002,11,21
M_030_A_XV,6.0,2002,11,22
M_030_A_XV,0.0,2002,11,23
M_030_A_XV,0.0,2002,11,24
M_030_A_XV,0.0,2002,11,25
M_030_A_XV,0.0,2002,11,26
M_030_A_XV,0.0,2002,11,27
M_030_A_XV,0.0,2002,11,28
M_030_A_XV,0.0,2002,11,29
M_030_A_XV,0.0,2002,11,30
M_030_A_XV,0.0,2002,12,1
M_030_A_XV,3.0,2002,12,2
M_030_A_XV,0.0,2002,12,3
M_030_A_XV,0.0,2002,12,4
M_030_A_XV,0.0,2002,12,5
M_030_A_XV,0.0,2002,12,6
M_030_A_XV,0.0,2002,12,7
M_030_A_XV,0.0,2002,12,8
M_030_A_XV,0.0,2002,12,9
M_030_A_XV,0.0,2002,12,10
M_030_A_XV,0.0,2002,12,11
M_030_A_XV,0.0,2002,12,12
M_030_A_XV,0.0,2002,12,13
M_030_A_XV,0.0,2002,12,14
M_030_A_XV,0.0,2002,12,15
M_030_A_XV,0.0,2002,12,16
M_030_A_XV,0.0,2002,12,17
M_030_A_XV,0.0,2002,12,18
M_030_A_XV,0.0,2002,12,19
M_030_A_XV,0.0,2002,12,20
M_030_A_XV,0.0,2002,12,21
M_030_A_XV,0.0,2002,12,22
M_030_A_XV,0.0,2002,12,23
M_030_A_XV,0.0,2002,12,24
M_030_A_XV,0.0,2002,12,25
M_030_A_XV,0.0,2002,12,26
M_030_A_XV,0.0,2002,12,27
M_030_A_XV,0.0,2002,12,28
M_030_A_XV,0.0,2002,12,29
M_030_A_XV,0.0,2002,12,30
M_030_A_XV,0.0,2002,12,31
M_030_A_XV,0.0,2003,1,1
M_030_A_XV,0.0,2003,1,2
M_030_A_XV,0.0,2003,1,3
M_030_A_XV,0.0,2003,1,4
M_030_A_XV,0.0,2003,1,5
M_030_A_XV,0.0,2003,1,6
M_030_A_XV,0.0,2003,1,7
M_030_A_XV,0.0,2003,1,8
M_030_A_XV,0.0,2003,1,9
M_030_A_XV,0.0,2003,1,10
M_030_A_XV,0.0,2003,1,11
M_030_A_XV,0.0,2003,1,12
M_030_A_XV,0.0,2003,1,13
M_030_A_XV,0.0,2003,1,14
M_030_A_XV,0.0,2003,1,15
M_030_A_XV,0.0,2003,1,16
M_030_A_XV,2.0,2003,1,17
M_030_A_XV,5.0,2003,1,18
M_030_A_XV,0.0,2003,1,19
M_030_A_XV,0.0,2003,1,20
M_030_A_XV,0.0,2003,1,21
M_030_A_XV,0.0,2003,1,22
M_030_A_XV,0.0,2003,1,23
M_030_A_XV,0.0,2003,1,24
M_030_A_XV,5.0,2003,1,25
M_030_A_XV,0.0,2003,1,26
M_030_A_XV,0.0,2003,1,27
M_030_A_XV,0.0,2003,1,28
M_030_A_XV,0.0,2003,1,29
M_030_A_XV,0.0,2003,1,30
M_030_A_XV,1.0,2003,1,31
M_030_A_XV,2.0,2003,2,1
M_030_A_XV,0.0,2003,2,2
M_030_A_XV,0.0,2003,2,3
M_030_A_XV,0.0,2003,2,4
M_030_A_XV,4.0,2003,2,5
M_030_A_XV,0.0,2003,2,6
M_030_A_XV,0.0,2003,2,7
M_030_A_XV,0.0,2003,2,8
M_030_A_XV,0.0,2003,2,9
M_030_A_XV,0.0,2003,2,10
M_030_A_XV,0.0,2003,2,11
M_030_A_XV,0.0,2003,2,12
M_030_A_XV,0.0,2003,2,13
M_030_A_XV,0.0,2003,2,14
M_030_A_XV,0.0,2003,2,15
M_030_A_XV,0.0,2003,2,16
M_030_A_XV,0.0,2003,2,17
M_030_A_XV,0.0,2003,2,18
M_030_A_XV,3.0,2003,2,19
M_030_A_XV,0.0,2003,2,20
M_030_A_XV,0.0,2003,2,21
M_030_A_XV,0.0,2003,2,22
M_030_A_XV,0.0,2003,2,23
M_030_A_XV,8.6,2003,2,24
M_030_A_XV,0.0,2003,2,25
M_030_A_XV,7.5,2003,2,26
M_030_A_XV,1.9,2003,2,27
M_030_A_XV,0.0,2003,2,28
M_030_A_XV,0.0,2003,3,1
M_030_A_XV,0.0,2003,3,2
M_030_A_XV,0.0,2003,3,3
M_030_A_XV,0.0,2003,3,4
M_030_A_XV,0.0,2003,3,5
M_030_A_XV,0.0,2003,3,6
M_030_A_XV,0.0,2003,3,7
M_030_A_XV,0.0,2003,3,8
M_030_A_XV,0.0,2003,3,9
M_030_A_XV,0.0,2003,3,10
M_030_A_XV,0.0,2003,3,11
M_030_A_XV,0.0,2003,3,12
M_030_A_XV,0.0,2003,3,13
M_030_A_XV,0.0,2003,3,14
M_030_A_XV,0.0,2003,3,15
M_030_A_XV,12.0,2003,3,16
M_030_A_XV,1.5,2003,3,17
M_030_A_XV,0.0,2003,3,18
M_030_A_XV,24.0,2003,3,19
M_030_A_XV,9.0,2003,3,20
M_030_A_XV,0.0,2003,3,21
M_030_A_XV,11.0,2003,3,22
M_030_A_XV,0.0,2003,3,23
M_030_A_XV,12.0,2003,3,24
M_030_A_XV,2.9,2003,3,25
M_030_A_XV,0.0,2003,3,26
M_030_A_XV,4.3,2003,3,27
M_030_A_XV,5.8,2003,3,28
M_030_A_XV,0.0,2003,3,29
M_030_A_XV,0.0,2003,3,30
M_030_A_XV,0.0,2003,3,31
M_030_A_XV,0.0,2003,4,1
M_030_A_XV,0.0,2003,4,2
M_030_A_XV,0.0,2003,4,3
M_030_A_XV,0.0,2003,4,4
M_030_A_XV,0.0,2003,4,5
M_030_A_XV,0.0,2003,4,6
M_030_A_XV,0.0,2003,4,7
M_030_A_XV,0.0,2003,4,8
M_030_A_XV,0.0,2003,4,9
M_030_A_XV,0.0,2003,4,10
M_030_A_XV,0.0,2003,4,11
M_030_A_XV,0.0,2003,4,12
M_030_A_XV,0.0,2003,4,13
M_030_A_XV,0.0,2003,4,14
M_030_A_XV,0.0,2003,4,15
M_030_A_XV,0.0,2003,4,16
M_030_A_XV,0.0,2003,4,17
M_030_A_XV,0.0,2003,4,18
M_030_A_XV,0.0,2003,4,19
M_030_A_XV,0.0,2003,4,20
M_030_A_XV,0.0,2003,4,21
M_030_A_XV,3.0,2003,4,22
M_030_A_XV,0.2,2003,4,23
M_030_A_XV,0.0,2003,4,24
M_030_A_XV,0.0,2003,4,25
M_030_A_XV,0.0,2003,4,26
M_030_A_XV,0.0,2003,4,27
M_030_A_XV,0.0,2003,4,28
M_030_A_XV,0.0,2003,4,29
M_030_A_XV,0.0,2003,4,30
M_030_A_XV,0.0,2003,5,1
M_030_A_XV,0.0,2003,5,2
M_030_A_XV,0.0,2003,5,3
M_030_A_XV,0.0,2003,5,4
M_030_A_XV,0.0,2003,5,5
M_030_A_XV,0.0,2003,5,6
M_030_A_XV,0.0,2003,5,7
M_030_A_XV,0.0,2003,5,8
M_030_A_XV,0.0,2003,5,9
M_030_A_XV,0.0,2003,5,10
M_030_A_XV,0.0,2003,5,11
M_030_A_XV,0.0,2003,5,12
M_030_A_XV,0.0,2003,5,13
M_030_A_XV,0.0,2003,5,14
M_030_A_XV,3.0,2003,5,15
M_030_A_XV,5.0,2003,5,16
M_030_A_XV,0.0,2003,5,17
M_030_A_XV,4.0,2003,5,18
M_030_A_XV,7.0,2003,5,19
M_030_A_XV,0.0,2003,5,20
M_030_A_XV,0.0,2003,5,21
M_030_A_XV,0.0,2003,5,22
M_030_A_XV,0.0,2003,5,23
M_030_A_XV,0.0,2003,5,24
M_030_A_XV,0.0,2003,5,25
M_030_A_XV,0.0,2003,5,26
M_030_A_XV,0.0,2003,5,27
M_030_A_XV,0.0,2003,5,28
M_030_A_XV,0.0,2003,5,29
M_030_A_XV,0.0,2003,5,30
M_030_A_XV,0.0,2003,5,31
M_030_A_XV,0.0,2003,6,1
M_030_A_XV,0.0,2003,6,2
M_030_A_XV,0.0,2003,6,3
M_030_A_XV,0.0,2003,6,4
M_030_A_XV,0.0,2003,6,5
M_030_A_XV,0.0,2003,6,6
M_030_A_XV,0.0,2003,6,7
M_030_A_XV,0.0,2003,6,8
M_030_A_XV,0.0,2003,6,9
M_030_A_XV,0.0,2003,6,10
M_030_A_XV,0.0,2003,6,11
M_030_A_XV,0.0,2003,6,12
M_030_A_XV,0.0,2003,6,13
M_030_A_XV,0.0,2003,6,14
M_030_A_XV,0.0,2003,6,15
M_030_A_XV,0.0,2003,6,16
M_030_A_XV,0.0,2003,6,17
M_030_A_XV,0.0,2003,6,18
M_030_A_XV,0.0,2003,6,19
M_030_A_XV,0.0,2003,6,20
M_030_A_XV,0.0,2003,6,21
M_030_A_XV,0.0,2003,6,22
M_030_A_XV,0.0,2003,6,23
M_030_A_XV,0.0,2003,6,24
M_030_A_XV,0.0,2003,6,25
M_030_A_XV,0.0,2003,6,26
M_030_A_XV,0.0,2003,6,27
M_030_A_XV,0.0,2003,6,28
M_030_A_XV,0.0,2003,6,29
M_030_A_XV,0.0,2003,6,30
M_030_A_XV,0.0,2003,7,1
M_030_A_XV,0.0,2003,7,2
M_030_A_XV,0.0,2003,7,3
M_030_A_XV,0.0,2003,7,4
M_030_A_XV,0.0,2003,7,5
M_030_A_XV,0.0,2003,7,6
M_030_A_XV,0.0,2003,7,7
M_030_A_XV,0.0,2003,7,8
M_030_A_XV,0.0,2003,7,9
M_030_A_XV,0.0,2003,7,10
M_030_A_XV,0.0,2003,7,11
M_030_A_XV,0.0,2003,7,12
M_030_A_XV,0.0,2003,7,13
M_030_A_XV,0.0,2003,7,14
M_030_A_XV,0.0,2003,7,15
M_030_A_XV,0.0,2003,7,16
M_030_A_XV,0.0,2003,7,17
M_030_A_XV,3.0,2003,7,18
M_030_A_XV,0.0,2003,7,19
M_030_A_XV,0.0,2003,7,20
M_030_A_XV,0.0,2003,7,21
M_030_A_XV,0.0,2003,7,22
M_030_A_XV,0.0,2003,7,23
M_030_A_XV,0.0,2003,7,24
M_030_A_XV,0.0,2003,7,25
M_030_A_XV,0.0,2003,7,26
M_030_A_XV,0.0,2003,7,27
M_030_A_XV,0.0,2003,7,28
M_030_A_XV,0.0,2003,7,29
M_030_A_XV,0.0,2003,7,30
M_030_A_XV,0.0,2003,7,31
M_030_A_XV,0.0,2003,8,1
M_030_A_XV,2.0,2003,8,2
M_030_A_XV,0.0,2003,8,3
M_030_A_XV,0.0,2003,8,4
M_030_A_XV,0.0,2003,8,5
M_030_A_XV,0.0,2003,8,6
M_030_A_XV,0.0,2003,8,7
M_030_A_XV,0.0,2003,8,8
M_030_A_XV,0.0,2003,8,9
M_030_A_XV,0.0,2003,8,10
M_030_A_XV,0.0,2003,8,11
M_030_A_XV,0.0,2003,8,12
M_030_A_XV,0.0,2003,8,13
M_030_A_XV,0.0,2003,8,14
M_030_A_XV,0.0,2003,8,15
M_030_A_XV,0.0,2003,8,16
M_030_A_XV,0.0,2003,8,17
M_030_A_XV,0.0,2003,8,18
M_030_A_XV,0.0,2003,8,19
M_030_A_XV,0.0,2003,8,20
M_030_A_XV,0.0,2003,8,21
M_030_A_XV,0.0,2003,8,22
M_030_A_XV,0.0,2003,8,23
M_030_A_XV,0.0,2003,8,24
M_030_A_XV,0.0,2003,8,25
M_030_A_XV,0.0,2003,8,26
M_030_A_XV,0.0,2003,8,27
M_030_A_XV,0.0,2003,8,28
M_030_A_XV,0.0,2003,8,29
M_030_A_XV,0.0,2003,8,30
M_030_A_XV,0.0,2003,8,31
M_030_A_XV,0.0,2003,9,1
M_030_A_XV,0.0,2003,9,2
M_030_A_XV,0.0,2003,9,3
M_030_A_XV,0.0,2003,9,4
M_030_A_XV,0.0,2003,9,5
M_030_A_XV,0.0,2003,9,6
M_030_A_XV,0.0,2003,9,7
M_030_A_XV,0.0,2003,9,8
M_030_A_XV,0.0,2003,9,9
M_030_A_XV,0.0,2003,9,10
M_030_A_XV,0.0,2003,9,11
M_030_A_XV,0.0,2003,9,12
M_030_A_XV,0.0,2003,9,13
M_030_A_XV,0.0,2003,9,14
M_030_A_XV,0.0,2003,9,15
M_030_A_XV,0.0,2003,9,16
M_030_A_XV,0.0,2003,9,17
M_030_A_XV,0.0,2003,9,18
M_030_A_XV,0.0,2003,9,19
M_030_A_XV,0.0,2003,9,20
M_030_A_XV,0.0,2003,9,21
M_030_A_XV,0.0,2003,9,22
M_030_A_XV,0.0,2003,9,23
M_030_A_XV,0.0,2003,9,24
M_030_A_XV,0.0,2003,9,25
M_030_A_XV,0.0,2003,9,26
M_030_A_XV,0.0,2003,9,27
M_030_A_XV,0.0,2003,9,28
M_030_A_XV,0.0,2003,9,29
M_030_A_XV,0.0,2003,9,30
M_030_A_XV,0.0,2003,10,1
M_030_A_XV,0.0,2003,10,2
M_030_A_XV,0.0,2003,10,3
M_030_A_XV,0.0,2003,10,4
M_030_A_XV,0.0,2003,10,5
M_030_A_XV,0.0,2003,10,6
M_030_A_XV,0.0,2003,10,7
M_030_A_XV,0.0,2003,10,8
M_030_A_XV,0.0,2003,10,9
M_030_A_XV,0.0,2003,10,10
M_030_A_XV,0.0,2003,10,11
M_030_A_XV,0.0,2003,10,12
M_030_A_XV,0.0,2003,10,13
M_030_A_XV,0.0,2003,10,14
M_030_A_XV,0.0,2003,10,15
M_030_A_XV,0.0,2003,10,16
M_030_A_XV,0.0,2003,10,17
M_030_A_XV,0.0,2003,10,18
M_030_A_XV,0.0,2003,10,19
M_030_A_XV,0.0,2003,10,20
M_030_A_XV,0.0,2003,10,21
M_030_A_XV,0.0,2003,10,22
M_030_A_XV,0.0,2003,10,23
M_030_A_XV,0.0,2003,10,24
M_030_A_XV,0.0,2003,10,25
M_030_A_XV,0.0,2003,10,26
M_030_A_XV,0.0,2003,10,27
M_030_A_XV,0.0,2003,10,28
M_030_A_XV,0.0,2003,10,29
M_030_A_XV,0.0,2003,10,30
M_030_A_XV,0.0,2003,10,31
M_030_A_XV,0.0,2003,11,1
M_030_A_XV,0.0,2003,11,2
M_030_A_XV,0.0,2003,11,3
M_030_A_XV,0.0,2003,11,4
M_030_A_XV,0.0,2003,11,5
M_030_A_XV,0.0,2003,11,6
M_030_A_XV,0.0,2003,11,7
M_030_A_XV,0.0,2003,11,8
M_030_A_XV,0.0,2003,11,9
M_030_A_XV,0.0,2003,11,10
M_030_A_XV,0.0,2003,11,11
M_030_A_XV,0.0,2003,11,12
M_030_A_XV,0.0,2003,11,13
M_030_A_XV,0.0,2003,11,14
M_030_A_XV,0.0,2003,11,15
M_030_A_XV,0.0,2003,11,16
M_030_A_XV,0.0,2003,11,17
M_030_A_XV,0.0,2003,11,18
M_030_A_XV,0.0,2003,11,19
M_030_A_XV,0.0,2003,11,20
M_030_A_XV,0.0,2003,11,21
M_030_A_XV,0.0,2003,11,22
M_030_A_XV,0.0,2003,11,23
M_030_A_XV,0.0,2003,11,24
M_030_A_XV,0.0,2003,11,25
M_030_A_XV,0.0,2003,11,26
M_030_A_XV,0.0,2003,11,27
M_030_A_XV,0.0,2003,11,28
M_030_A_XV,0.0,2003,11,29
M_030_A_XV,0.0,2003,11,30
M_030_A_XV,0.0,2003,12,1
M_030_A_XV,0.0,2003,12,2
M_030_A_XV,0.0,2003,12,3
M_030_A_XV,0.0,2003,12,4
M_030_A_XV,0.0,2003,12,5
M_030_A_XV,0.0,2003,12,6
M_030_A_XV,0.0,2003,12,7
M_030_A_XV,0.0,2003,12,8
M_030_A_XV,0.0,2003,12,9
M_030_A_XV,0.0,2003,12,10
M_030_A_XV,0.0,2003,12,11
M_030_A_XV,0.0,2003,12,12
M_030_A_XV,0.0,2003,12,13
M_030_A_XV,0.0,2003,12,14
M_030_A_XV,0.0,2003,12,15
M_030_A_XV,0.0,2003,12,16
M_030_A_XV,0.0,2003,12,17
M_030_A_XV,0.0,2003,12,18
M_030_A_XV,0.0,2003,12,19
M_030_A_XV,0.0,2003,12,20
M_030_A_XV,0.0,2003,12,21
M_030_A_XV,0.5,2003,12,22
M_030_A_XV,2.0,2003,12,23
M_030_A_XV,1.0,2003,12,24
M_030_A_XV,0.0,2003,12,25
M_030_A_XV,0.0,2003,12,26
M_030_A_XV,0.0,2003,12,27
M_030_A_XV,0.0,2003,12,28
M_030_A_XV,0.0,2003,12,29
M_030_A_XV,0.0,2003,12,30
M_030_A_XV,0.0,2003,12,31
M_030_A_XV,1.5,2004,1,1
M_030_A_XV,0.0,2004,1,2
M_030_A_XV,3.5,2004,1,3
M_030_A_XV,0.0,2004,1,4
M_030_A_XV,1.0,2004,1,5
M_030_A_XV,6.0,2004,1,6
M_030_A_XV,6.0,2004,1,7
M_030_A_XV,6.0,2004,1,8
M_030_A_XV,5.0,2004,1,9
M_030_A_XV,11.0,2004,1,10
M_030_A_XV,6.0,2004,1,11
M_030_A_XV,12.0,2004,1,12
M_030_A_XV,1.0,2004,1,13
M_030_A_XV,0.0,2004,1,14
M_030_A_XV,0.0,2004,1,15
M_030_A_XV,0.0,2004,1,16
M_030_A_XV,1.0,2004,1,17
M_030_A_XV,1.5,2004,1,18
M_030_A_XV,0.0,2004,1,19
M_030_A_XV,0.0,2004,1,20
M_030_A_XV,1.0,2004,1,21
M_030_A_XV,5.0,2004,1,22
M_030_A_XV,2.0,2004,1,23
M_030_A_XV,0.0,2004,1,24
M_030_A_XV,2.0,2004,1,25
M_030_A_XV,2.0,2004,1,26
M_030_A_XV,5.0,2004,1,27
M_030_A_XV,2.0,2004,1,28
M_030_A_XV,4.0,2004,1,29
M_030_A_XV,4.0,2004,1,30
M_030_A_XV,0.0,2004,1,31
M_030_A_XV,2.0,2004,2,1
M_030_A_XV,6.0,2004,2,2
M_030_A_XV,8.0,2004,2,3
M_030_A_XV,1.5,2004,2,4
M_030_A_XV,16.0,2004,2,5
M_030_A_XV,5.0,2004,2,6
M_030_A_XV,2.0,2004,2,7
M_030_A_XV,12.0,2004,2,8
M_030_A_XV,9.5,2004,2,9
M_030_A_XV,10.0,2004,2,10
M_030_A_XV,10.0,2004,2,11
M_030_A_XV,2.0,2004,2,12
M_030_A_XV,0.0,2004,2,13
M_030_A_XV,0.0,2004,2,14
M_030_A_XV,0.0,2004,2,15
M_030_A_XV,0.0,2004,2,16
M_030_A_XV,0.0,2004,2,17
M_030_A_XV,0.0,2004,2,18
M_030_A_XV,0.0,2004,2,19
M_030_A_XV,0.0,2004,2,20
M_030_A_XV,0.0,2004,2,21
M_030_A_XV,0.0,2004,2,22
M_030_A_XV,0.0,2004,2,23
M_030_A_XV,0.0,2004,2,24
M_030_A_XV,0.0,2004,2,25
M_030_A_XV,0.0,2004,2,26
M_030_A_XV,0.0,2004,2,27
M_030_A_XV,0.0,2004,2,28
M_030_A_XV,0.0,2004,2,29
M_030_A_XV,0.0,2004,3,1
M_030_A_XV,0.0,2004,3,2
M_030_A_XV,0.0,2004,3,3
M_030_A_XV,0.0,2004,3,4
M_030_A_XV,0.0,2004,3,5
M_030_A_XV,0.0,2004,3,6
M_030_A_XV,0.0,2004,3,7
M_030_A_XV,0.0,2004,3,8
M_030_A_XV,2.0,2004,3,9
M_030_A_XV,1.0,2004,3,10
M_030_A_XV,0.0,2004,3,11
M_030_A_XV,0.0,2004,3,12
M_030_A_XV,0.0,2004,3,13
M_030_A_XV,0.0,2004,3,14
M_030_A_XV,0.0,2004,3,15
M_030_A_XV,1.0,2004,3,16
M_030_A_XV,1.0,2004,3,17
M_030_A_XV,0.0,2004,3,18
M_030_A_XV,0.0,2004,3,19
M_030_A_XV,0.0,2004,3,20
M_030_A_XV,0.0,2004,3,21
M_030_A_XV,0.0,2004,3,22
M_030_A_XV,9.0,2004,3,23
M_030_A_XV,1.0,2004,3,24
M_030_A_XV,0.0,2004,3,25
M_030_A_XV,0.0,2004,3,26
M_030_A_XV,0.0,2004,3,27
M_030_A_XV,0.0,2004,3,28
M_030_A_XV,0.0,2004,3,29
M_030_A_XV,2.0,2004,3,30
M_030_A_XV,0.0,2004,3,31
M_030_A_XV,0.0,2004,4,1
M_030_A_XV,0.0,2004,4,2
M_030_A_XV,0.0,2004,4,3
M_030_A_XV,0.0,2004,4,4
M_030_A_XV,0.0,2004,4,5
M_030_A_XV,0.0,2004,4,6
M_030_A_XV,0.0,2004,4,7
M_030_A_XV,0.0,2004,4,8
M_030_A_XV,0.0,2004,4,9
M_030_A_XV,0.0,2004,4,10
M_030_A_XV,0.0,2004,4,11
M_030_A_XV,0.0,2004,4,12
M_030_A_XV,0.0,2004,4,13
M_030_A_XV,0.0,2004,4,14
M_030_A_XV,0.0,2004,4,15
M_030_A_XV,0.0,2004,4,16
M_030_A_XV,0.0,2004,4,17
M_030_A_XV,0.0,2004,4,18
M_030_A_XV,0.0,2004,4,19
M_030_A_XV,0.0,2004,4,20
M_030_A_XV,0.0,2004,4,21
M_030_A_XV,0.0,2004,4,22
M_030_A_XV,0.0,2004,4,23
M_030_A_XV,0.0,2004,4,24
M_030_A_XV,0.0,2004,4,25
M_030_A_XV,0.0,2004,4,26
M_030_A_XV,0.0,2004,4,27
M_030_A_XV,0.0,2004,4,28
M_030_A_XV,0.0,2004,4,29
M_030_A_XV,0.0,2004,4,30
M_030_A_XV,0.0,2004,5,1
M_030_A_XV,0.0,2004,5,2
M_030_A_XV,0.0,2004,5,3
M_030_A_XV,0.0,2004,5,4
M_030_A_XV,0.0,2004,5,5
M_030_A_XV,0.0,2004,5,6
M_030_A_XV,0.0,2004,5,7
M_030_A_XV,0.0,2004,5,8
M_030_A_XV,0.0,2004,5,9
M_030_A_XV,0.0,2004,5,10
M_030_A_XV,0.0,2004,5,11
M_030_A_XV,0.0,2004,5,12
M_030_A_XV,0.0,2004,5,13
M_030_A_XV,0.0,2004,5,14
M_030_A_XV,0.0,2004,5,15
M_030_A_XV,0.0,2004,5,16
M_030_A_XV,0.0,2004,5,17
M_030_A_XV,0.0,2004,5,18
M_030_A_XV,0.0,2004,5,19
M_030_A_XV,0.0,2004,5,20
M_030_A_XV,0.0,2004,5,21
M_030_A_XV,0.0,2004,5,22
M_030_A_XV,0.0,2004,5,23
M_030_A_XV,0.0,2004,5,24
M_030_A_XV,0.0,2004,5,25
M_030_A_XV,0.0,2004,5,26
M_030_A_XV,0.0,2004,5,27
M_030_A_XV,0.0,2004,5,28
M_030_A_XV,0.0,2004,5,29
M_030_A_XV,0.0,2004,5,30
M_030_A_XV,0.0,2004,5,31
M_030_A_XV,0.0,2004,6,1
M_030_A_XV,0.0,2004,6,2
M_030_A_XV,0.0,2004,6,3
M_030_A_XV,0.0,2004,6,4
M_030_A_XV,0.0,2004,6,5
M_030_A_XV,0.0,2004,6,6
M_030_A_XV,0.0,2004,6,7
M_030_A_XV,0.0,2004,6,8
M_030_A_XV,0.0,2004,6,9
M_030_A_XV,0.0,2004,6,10
M_030_A_XV,0.0,2004,6,11
M_030_A_XV,0.0,2004,6,12
M_030_A_XV,0.0,2004,6,13
M_030_A_XV,0.0,2004,6,14
M_030_A_XV,0.0,2004,6,15
M_030_A_XV,0.0,2004,6,16
M_030_A_XV,0.0,2004,6,17
M_030_A_XV,0.0,2004,6,18
M_030_A_XV,0.0,2004,6,19
M_030_A_XV,0.0,2004,6,20
M_030_A_XV,0.0,2004,6,21
M_030_A_XV,0.0,2004,6,22
M_030_A_XV,0.0,2004,6,23
M_030_A_XV,0.0,2004,6,24
M_030_A_XV,0.0,2004,6,25
M_030_A_XV,0.0,2004,6,26
M_030_A_XV,0.0,2004,6,27
M_030_A_XV,0.0,2004,6,28
M_030_A_XV,0.0,2004,6,29
M_030_A_XV,0.0,2004,6,30
M_030_A_XV,0.0,2004,7,1
M_030_A_XV,3.0,2004,7,2
M_030_A_XV,3.0,2004,7,3
M_030_A_XV,0.0,2004,7,4
M_030_A_XV,0.0,2004,7,5
M_030_A_XV,0.0,2004,7,6
M_030_A_XV,0.0,2004,7,7
M_030_A_XV,0.0,2004,7,8
M_030_A_XV,0.0,2004,7,9
M_030_A_XV,0.0,2004,7,10
M_030_A_XV,0.0,2004,7,11
M_030_A_XV,0.0,2004,7,12
M_030_A_XV,0.0,2004,7,13
M_030_A_XV,0.0,2004,7,14
M_030_A_XV,0.0,2004,7,15
M_030_A_XV,0.0,2004,7,16
M_030_A_XV,0.0,2004,7,17
M_030_A_XV,0.0,2004,7,18
M_030_A_XV,0.0,2004,7,19
M_030_A_XV,0.0,2004,7,20
M_030_A_XV,0.0,2004,7,21
M_030_A_XV,0.0,2004,7,22
M_030_A_XV,0.0,2004,7,23
M_030_A_XV,0.0,2004,7,24
M_030_A_XV,0.0,2004,7,25
M_030_A_XV,0.0,2004,7,26
M_030_A_XV,0.0,2004,7,27
M_030_A_XV,0.0,2004,7,28
M_030_A_XV,0.0,2004,7,29
M_030_A_XV,0.0,2004,7,30
M_030_A_XV,0.0,2004,7,31
M_030_A_XV,0.0,2004,8,1
M_030_A_XV,0.0,2004,8,2
M_030_A_XV,0.0,2004,8,3
M_030_A_XV,0.0,2004,8,4
M_030_A_XV,0.0,2004,8,5
M_030_A_XV,0.0,2004,8,6
M_030_A_XV,0.0,2004,8,7
M_030_A_XV,0.0,2004,8,8
M_030_A_XV,1.0,2004,8,9
M_030_A_XV,0.0,2004,8,10
M_030_A_XV,0.0,2004,8,11
M_030_A_XV,1.0,2004,8,12
M_030_A_XV,0.0,2004,8,13
M_030_A_XV,0.0,2004,8,14
M_030_A_XV,0.0,2004,8,15
M_030_A_XV,0.0,2004,8,16
M_030_A_XV,0.0,2004,8,17
M_030_A_XV,0.0,2004,8,18
M_030_A_XV,0.0,2004,8,19
M_030_A_XV,0.0,2004,8,20
M_030_A_XV,0.0,2004,8,21
M_030_A_XV,5.0,2004,8,22
M_030_A_XV,0.0,2004,8,23
M_030_A_XV,0.0,2004,8,24
M_030_A_XV,0.0,2004,8,25
M_030_A_XV,0.0,2004,8,26
M_030_A_XV,0.0,2004,8,27
M_030_A_XV,0.0,2004,8,28
M_030_A_XV,0.0,2004,8,29
M_030_A_XV,0.0,2004,8,30
M_030_A_XV,0.0,2004,8,31
M_030_A_XV,0.0,2004,9,1
M_030_A_XV,0.0,2004,9,2
M_030_A_XV,0.0,2004,9,3
M_030_A_XV,0.0,2004,9,4
M_030_A_XV,0.0,2004,9,5
M_030_A_XV,0.0,2004,9,6
M_030_A_XV,0.0,2004,9,7
M_030_A_XV,0.0,2004,9,8
M_030_A_XV,0.0,2004,9,9
M_030_A_XV,0.0,2004,9,10
M_030_A_XV,0.0,2004,9,11
M_030_A_XV,0.0,2004,9,12
M_030_A_XV,0.0,2004,9,13
M_030_A_XV,0.0,2004,9,14
M_030_A_XV,0.0,2004,9,15
M_030_A_XV,0.0,2004,9,16
M_030_A_XV,0.0,2004,9,17
M_030_A_XV,0.0,2004,9,18
M_030_A_XV,0.0,2004,9,19
M_030_A_XV,0.0,2004,9,20
M_030_A_XV,0.0,2004,9,21
M_030_A_XV,0.0,2004,9,22
M_030_A_XV,0.0,2004,9,23
M_030_A_XV,0.0,2004,9,24
M_030_A_XV,0.0,2004,9,25
M_030_A_XV,0.0,2004,9,26
M_030_A_XV,0.0,2004,9,27
M_030_A_XV,0.0,2004,9,28
M_030_A_XV,0.0,2004,9,29
M_030_A_XV,0.0,2004,9,30
M_030_A_XV,0.0,2004,10,1
M_030_A_XV,0.0,2004,10,2
M_030_A_XV,0.0,2004,10,3
M_030_A_XV,0.0,2004,10,4
M_030_A_XV,0.0,2004,10,5
M_030_A_XV,0.0,2004,10,6
M_030_A_XV,0.0,2004,10,7
M_030_A_XV,0.0,2004,10,8
M_030_A_XV,0.0,2004,10,9
M_030_A_XV,0.0,2004,10,10
M_030_A_XV,0.0,2004,10,11
M_030_A_XV,0.0,2004,10,12
M_030_A_XV,0.0,2004,10,13
M_030_A_XV,0.0,2004,10,14
M_030_A_XV,0.0,2004,10,15
M_030_A_XV,0.0,2004,10,16
M_030_A_XV,0.0,2004,10,17
M_030_A_XV,0.0,2004,10,18
M_030_A_XV,0.0,2004,10,19
M_030_A_XV,0.0,2004,10,20
M_030_A_XV,0.0,2004,10,21
M_030_A_XV,0.0,2004,10,22
M_030_A_XV,0.0,2004,10,23
M_030_A_XV,0.0,2004,10,24
M_030_A_XV,0.0,2004,10,25
M_030_A_XV,0.0,2004,10,26
M_030_A_XV,0.0,2004,10,27
M_030_A_XV,0.0,2004,10,28
M_030_A_XV,0.0,2004,10,29
M_030_A_XV,0.0,2004,10,30
M_030_A_XV,0.0,2004,10,31
M_030_A_XV,0.0,2004,11,1
M_030_A_XV,0.0,2004,11,2
M_030_A_XV,0.0,2004,11,3
M_030_A_XV,0.0,2004,11,4
M_030_A_XV,0.0,2004,11,5
M_030_A_XV,0.0,2004,11,6
M_030_A_XV,0.0,2004,11,7
M_030_A_XV,0.0,2004,11,8
M_030_A_XV,0.0,2004,11,9
M_030_A_XV,0.0,2004,11,10
M_030_A_XV,0.0,2004,11,11
M_030_A_XV,0.0,2004,11,12
M_030_A_XV,0.0,2004,11,13
M_030_A_XV,0.0,2004,11,14
M_030_A_XV,0.0,2004,11,15
M_030_A_XV,0.0,2004,11,16
M_030_A_XV,0.0,2004,11,17
M_030_A_XV,0.0,2004,11,18
M_030_A_XV,0.0,2004,11,19
M_030_A_XV,0.0,2004,11,20
M_030_A_XV,0.0,2004,11,21
M_030_A_XV,0.0,2004,11,22
M_030_A_XV,0.0,2004,11,23
M_030_A_XV,0.0,2004,11,24
M_030_A_XV,0.0,2004,11,25
M_030_A_XV,0.0,2004,11,26
M_030_A_XV,0.0,2004,11,27
M_030_A_XV,0.0,2004,11,28
M_030_A_XV,0.0,2004,11,29
M_030_A_XV,0.0,2004,11,30
M_030_A_XV,0.0,2004,12,1
M_030_A_XV,0.0,2004,12,2
M_030_A_XV,0.0,2004,12,3
M_030_A_XV,0.0,2004,12,4
M_030_A_XV,0.0,2004,12,5
M_030_A_XV,0.0,2004,12,6
M_030_A_XV,0.0,2004,12,7
M_030_A_XV,0.0,2004,12,8
M_030_A_XV,0.0,2004,12,9
M_030_A_XV,2.0,2004,12,10
M_030_A_XV,2.0,2004,12,11
M_030_A_XV,0.0,2004,12,12
M_030_A_XV,0.0,2004,12,13
M_030_A_XV,0.0,2004,12,14
M_030_A_XV,0.0,2004,12,15
M_030_A_XV,0.0,2004,12,16
M_030_A_XV,4.0,2004,12,17
M_030_A_XV,0.0,2004,12,18
M_030_A_XV,2.0,2004,12,19
M_030_A_XV,0.0,2004,12,20
M_030_A_XV,0.0,2004,12,21
M_030_A_XV,0.0,2004,12,22
M_030_A_XV,0.0,2004,12,23
M_030_A_XV,0.0,2004,12,24
M_030_A_XV,0.0,2004,12,25
M_030_A_XV,0.0,2004,12,26
M_030_A_XV,0.0,2004,12,27
M_030_A_XV,0.0,2004,12,28
M_030_A_XV,0.0,2004,12,29
M_030_A_XV,4.5,2004,12,30
M_030_A_XV,0.0,2004,12,31
M_030_A_XV,0.0,2005,1,1
M_030_A_XV,4.0,2005,1,2
M_030_A_XV,0.0,2005,1,3
M_030_A_XV,0.0,2005,1,4
M_030_A_XV,0.0,2005,1,5
M_030_A_XV,0.0,2005,1,6
M_030_A_XV,4.0,2005,1,7
M_030_A_XV,3.0,2005,1,8
M_030_A_XV,3.0,2005,1,9
M_030_A_XV,10.0,2005,1,10
M_030_A_XV,4.5,2005,1,11
M_030_A_XV,12.0,2005,1,12
M_030_A_XV,0.0,2005,1,13
M_030_A_XV,0.0,2005,1,14
M_030_A_XV,0.0,2005,1,15
M_030_A_XV,0.0,2005,1,16
M_030_A_XV,0.0,2005,1,17
M_030_A_XV,0.0,2005,1,18
M_030_A_XV,2.0,2005,1,19
M_030_A_XV,0.0,2005,1,20
M_030_A_XV,0.0,2005,1,21
M_030_A_XV,0.0,2005,1,22
M_030_A_XV,0.0,2005,1,23
M_030_A_XV,0.0,2005,1,24
M_030_A_XV,0.0,2005,1,25
M_030_A_XV,0.0,2005,1,26
M_030_A_XV,0.0,2005,1,27
M_030_A_XV,0.0,2005,1,28
M_030_A_XV,0.0,2005,1,29
M_030_A_XV,0.0,2005,1,30
M_030_A_XV,0.0,2005,1,31
M_030_A_XV,0.0,2005,2,1
M_030_A_XV,0.0,2005,2,2
M_030_A_XV,1.0,2005,2,3
M_030_A_XV,10.0,2005,2,4
M_030_A_XV,2.0,2005,2,5
M_030_A_XV,0.0,2005,2,6
M_030_A_XV,0.0,2005,2,7
M_030_A_XV,0.0,2005,2,8
M_030_A_XV,6.0,2005,2,9
M_030_A_XV,5.0,2005,2,10
M_030_A_XV,4.0,2005,2,11
M_030_A_XV,1.0,2005,2,12
M_030_A_XV,1.0,2005,2,13
M_030_A_XV,0.0,2005,2,14
M_030_A_XV,0.0,2005,2,15
M_030_A_XV,0.0,2005,2,16
M_030_A_XV,0.0,2005,2,17
M_030_A_XV,10.0,2005,2,18
M_030_A_XV,12.0,2005,2,19
M_030_A_XV,4.0,2005,2,20
M_030_A_XV,3.0,2005,2,21
M_030_A_XV,3.0,2005,2,22
M_030_A_XV,0.0,2005,2,23
M_030_A_XV,0.0,2005,2,24
M_030_A_XV,0.0,2005,2,25
M_030_A_XV,0.0,2005,2,26
M_030_A_XV,0.0,2005,2,27
M_030_A_XV,0.0,2005,2,28
M_030_A_XV,0.0,2005,3,1
M_030_A_XV,0.0,2005,3,2
M_030_A_XV,0.0,2005,3,3
M_030_A_XV,0.0,2005,3,4
M_030_A_XV,0.0,2005,3,5
M_030_A_XV,0.0,2005,3,6
M_030_A_XV,0.0,2005,3,7
M_030_A_XV,0.0,2005,3,8
M_030_A_XV,6.0,2005,3,9
M_030_A_XV,4.0,2005,3,10
M_030_A_XV,4.0,2005,3,11
M_030_A_XV,0.0,2005,3,12
M_030_A_XV,0.0,2005,3,13
M_030_A_XV,0.0,2005,3,14
M_030_A_XV,0.0,2005,3,15
M_030_A_XV,0.0,2005,3,16
M_030_A_XV,0.0,2005,3,17
M_030_A_XV,0.0,2005,3,18
M_030_A_XV,0.0,2005,3,19
M_030_A_XV,0.0,2005,3,20
M_030_A_XV,0.0,2005,3,21
M_030_A_XV,0.0,2005,3,22
M_030_A_XV,0.0,2005,3,23
M_030_A_XV,0.0,2005,3,24
M_030_A_XV,0.0,2005,3,25
M_030_A_XV,0.0,2005,3,26
M_030_A_XV,3.0,2005,3,27
M_030_A_XV,1.0,2005,3,28
M_030_A_XV,2.0,2005,3,29
M_030_A_XV,1.0,2005,3,30
M_030_A_XV,0.0,2005,3,31
M_030_A_XV,0.0,2005,4,1
M_030_A_XV,0.0,2005,4,2
M_030_A_XV,0.0,2005,4,3
M_030_A_XV,1.0,2005,4,4
M_030_A_XV,0.0,2005,4,5
M_030_A_XV,0.0,2005,4,6
M_030_A_XV,0.0,2005,4,7
M_030_A_XV,0.0,2005,4,8
M_030_A_XV,1.0,2005,4,9
M_030_A_XV,2.0,2005,4,10
M_030_A_XV,3.0,2005,4,11
M_030_A_XV,0.0,2005,4,12
M_030_A_XV,0.0,2005,4,13
M_030_A_XV,2.0,2005,4,14
M_030_A_XV,0.0,2005,4,15
M_030_A_XV,0.0,2005,4,16
M_030_A_XV,0.0,2005,4,17
M_030_A_XV,0.0,2005,4,18
M_030_A_XV,0.0,2005,4,19
M_030_A_XV,0.0,2005,4,20
M_030_A_XV,0.0,2005,4,21
M_030_A_XV,0.0,2005,4,22
M_030_A_XV,0.0,2005,4,23
M_030_A_XV,0.0,2005,4,24
M_030_A_XV,0.0,2005,4,25
M_030_A_XV,0.0,2005,4,26
M_030_A_XV,0.0,2005,4,27
M_030_A_XV,0.0,2005,4,28
M_030_A_XV,0.0,2005,4,29
M_030_A_XV,0.0,2005,4,30
M_030_A_XV,0.0,2005,5,1
M_030_A_XV,0.0,2005,5,2
M_030_A_XV,0.0,2005,5,3
M_030_A_XV,0.0,2005,5,4
M_030_A_XV,0.0,2005,5,5
M_030_A_XV,0.0,2005,5,6
M_030_A_XV,0.0,2005,5,7
M_030_A_XV,0.0,2005,5,8
M_030_A_XV,0.0,2005,5,9
M_030_A_XV,0.0,2005,5,10
M_030_A_XV,0.0,2005,5,11
M_030_A_XV,0.0,2005,5,12
M_030_A_XV,0.0,2005,5,13
M_030_A_XV,0.0,2005,5,14
M_030_A_XV,0.0,2005,5,15
M_030_A_XV,0.0,2005,5,16
M_030_A_XV,0.0,2005,5,17
M_030_A_XV,0.0,2005,5,18
M_030_A_XV,0.0,2005,5,19
M_030_A_XV,0.0,2005,5,20
M_030_A_XV,0.0,2005,5,21
M_030_A_XV,0.0,2005,5,22
M_030_A_XV,0.0,2005,5,23
M_030_A_XV,0.0,2005,5,24
M_030_A_XV,0.0,2005,5,25
M_030_A_XV,0.0,2005,5,26
M_030_A_XV,0.0,2005,5,27
M_030_A_XV,0.0,2005,5,28
M_030_A_XV,0.0,2005,5,29
M_030_A_XV,0.0,2005,5,30
M_030_A_XV,0.0,2005,5,31
M_030_A_XV,0.0,2005,6,1
M_030_A_XV,0.0,2005,6,2
M_030_A_XV,0.0,2005,6,3
M_030_A_XV,0.0,2005,6,4
M_030_A_XV,0.0,2005,6,5
M_030_A_XV,0.0,2005,6,6
M_030_A_XV,0.0,2005,6,7
M_030_A_XV,0.0,2005,6,8
M_030_A_XV,0.0,2005,6,9
M_030_A_XV,0.0,2005,6,10
M_030_A_XV,0.0,2005,6,11
M_030_A_XV,0.0,2005,6,12
M_030_A_XV,0.0,2005,6,13
M_030_A_XV,0.0,2005,6,14
M_030_A_XV,0.0,2005,6,15
M_030_A_XV,0.0,2005,6,16
M_030_A_XV,0.0,2005,6,17
M_030_A_XV,0.0,2005,6,18
M_030_A_XV,0.0,2005,6,19
M_030_A_XV,0.0,2005,6,20
M_030_A_XV,0.0,2005,6,21
M_030_A_XV,0.0,2005,6,22
M_030_A_XV,0.0,2005,6,23
M_030_A_XV,0.0,2005,6,24
M_030_A_XV,0.0,2005,6,25
M_030_A_XV,0.0,2005,6,26
M_030_A_XV,0.0,2005,6,27
M_030_A_XV,0.0,2005,6,28
M_030_A_XV,0.0,2005,6,29
M_030_A_XV,0.0,2005,6,30
M_030_A_XV,0.0,2005,7,1
M_030_A_XV,0.0,2005,7,2
M_030_A_XV,0.0,2005,7,3
M_030_A_XV,0.0,2005,7,4
M_030_A_XV,0.0,2005,7,5
M_030_A_XV,0.0,2005,7,6
M_030_A_XV,0.0,2005,7,7
M_030_A_XV,0.0,2005,7,8
M_030_A_XV,0.0,2005,7,9
M_030_A_XV,0.0,2005,7,10
M_030_A_XV,0.0,2005,7,11
M_030_A_XV,0.0,2005,7,12
M_030_A_XV,0.0,2005,7,13
M_030_A_XV,0.0,2005,7,14
M_030_A_XV,0.0,2005,7,15
M_030_A_XV,0.0,2005,7,16
M_030_A_XV,0.0,2005,7,17
M_030_A_XV,0.0,2005,7,18
M_030_A_XV,0.0,2005,7,19
M_030_A_XV,0.0,2005,7,20
M_030_A_XV,0.0,2005,7,21
M_030_A_XV,0.0,2005,7,22
M_030_A_XV,0.0,2005,7,23
M_030_A_XV,0.0,2005,7,24
M_030_A_XV,0.0,2005,7,25
M_030_A_XV,0.0,2005,7,26
M_030_A_XV,0.0,2005,7,27
M_030_A_XV,0.0,2005,7,28
M_030_A_XV,0.0,2005,7,29
M_030_A_XV,0.0,2005,7,30
M_030_A_XV,0.0,2005,7,31
M_030_A_XV,0.0,2005,8,1
M_030_A_XV,0.0,2005,8,2
M_030_A_XV,0.0,2005,8,3
M_030_A_XV,0.0,2005,8,4
M_030_A_XV,0.0,2005,8,5
M_030_A_XV,0.0,2005,8,6
M_030_A_XV,0.0,2005,8,7
M_030_A_XV,0.0,2005,8,8
M_030_A_XV,0.0,2005,8,9
M_030_A_XV,0.0,2005,8,10
M_030_A_XV,0.0,2005,8,11
M_030_A_XV,0.0,2005,8,12
M_030_A_XV,0.0,2005,8,13
M_030_A_XV,0.0,2005,8,14
M_030_A_XV,0.0,2005,8,15
M_030_A_XV,0.0,2005,8,16
M_030_A_XV,0.0,2005,8,17
M_030_A_XV,0.0,2005,8,18
M_030_A_XV,0.0,2005,8,19
M_030_A_XV,0.0,2005,8,20
M_030_A_XV,0.0,2005,8,21
M_030_A_XV,0.0,2005,8,22
M_030_A_XV,0.0,2005,8,23
M_030_A_XV,0.0,2005,8,24
M_030_A_XV,0.0,2005,8,25
M_030_A_XV,0.0,2005,8,26
M_030_A_XV,0.0,2005,8,27
M_030_A_XV,0.0,2005,8,28
M_030_A_XV,0.0,2005,8,29
M_030_A_XV,0.0,2005,8,30
M_030_A_XV,0.0,2005,8,31
M_030_A_XV,0.0,2005,9,1
M_030_A_XV,0.0,2005,9,2
M_030_A_XV,0.0,2005,9,3
M_030_A_XV,0.0,2005,9,4
M_030_A_XV,0.0,2005,9,5
M_030_A_XV,0.0,2005,9,6
M_030_A_XV,0.0,2005,9,7
M_030_A_XV,0.0,2005,9,8
M_030_A_XV,0.0,2005,9,9
M_030_A_XV,0.0,2005,9,10
M_030_A_XV,0.0,2005,9,11
M_030_A_XV,0.0,2005,9,12
M_030_A_XV,0.0,2005,9,13
M_030_A_XV,3.1,2005,9,14
M_030_A_XV,3.6,2005,9,15
M_030_A_XV,0.6,2005,9,16
M_030_A_XV,0.0,2005,9,17
M_030_A_XV,0.0,2005,9,18
M_030_A_XV,0.0,2005,9,19
M_030_A_XV,0.0,2005,9,20
M_030_A_XV,0.0,2005,9,21
M_030_A_XV,0.0,2005,9,22
M_030_A_XV,0.0,2005,9,23
M_030_A_XV,0.0,2005,9,24
M_030_A_XV,0.0,2005,9,25
M_030_A_XV,0.0,2005,9,26
M_030_A_XV,0.0,2005,9,27
M_030_A_XV,0.0,2005,9,28
M_030_A_XV,0.0,2005,9,29
M_030_A_XV,0.0,2005,9,30
M_030_A_XV,0.0,2005,10,1
M_030_A_XV,0.0,2005,10,2
M_030_A_XV,0.0,2005,10,3
M_030_A_XV,0.0,2005,10,4
M_030_A_XV,0.0,2005,10,5
M_030_A_XV,0.0,2005,10,6
M_030_A_XV,0.0,2005,10,7
M_030_A_XV,0.0,2005,10,8
M_030_A_XV,0.0,2005,10,9
M_030_A_XV,0.0,2005,10,10
M_030_A_XV,0.0,2005,10,11
M_030_A_XV,0.0,2005,10,12
M_030_A_XV,0.0,2005,10,13
M_030_A_XV,0.0,2005,10,14
M_030_A_XV,0.0,2005,10,15
M_030_A_XV,0.0,2005,10,16
M_030_A_XV,0.0,2005,10,17
M_030_A_XV,0.0,2005,10,18
M_030_A_XV,0.0,2005,10,19
M_030_A_XV,0.0,2005,10,20
M_030_A_XV,0.0,2005,10,21
M_030_A_XV,0.0,2005,10,22
M_030_A_XV,0.0,2005,10,23
M_030_A_XV,0.0,2005,10,24
M_030_A_XV,0.0,2005,10,25
M_030_A_XV,0.0,2005,10,26
M_030_A_XV,0.0,2005,10,27
M_030_A_XV,0.0,2005,10,28
M_030_A_XV,0.0,2005,10,29
M_030_A_XV,0.0,2005,10,30
M_030_A_XV,0.0,2005,10,31
M_030_A_XV,0.0,2005,11,1
M_030_A_XV,0.0,2005,11,2
M_030_A_XV,0.0,2005,11,3
M_030_A_XV,0.0,2005,11,4
M_030_A_XV,0.0,2005,11,5
M_030_A_XV,0.0,2005,11,6
M_030_A_XV,0.0,2005,11,7
M_030_A_XV,0.0,2005,11,8
M_030_A_XV,0.0,2005,11,9
M_030_A_XV,0.0,2005,11,10
M_030_A_XV,0.0,2005,11,11
M_030_A_XV,0.0,2005,11,12
M_030_A_XV,0.0,2005,11,13
M_030_A_XV,0.0,2005,11,14
M_030_A_XV,0.0,2005,11,15
M_030_A_XV,0.0,2005,11,16
M_030_A_XV,0.0,2005,11,17
M_030_A_XV,0.0,2005,11,18
M_030_A_XV,0.0,2005,11,19
M_030_A_XV,0.0,2005,11,20
M_030_A_XV,0.0,2005,11,21
M_030_A_XV,0.0,2005,11,22
M_030_A_XV,0.0,2005,11,23
M_030_A_XV,0.0,2005,11,24
M_030_A_XV,0.0,2005,11,25
M_030_A_XV,0.0,2005,11,26
M_030_A_XV,0.0,2005,11,27
M_030_A_XV,0.0,2005,11,28
M_030_A_XV,0.0,2005,11,29
M_030_A_XV,0.0,2005,11,30
M_030_A_XV,0.0,2005,12,1
M_030_A_XV,0.0,2005,12,2
M_030_A_XV,0.0,2005,12,3
M_030_A_XV,0.0,2005,12,4
M_030_A_XV,0.0,2005,12,5
M_030_A_XV,0.0,2005,12,6
M_030_A_XV,0.0,2005,12,7
M_030_A_XV,0.0,2005,12,8
M_030_A_XV,0.0,2005,12,9
M_030_A_XV,0.0,2005,12,10
M_030_A_XV,0.0,2005,12,11
M_030_A_XV,0.0,2005,12,12
M_030_A_XV,0.0,2005,12,13
M_030_A_XV,0.0,2005,12,14
M_030_A_XV,0.0,2005,12,15
M_030_A_XV,0.0,2005,12,16
M_030_A_XV,0.0,2005,12,17
M_030_A_XV,0.0,2005,12,18
M_030_A_XV,0.0,2005,12,19
M_030_A_XV,0.0,2005,12,20
M_030_A_XV,0.0,2005,12,21
M_030_A_XV,0.0,2005,12,22
M_030_A_XV,0.0,2005,12,23
M_030_A_XV,0.0,2005,12,24
M_030_A_XV,2.0,2005,12,25
M_030_A_XV,2.0,2005,12,26
M_030_A_XV,0.0,2005,12,27
M_030_A_XV,0.0,2005,12,28
M_030_A_XV,0.0,2005,12,29
M_030_A_XV,0.0,2005,12,30
M_030_A_XV,0.0,2005,12,31
M_030_A_XV,0.0,2006,1,1
M_030_A_XV,0.0,2006,1,2
M_030_A_XV,2.0,2006,1,3
M_030_A_XV,2.0,2006,1,4
M_030_A_XV,4.0,2006,1,5
M_030_A_XV,0.0,2006,1,6
M_030_A_XV,0.0,2006,1,7
M_030_A_XV,0.0,2006,1,8
M_030_A_XV,0.0,2006,1,9
M_030_A_XV,0.0,2006,1,10
M_030_A_XV,0.0,2006,1,11
M_030_A_XV,3.0,2006,1,12
M_030_A_XV,10.0,2006,1,13
M_030_A_XV,8.0,2006,1,14
M_030_A_XV,0.0,2006,1,15
M_030_A_XV,0.0,2006,1,16
M_030_A_XV,6.0,2006,1,17
M_030_A_XV,0.0,2006,1,18
M_030_A_XV,0.0,2006,1,19
M_030_A_XV,0.0,2006,1,20
M_030_A_XV,0.0,2006,1,21
M_030_A_XV,0.0,2006,1,22
M_030_A_XV,0.0,2006,1,23
M_030_A_XV,6.0,2006,1,24
M_030_A_XV,6.0,2006,1,25
M_030_A_XV,4.0,2006,1,26
M_030_A_XV,5.0,2006,1,27
M_030_A_XV,7.0,2006,1,28
M_030_A_XV,5.0,2006,1,29
M_030_A_XV,4.0,2006,1,30
M_030_A_XV,2.0,2006,1,31
M_030_A_XV,0.0,2006,2,1
M_030_A_XV,3.0,2006,2,2
M_030_A_XV,0.0,2006,2,3
M_030_A_XV,2.0,2006,2,4
M_030_A_XV,4.0,2006,2,5
M_030_A_XV,3.0,2006,2,6
M_030_A_XV,3.0,2006,2,7
M_030_A_XV,3.0,2006,2,8
M_030_A_XV,4.0,2006,2,9
M_030_A_XV,3.0,2006,2,10
M_030_A_XV,2.0,2006,2,11
M_030_A_XV,0.0,2006,2,12
M_030_A_XV,0.0,2006,2,13
M_030_A_XV,0.0,2006,2,14
M_030_A_XV,0.0,2006,2,15
M_030_A_XV,0.0,2006,2,16
M_030_A_XV,0.0,2006,2,17
M_030_A_XV,0.0,2006,2,18
M_030_A_XV,4.0,2006,2,19
M_030_A_XV,2.0,2006,2,20
M_030_A_XV,10.0,2006,2,21
M_030_A_XV,4.0,2006,2,22
M_030_A_XV,0.0,2006,2,23
M_030_A_XV,0.0,2006,2,24
M_030_A_XV,0.0,2006,2,25
M_030_A_XV,0.0,2006,2,26
M_030_A_XV,0.0,2006,2,27
M_030_A_XV,0.0,2006,2,28
M_030_A_XV,4.0,2006,3,1
M_030_A_XV,3.0,2006,3,2
M_030_A_XV,2.0,2006,3,3
M_030_A_XV,15.0,2006,3,4
M_030_A_XV,2.0,2006,3,5
M_030_A_XV,0.0,2006,3,6
M_030_A_XV,0.0,2006,3,7
M_030_A_XV,1.0,2006,3,8
M_030_A_XV,0.0,2006,3,9
M_030_A_XV,0.0,2006,3,10
M_030_A_XV,0.0,2006,3,11
M_030_A_XV,0.0,2006,3,12
M_030_A_XV,0.0,2006,3,13
M_030_A_XV,2.0,2006,3,14
M_030_A_XV,2.0,2006,3,15
M_030_A_XV,4.0,2006,3,16
M_030_A_XV,3.0,2006,3,17
M_030_A_XV,3.0,2006,3,18
M_030_A_XV,4.0,2006,3,19
M_030_A_XV,2.0,2006,3,20
M_030_A_XV,2.0,2006,3,21
M_030_A_XV,3.0,2006,3,22
M_030_A_XV,0.0,2006,3,23
M_030_A_XV,2.0,2006,3,24
M_030_A_XV,5.0,2006,3,25
M_030_A_XV,3.0,2006,3,26
M_030_A_XV,0.0,2006,3,27
M_030_A_XV,0.0,2006,3,28
M_030_A_XV,2.0,2006,3,29
M_030_A_XV,4.0,2006,3,30
M_030_A_XV,4.0,2006,3,31
M_030_A_XV,1.0,2006,4,1
M_030_A_XV,1.0,2006,4,2
M_030_A_XV,0.0,2006,4,3
M_030_A_XV,0.0,2006,4,4
M_030_A_XV,1.0,2006,4,5
M_030_A_XV,0.0,2006,4,6
M_030_A_XV,0.0,2006,4,7
M_030_A_XV,0.0,2006,4,8
M_030_A_XV,0.0,2006,4,9
M_030_A_XV,0.0,2006,4,10
M_030_A_XV,0.0,2006,4,11
M_030_A_XV,0.0,2006,4,12
M_030_A_XV,0.0,2006,4,13
M_030_A_XV,0.0,2006,4,14
M_030_A_XV,0.0,2006,4,15
M_030_A_XV,0.0,2006,4,16
M_030_A_XV,0.0,2006,4,17
M_030_A_XV,0.0,2006,4,18
M_030_A_XV,0.0,2006,4,19
M_030_A_XV,0.0,2006,4,20
M_030_A_XV,0.0,2006,4,21
M_030_A_XV,0.0,2006,4,22
M_030_A_XV,0.0,2006,4,23
M_030_A_XV,0.0,2006,4,24
M_030_A_XV,0.0,2006,4,25
M_030_A_XV,0.0,2006,4,26
M_030_A_XV,0.0,2006,4,27
M_030_A_XV,0.0,2006,4,28
M_030_A_XV,0.0,2006,4,29
M_030_A_XV,0.0,2006,4,30
M_030_A_XV,0.0,2006,5,1
M_030_A_XV,0.0,2006,5,2
M_030_A_XV,0.0,2006,5,3
M_030_A_XV,0.0,2006,5,4
M_030_A_XV,0.0,2006,5,5
M_030_A_XV,0.0,2006,5,6
M_030_A_XV,0.0,2006,5,7
M_030_A_XV,0.0,2006,5,8
M_030_A_XV,0.0,2006,5,9
M_030_A_XV,0.0,2006,5,10
M_030_A_XV,0.0,2006,5,11
M_030_A_XV,0.0,2006,5,12
M_030_A_XV,0.0,2006,5,13
M_030_A_XV,0.0,2006,5,14
M_030_A_XV,0.0,2006,5,15
M_030_A_XV,0.0,2006,5,16
M_030_A_XV,0.0,2006,5,17
M_030_A_XV,0.0,2006,5,18
M_030_A_XV,0.0,2006,5,19
M_030_A_XV,0.0,2006,5,20
M_030_A_XV,0.0,2006,5,21
M_030_A_XV,0.0,2006,5,22
M_030_A_XV,0.0,2006,5,23
M_030_A_XV,0.0,2006,5,24
M_030_A_XV,0.0,2006,5,25
M_030_A_XV,0.0,2006,5,26
M_030_A_XV,0.0,2006,5,27
M_030_A_XV,0.0,2006,5,28
M_030_A_XV,0.0,2006,5,29
M_030_A_XV,0.0,2006,5,30
M_030_A_XV,0.0,2006,5,31
M_030_A_XV,0.0,2006,6,1
M_030_A_XV,0.0,2006,6,2
M_030_A_XV,0.0,2006,6,3
M_030_A_XV,0.0,2006,6,4
M_030_A_XV,0.0,2006,6,5
M_030_A_XV,0.0,2006,6,6
M_030_A_XV,0.0,2006,6,7
M_030_A_XV,0.0,2006,6,8
M_030_A_XV,0.0,2006,6,9
M_030_A_XV,0.0,2006,6,10
M_030_A_XV,0.0,2006,6,11
M_030_A_XV,0.0,2006,6,12
M_030_A_XV,0.0,2006,6,13
M_030_A_XV,0.0,2006,6,14
M_030_A_XV,0.0,2006,6,15
M_030_A_XV,0.0,2006,6,16
M_030_A_XV,0.0,2006,6,17
M_030_A_XV,0.0,2006,6,18
M_030_A_XV,0.0,2006,6,19
M_030_A_XV,0.0,2006,6,20
M_030_A_XV,0.0,2006,6,21
M_030_A_XV,0.0,2006,6,22
M_030_A_XV,0.0,2006,6,23
M_030_A_XV,0.0,2006,6,24
M_030_A_XV,0.0,2006,6,25
M_030_A_XV,0.0,2006,6,26
M_030_A_XV,0.0,2006,6,27
M_030_A_XV,0.0,2006,6,28
M_030_A_XV,0.0,2006,6,29
M_030_A_XV,0.0,2006,6,30
M_030_A_XV,0.0,2006,7,1
M_030_A_XV,0.0,2006,7,2
M_030_A_XV,0.0,2006,7,3
M_030_A_XV,0.0,2006,7,4
M_030_A_XV,0.0,2006,7,5
M_030_A_XV,0.0,2006,7,6
M_030_A_XV,0.0,2006,7,7
M_030_A_XV,0.0,2006,7,8
M_030_A_XV,0.0,2006,7,9
M_030_A_XV,0.0,2006,7,10
M_030_A_XV,0.0,2006,7,11
M_030_A_XV,0.0,2006,7,12
M_030_A_XV,0.0,2006,7,13
M_030_A_XV,0.0,2006,7,14
M_030_A_XV,0.0,2006,7,15
M_030_A_XV,0.0,2006,7,16
M_030_A_XV,0.0,2006,7,17
M_030_A_XV,0.0,2006,7,18
M_030_A_XV,0.0,2006,7,19
M_030_A_XV,0.0,2006,7,20
M_030_A_XV,0.0,2006,7,21
M_030_A_XV,0.0,2006,7,22
M_030_A_XV,0.0,2006,7,23
M_030_A_XV,0.0,2006,7,24
M_030_A_XV,0.0,2006,7,25
M_030_A_XV,0.0,2006,7,26
M_030_A_XV,0.0,2006,7,27
M_030_A_XV,0.0,2006,7,28
M_030_A_XV,0.0,2006,7,29
M_030_A_XV,0.0,2006,7,30
M_030_A_XV,0.0,2006,7,31
M_030_A_XV,0.0,2006,8,1
M_030_A_XV,0.0,2006,8,2
M_030_A_XV,0.0,2006,8,3
M_030_A_XV,0.0,2006,8,4
M_030_A_XV,0.0,2006,8,5
M_030_A_XV,0.0,2006,8,6
M_030_A_XV,0.0,2006,8,7
M_030_A_XV,0.0,2006,8,8
M_030_A_XV,0.0,2006,8,9
M_030_A_XV,0.0,2006,8,10
M_030_A_XV,0.0,2006,8,11
M_030_A_XV,0.0,2006,8,12
M_030_A_XV,0.0,2006,8,13
M_030_A_XV,0.0,2006,8,14
M_030_A_XV,0.0,2006,8,15
M_030_A_XV,0.0,2006,8,16
M_030_A_XV,0.0,2006,8,17
M_030_A_XV,0.0,2006,8,18
M_030_A_XV,0.0,2006,8,19
M_030_A_XV,0.0,2006,8,20
M_030_A_XV,0.0,2006,8,21
M_030_A_XV,0.0,2006,8,22
M_030_A_XV,0.0,2006,8,23
M_030_A_XV,0.0,2006,8,24
M_030_A_XV,0.0,2006,8,25
M_030_A_XV,0.0,2006,8,26
M_030_A_XV,0.0,2006,8,27
M_030_A_XV,0.0,2006,8,28
M_030_A_XV,0.0,2006,8,29
M_030_A_XV,0.0,2006,8,30
M_030_A_XV,0.0,2006,8,31
M_030_A_XV,0.0,2006,9,1
M_030_A_XV,0.0,2006,9,2
M_030_A_XV,0.0,2006,9,3
M_030_A_XV,0.0,2006,9,4
M_030_A_XV,0.0,2006,9,5
M_030_A_XV,0.0,2006,9,6
M_030_A_XV,0.0,2006,9,7
M_030_A_XV,0.0,2006,9,8
M_030_A_XV,0.0,2006,9,9
M_030_A_XV,0.0,2006,9,10
M_030_A_XV,0.0,2006,9,11
M_030_A_XV,0.0,2006,9,12
M_030_A_XV,0.0,2006,9,13
M_030_A_XV,0.0,2006,9,14
M_030_A_XV,0.0,2006,9,15
M_030_A_XV,0.0,2006,9,16
M_030_A_XV,0.0,2006,9,17
M_030_A_XV,0.0,2006,9,18
M_030_A_XV,0.0,2006,9,19
M_030_A_XV,0.0,2006,9,20
M_030_A_XV,0.0,2006,9,21
M_030_A_XV,0.0,2006,9,22
M_030_A_XV,0.0,2006,9,23
M_030_A_XV,0.0,2006,9,24
M_030_A_XV,0.0,2006,9,25
M_030_A_XV,0.0,2006,9,26
M_030_A_XV,0.0,2006,9,27
M_030_A_XV,0.0,2006,9,28
M_030_A_XV,0.0,2006,9,29
M_030_A_XV,0.0,2006,9,30
M_030_A_XV,0.0,2006,10,1
M_030_A_XV,0.0,2006,10,2
M_030_A_XV,0.0,2006,10,3
M_030_A_XV,0.0,2006,10,4
M_030_A_XV,0.0,2006,10,5
M_030_A_XV,0.0,2006,10,6
M_030_A_XV,0.0,2006,10,7
M_030_A_XV,0.0,2006,10,8
M_030_A_XV,0.0,2006,10,9
M_030_A_XV,0.0,2006,10,10
M_030_A_XV,0.0,2006,10,11
M_030_A_XV,0.0,2006,10,12
M_030_A_XV,0.0,2006,10,13
M_030_A_XV,0.0,2006,10,14
M_030_A_XV,0.0,2006,10,15
M_030_A_XV,0.0,2006,10,16
M_030_A_XV,0.0,2006,10,17
M_030_A_XV,0.0,2006,10,18
M_030_A_XV,0.0,2006,10,19
M_030_A_XV,0.0,2006,10,20
M_030_A_XV,0.0,2006,10,21
M_030_A_XV,0.0,2006,10,22
M_030_A_XV,0.0,2006,10,23
M_030_A_XV,0.0,2006,10,24
M_030_A_XV,0.0,2006,10,25
M_030_A_XV,0.0,2006,10,26
M_030_A_XV,0.0,2006,10,27
M_030_A_XV,0.0,2006,10,28
M_030_A_XV,0.0,2006,10,29
M_030_A_XV,0.0,2006,10,30
M_030_A_XV,0.0,2006,10,31
M_030_A_XV,0.0,2006,11,1
M_030_A_XV,0.0,2006,11,2
M_030_A_XV,0.0,2006,11,3
M_030_A_XV,0.0,2006,11,4
M_030_A_XV,0.0,2006,11,5
M_030_A_XV,0.0,2006,11,6
M_030_A_XV,0.0,2006,11,7
M_030_A_XV,0.0,2006,11,8
M_030_A_XV,0.0,2006,11,9
M_030_A_XV,0.0,2006,11,10
M_030_A_XV,0.0,2006,11,11
M_030_A_XV,0.0,2006,11,12
M_030_A_XV,0.0,2006,11,13
M_030_A_XV,0.0,2006,11,14
M_030_A_XV,0.0,2006,11,15
M_030_A_XV,0.0,2006,11,16
M_030_A_XV,0.0,2006,11,17
M_030_A_XV,0.0,2006,11,18
M_030_A_XV,0.0,2006,11,19
M_030_A_XV,0.0,2006,11,20
M_030_A_XV,0.0,2006,11,21
M_030_A_XV,0.0,2006,11,22
M_030_A_XV,0.0,2006,11,23
M_030_A_XV,0.0,2006,11,24
M_030_A_XV,0.0,2006,11,25
M_030_A_XV,0.0,2006,11,26
M_030_A_XV,0.0,2006,11,27
M_030_A_XV,0.0,2006,11,28
M_030_A_XV,0.0,2006,11,29
M_030_A_XV,0.0,2006,11,30
M_030_A_XV,0.0,2006,12,1
M_030_A_XV,0.0,2006,12,2
M_030_A_XV,0.0,2006,12,3
M_030_A_XV,0.0,2006,12,4
M_030_A_XV,0.0,2006,12,5
M_030_A_XV,0.0,2006,12,6
M_030_A_XV,0.0,2006,12,7
M_030_A_XV,0.0,2006,12,8
M_030_A_XV,0.0,2006,12,9
M_030_A_XV,0.0,2006,12,10
M_030_A_XV,0.0,2006,12,11
M_030_A_XV,0.0,2006,12,12
M_030_A_XV,0.0,2006,12,13
M_030_A_XV,0.0,2006,12,14
M_030_A_XV,4.5,2006,12,15
M_030_A_XV,2.0,2006,12,16
M_030_A_XV,0.5,2006,12,17
M_030_A_XV,0.0,2006,12,18
M_030_A_XV,0.0,2006,12,19
M_030_A_XV,0.0,2006,12,20
M_030_A_XV,0.0,2006,12,21
M_030_A_XV,0.0,2006,12,22
M_030_A_XV,0.0,2006,12,23
M_030_A_XV,0.0,2006,12,24
M_030_A_XV,0.0,2006,12,25
M_030_A_XV,0.0,2006,12,26
M_030_A_XV,0.0,2006,12,27
M_030_A_XV,0.0,2006,12,28
M_030_A_XV,0.0,2006,12,29
M_030_A_XV,0.0,2006,12,30
M_030_A_XV,1.0,2006,12,31
M_030_A_XV,0.0,2007,1,1
M_030_A_XV,0.0,2007,1,2
M_030_A_XV,0.0,2007,1,3
M_030_A_XV,2.5,2007,1,4
M_030_A_XV,4.0,2007,1,5
M_030_A_XV,5.0,2007,1,6
M_030_A_XV,4.5,2007,1,7
M_030_A_XV,15.0,2007,1,8
M_030_A_XV,16.0,2007,1,9
M_030_A_XV,18.0,2007,1,10
M_030_A_XV,10.0,2007,1,11
M_030_A_XV,5.0,2007,1,12
M_030_A_XV,6.0,2007,1,13
M_030_A_XV,9.0,2007,1,14
M_030_A_XV,1.0,2007,1,15
M_030_A_XV,0.0,2007,1,16
M_030_A_XV,0.0,2007,1,17
M_030_A_XV,0.0,2007,1,18
M_030_A_XV,0.0,2007,1,19
M_030_A_XV,0.0,2007,1,20
M_030_A_XV,0.0,2007,1,21
M_030_A_XV,0.0,2007,1,22
M_030_A_XV,0.0,2007,1,23
M_030_A_XV,0.0,2007,1,24
M_030_A_XV,0.0,2007,1,25
M_030_A_XV,0.0,2007,1,26
M_030_A_XV,0.0,2007,1,27
M_030_A_XV,0.0,2007,1,28
M_030_A_XV,0.0,2007,1,29
M_030_A_XV,0.0,2007,1,30
M_030_A_XV,0.0,2007,1,31
M_030_A_XV,0.0,2007,2,1
M_030_A_XV,0.0,2007,2,2
M_030_A_XV,0.0,2007,2,3
M_030_A_XV,0.0,2007,2,4
M_030_A_XV,0.0,2007,2,5
M_030_A_XV,0.0,2007,2,6
M_030_A_XV,0.0,2007,2,7
M_030_A_XV,0.0,2007,2,8
M_030_A_XV,1.0,2007,2,9
M_030_A_XV,15.0,2007,2,10
M_030_A_XV,13.0,2007,2,11
M_030_A_XV,10.0,2007,2,12
M_030_A_XV,2.0,2007,2,13
M_030_A_XV,0.0,2007,2,14
M_030_A_XV,0.0,2007,2,15
M_030_A_XV,0.0,2007,2,16
M_030_A_XV,0.0,2007,2,17
M_030_A_XV,0.0,2007,2,18
M_030_A_XV,0.0,2007,2,19
M_030_A_XV,0.0,2007,2,20
M_030_A_XV,0.0,2007,2,21
M_030_A_XV,0.0,2007,2,22
M_030_A_XV,5.0,2007,2,23
M_030_A_XV,20.0,2007,2,24
M_030_A_XV,4.0,2007,2,25
M_030_A_XV,6.0,2007,2,26
M_030_A_XV,3.0,2007,2,27
M_030_A_XV,0.0,2007,2,28
M_030_A_XV,0.0,2007,3,1
M_030_A_XV,15.0,2007,3,2
M_030_A_XV,4.0,2007,3,3
M_030_A_XV,0.0,2007,3,4
M_030_A_XV,6.0,2007,3,5
M_030_A_XV,6.0,2007,3,6
M_030_A_XV,6.0,2007,3,7
M_030_A_XV,3.0,2007,3,8
M_030_A_XV,3.0,2007,3,9
M_030_A_XV,0.0,2007,3,10
M_030_A_XV,0.0,2007,3,11
M_030_A_XV,0.0,2007,3,12
M_030_A_XV,0.0,2007,3,13
M_030_A_XV,0.0,2007,3,14
M_030_A_XV,0.0,2007,3,15
M_030_A_XV,0.0,2007,3,16
M_030_A_XV,0.0,2007,3,17
M_030_A_XV,0.0,2007,3,18
M_030_A_XV,0.0,2007,3,19
M_030_A_XV,0.0,2007,3,20
M_030_A_XV,0.0,2007,3,21
M_030_A_XV,0.0,2007,3,22
M_030_A_XV,0.0,2007,3,23
M_030_A_XV,0.0,2007,3,24
M_030_A_XV,0.0,2007,3,25
M_030_A_XV,0.0,2007,3,26
M_030_A_XV,0.0,2007,3,27
M_030_A_XV,2.0,2007,3,28
M_030_A_XV,0.0,2007,3,29
M_030_A_XV,0.0,2007,3,30
M_030_A_XV,0.0,2007,3,31
M_030_A_XV,0.0,2007,4,1
M_030_A_XV,0.0,2007,4,2
M_030_A_XV,0.0,2007,4,3
M_030_A_XV,0.0,2007,4,4
M_030_A_XV,0.0,2007,4,5
M_030_A_XV,0.0,2007,4,6
M_030_A_XV,0.0,2007,4,7
M_030_A_XV,0.0,2007,4,8
M_030_A_XV,0.0,2007,4,9
M_030_A_XV,0.0,2007,4,10
M_030_A_XV,0.0,2007,4,11
M_030_A_XV,0.0,2007,4,12
M_030_A_XV,0.0,2007,4,13
M_030_A_XV,0.0,2007,4,14
M_030_A_XV,0.0,2007,4,15
M_030_A_XV,0.0,2007,4,16
M_030_A_XV,0.0,2007,4,17
M_030_A_XV,0.0,2007,4,18
M_030_A_XV,0.0,2007,4,19
M_030_A_XV,0.0,2007,4,20
M_030_A_XV,0.0,2007,4,21
M_030_A_XV,0.0,2007,4,22
M_030_A_XV,0.0,2007,4,23
M_030_A_XV,0.0,2007,4,24
M_030_A_XV,0.0,2007,4,25
M_030_A_XV,0.0,2007,4,26
M_030_A_XV,0.0,2007,4,27
M_030_A_XV,0.0,2007,4,28
M_030_A_XV,0.0,2007,4,29
M_030_A_XV,0.0,2007,4,30
M_030_A_XV,0.0,2007,5,1
M_030_A_XV,0.0,2007,5,2
M_030_A_XV,0.0,2007,5,3
M_030_A_XV,0.0,2007,5,4
M_030_A_XV,0.0,2007,5,5
M_030_A_XV,0.0,2007,5,6
M_030_A_XV,0.0,2007,5,7
M_030_A_XV,0.0,2007,5,8
M_030_A_XV,0.0,2007,5,9
M_030_A_XV,0.0,2007,5,10
M_030_A_XV,0.0,2007,5,11
M_030_A_XV,0.0,2007,5,12
M_030_A_XV,0.0,2007,5,13
M_030_A_XV,0.0,2007,5,14
M_030_A_XV,0.0,2007,5,15
M_030_A_XV,0.0,2007,5,16
M_030_A_XV,0.0,2007,5,17
M_030_A_XV,0.0,2007,5,18
M_030_A_XV,0.0,2007,5,19
M_030_A_XV,0.0,2007,5,20
M_030_A_XV,0.0,2007,5,21
M_030_A_XV,0.0,2007,5,22
M_030_A_XV,0.0,2007,5,23
M_030_A_XV,0.0,2007,5,24
M_030_A_XV,0.0,2007,5,25
M_030_A_XV,0.0,2007,5,26
M_030_A_XV,0.0,2007,5,27
M_030_A_XV,0.0,2007,5,28
M_030_A_XV,0.0,2007,5,29
M_030_A_XV,0.0,2007,5,30
M_030_A_XV,0.0,2007,5,31
M_030_A_XV,0.0,2007,6,1
M_030_A_XV,0.0,2007,6,2
M_030_A_XV,0.0,2007,6,3
M_030_A_XV,0.0,2007,6,4
M_030_A_XV,0.0,2007,6,5
M_030_A_XV,0.0,2007,6,6
M_030_A_XV,0.0,2007,6,7
M_030_A_XV,0.0,2007,6,8
M_030_A_XV,0.0,2007,6,9
M_030_A_XV,0.0,2007,6,10
M_030_A_XV,0.0,2007,6,11
M_030_A_XV,0.0,2007,6,12
M_030_A_XV,0.0,2007,6,13
M_030_A_XV,0.0,2007,6,14
M_030_A_XV,0.0,2007,6,15
M_030_A_XV,0.0,2007,6,16
M_030_A_XV,0.0,2007,6,17
M_030_A_XV,0.0,2007,6,18
M_030_A_XV,0.0,2007,6,19
M_030_A_XV,0.0,2007,6,20
M_030_A_XV,0.0,2007,6,21
M_030_A_XV,0.0,2007,6,22
M_030_A_XV,0.0,2007,6,23
M_030_A_XV,0.0,2007,6,24
M_030_A_XV,0.0,2007,6,25
M_030_A_XV,0.0,2007,6,26
M_030_A_XV,0.0,2007,6,27
M_030_A_XV,0.0,2007,6,28
M_030_A_XV,0.0,2007,6,29
M_030_A_XV,0.0,2007,6,30
M_030_A_XV,0.0,2007,7,1
M_030_A_XV,0.0,2007,7,2
M_030_A_XV,0.0,2007,7,3
M_030_A_XV,0.0,2007,7,4
M_030_A_XV,0.0,2007,7,5
M_030_A_XV,0.0,2007,7,6
M_030_A_XV,0.0,2007,7,7
M_030_A_XV,0.0,2007,7,8
M_030_A_XV,0.0,2007,7,9
M_030_A_XV,0.0,2007,7,10
M_030_A_XV,0.0,2007,7,11
M_030_A_XV,0.0,2007,7,12
M_030_A_XV,0.0,2007,7,13
M_030_A_XV,0.0,2007,7,14
M_030_A_XV,0.0,2007,7,15
M_030_A_XV,0.0,2007,7,16
M_030_A_XV,0.0,2007,7,17
M_030_A_XV,0.0,2007,7,18
M_030_A_XV,0.0,2007,7,19
M_030_A_XV,0.0,2007,7,20
M_030_A_XV,0.0,2007,7,21
M_030_A_XV,0.0,2007,7,22
M_030_A_XV,0.0,2007,7,23
M_030_A_XV,0.0,2007,7,24
M_030_A_XV,0.0,2007,7,25
M_030_A_XV,0.0,2007,7,26
M_030_A_XV,0.0,2007,7,27
M_030_A_XV,0.0,2007,7,28
M_030_A_XV,0.0,2007,7,29
M_030_A_XV,0.0,2007,7,30
M_030_A_XV,0.0,2007,7,31
M_030_A_XV,0.0,2007,8,1
M_030_A_XV,0.0,2007,8,2
M_030_A_XV,0.0,2007,8,3
M_030_A_XV,0.0,2007,8,4
M_030_A_XV,0.0,2007,8,5
M_030_A_XV,0.0,2007,8,6
M_030_A_XV,0.0,2007,8,7
M_030_A_XV,0.0,2007,8,8
M_030_A_XV,0.0,2007,8,9
M_030_A_XV,0.0,2007,8,10
M_030_A_XV,0.0,2007,8,11
M_030_A_XV,0.0,2007,8,12
M_030_A_XV,0.0,2007,8,13
M_030_A_XV,0.0,2007,8,14
M_030_A_XV,0.0,2007,8,15
M_030_A_XV,0.0,2007,8,16
M_030_A_XV,0.0,2007,8,17
M_030_A_XV,0.0,2007,8,18
M_030_A_XV,0.0,2007,8,19
M_030_A_XV,0.0,2007,8,20
M_030_A_XV,0.0,2007,8,21
M_030_A_XV,0.0,2007,8,22
M_030_A_XV,0.0,2007,8,23
M_030_A_XV,0.0,2007,8,24
M_030_A_XV,0.0,2007,8,25
M_030_A_XV,0.0,2007,8,26
M_030_A_XV,0.0,2007,8,27
M_030_A_XV,0.0,2007,8,28
M_030_A_XV,0.0,2007,8,29
M_030_A_XV,0.0,2007,8,30
M_030_A_XV,0.0,2007,8,31
M_030_A_XV,0.0,2007,9,1
M_030_A_XV,0.0,2007,9,2
M_030_A_XV,0.0,2007,9,3
M_030_A_XV,0.0,2007,9,4
M_030_A_XV,0.0,2007,9,5
M_030_A_XV,0.0,2007,9,6
M_030_A_XV,0.0,2007,9,7
M_030_A_XV,0.0,2007,9,8
M_030_A_XV,0.0,2007,9,9
M_030_A_XV,0.0,2007,9,10
M_030_A_XV,0.0,2007,9,11
M_030_A_XV,0.0,2007,9,12
M_030_A_XV,0.0,2007,9,13
M_030_A_XV,0.0,2007,9,14
M_030_A_XV,0.0,2007,9,15
M_030_A_XV,0.0,2007,9,16
M_030_A_XV,0.0,2007,9,17
M_030_A_XV,0.0,2007,9,18
M_030_A_XV,0.0,2007,9,19
M_030_A_XV,0.0,2007,9,20
M_030_A_XV,0.0,2007,9,21
M_030_A_XV,0.0,2007,9,22
M_030_A_XV,0.0,2007,9,23
M_030_A_XV,0.0,2007,9,24
M_030_A_XV,0.0,2007,9,25
M_030_A_XV,0.0,2007,9,26
M_030_A_XV,0.0,2007,9,27
M_030_A_XV,0.0,2007,9,28
M_030_A_XV,0.0,2007,9,29
M_030_A_XV,0.0,2007,9,30
M_030_A_XV,0.0,2007,10,1
M_030_A_XV,0.0,2007,10,2
M_030_A_XV,0.0,2007,10,3
M_030_A_XV,0.0,2007,10,4
M_030_A_XV,0.0,2007,10,5
M_030_A_XV,0.0,2007,10,6
M_030_A_XV,0.0,2007,10,7
M_030_A_XV,0.0,2007,10,8
M_030_A_XV,0.0,2007,10,9
M_030_A_XV,0.0,2007,10,10
M_030_A_XV,0.0,2007,10,11
M_030_A_XV,0.0,2007,10,12
M_030_A_XV,0.0,2007,10,13
M_030_A_XV,0.0,2007,10,14
M_030_A_XV,0.0,2007,10,15
M_030_A_XV,0.0,2007,10,16
M_030_A_XV,0.0,2007,10,17
M_030_A_XV,0.0,2007,10,18
M_030_A_XV,0.0,2007,10,19
M_030_A_XV,0.0,2007,10,20
M_030_A_XV,0.0,2007,10,21
M_030_A_XV,0.0,2007,10,22
M_030_A_XV,0.0,2007,10,23
M_030_A_XV,0.0,2007,10,24
M_030_A_XV,0.0,2007,10,25
M_030_A_XV,0.0,2007,10,26
M_030_A_XV,0.0,2007,10,27
M_030_A_XV,0.0,2007,10,28
M_030_A_XV,0.0,2007,10,29
M_030_A_XV,0.0,2007,10,30
M_030_A_XV,0.0,2007,10,31
M_030_A_XV,0.0,2007,11,1
M_030_A_XV,0.0,2007,11,2
M_030_A_XV,0.0,2007,11,3
M_030_A_XV,0.0,2007,11,4
M_030_A_XV,0.0,2007,11,5
M_030_A_XV,0.0,2007,11,6
M_030_A_XV,0.0,2007,11,7
M_030_A_XV,0.0,2007,11,8
M_030_A_XV,0.0,2007,11,9
M_030_A_XV,0.0,2007,11,10
M_030_A_XV,0.0,2007,11,11
M_030_A_XV,0.0,2007,11,12
M_030_A_XV,0.0,2007,11,13
M_030_A_XV,0.0,2007,11,14
M_030_A_XV,0.0,2007,11,15
M_030_A_XV,0.0,2007,11,16
M_030_A_XV,0.0,2007,11,17
M_030_A_XV,0.0,2007,11,18
M_030_A_XV,0.0,2007,11,19
M_030_A_XV,0.0,2007,11,20
M_030_A_XV,0.0,2007,11,21
M_030_A_XV,0.0,2007,11,22
M_030_A_XV,0.0,2007,11,23
M_030_A_XV,0.0,2007,11,24
M_030_A_XV,0.0,2007,11,25
M_030_A_XV,0.0,2007,11,26
M_030_A_XV,0.0,2007,11,27
M_030_A_XV,0.0,2007,11,28
M_030_A_XV,0.0,2007,11,29
M_030_A_XV,0.0,2007,11,30
M_030_A_XV,0.0,2007,12,1
M_030_A_XV,4.0,2007,12,2
M_030_A_XV,0.0,2007,12,3
M_030_A_XV,0.0,2007,12,4
M_030_A_XV,0.0,2007,12,5
M_030_A_XV,0.0,2007,12,6
M_030_A_XV,0.0,2007,12,7
M_030_A_XV,0.0,2007,12,8
M_030_A_XV,0.0,2007,12,9
M_030_A_XV,0.0,2007,12,10
M_030_A_XV,0.0,2007,12,11
M_030_A_XV,1.0,2007,12,12
M_030_A_XV,0.0,2007,12,13
M_030_A_XV,0.0,2007,12,14
M_030_A_XV,0.0,2007,12,15
M_030_A_XV,0.0,2007,12,16
M_030_A_XV,0.0,2007,12,17
M_030_A_XV,0.0,2007,12,18
M_030_A_XV,0.0,2007,12,19
M_030_A_XV,3.0,2007,12,20
M_030_A_XV,0.0,2007,12,21
M_030_A_XV,3.0,2007,12,22
M_030_A_XV,0.0,2007,12,23
M_030_A_XV,0.0,2007,12,24
M_030_A_XV,0.0,2007,12,25
M_030_A_XV,0.0,2007,12,26
M_030_A_XV,0.0,2007,12,27
M_030_A_XV,0.0,2007,12,28
M_030_A_XV,0.0,2007,12,29
M_030_A_XV,0.0,2007,12,30
M_030_A_XV,0.0,2007,12,31
M_030_A_XV,3.0,2008,1,1
M_030_A_XV,9.0,2008,1,2
M_030_A_XV,3.0,2008,1,3
M_030_A_XV,6.0,2008,1,4
M_030_A_XV,3.0,2008,1,5
M_030_A_XV,12.0,2008,1,6
M_030_A_XV,4.0,2008,1,7
M_030_A_XV,6.0,2008,1,8
M_030_A_XV,2.0,2008,1,9
M_030_A_XV,0.0,2008,1,10
M_030_A_XV,5.7,2008,1,11
M_030_A_XV,7.0,2008,1,12
M_030_A_XV,8.0,2008,1,13
M_030_A_XV,8.0,2008,1,14
M_030_A_XV,4.0,2008,1,15
M_030_A_XV,6.0,2008,1,16
M_030_A_XV,6.0,2008,1,17
M_030_A_XV,3.0,2008,1,18
M_030_A_XV,0.0,2008,1,19
M_030_A_XV,0.0,2008,1,20
M_030_A_XV,0.0,2008,1,21
M_030_A_XV,0.0,2008,1,22
M_030_A_XV,0.0,2008,1,23
M_030_A_XV,0.0,2008,1,24
M_030_A_XV,0.0,2008,1,25
M_030_A_XV,0.0,2008,1,26
M_030_A_XV,0.0,2008,1,27
M_030_A_XV,0.0,2008,1,28
M_030_A_XV,0.0,2008,1,29
M_030_A_XV,0.0,2008,1,30
M_030_A_XV,0.0,2008,1,31
M_030_A_XV,0.0,2008,2,1
M_030_A_XV,0.0,2008,2,2
M_030_A_XV,0.0,2008,2,3
M_030_A_XV,0.0,2008,2,4
M_030_A_XV,0.0,2008,2,5
M_030_A_XV,9.0,2008,2,6
M_030_A_XV,0.0,2008,2,7
M_030_A_XV,0.0,2008,2,8
M_030_A_XV,0.0,2008,2,9
M_030_A_XV,0.0,2008,2,10
M_030_A_XV,0.0,2008,2,11
M_030_A_XV,0.0,2008,2,12
M_030_A_XV,0.0,2008,2,13
M_030_A_XV,0.0,2008,2,14
M_030_A_XV,0.0,2008,2,15
M_030_A_XV,0.0,2008,2,16
M_030_A_XV,0.0,2008,2,17
M_030_A_XV,0.0,2008,2,18
M_030_A_XV,0.0,2008,2,19
M_030_A_XV,9.0,2008,2,20
M_030_A_XV,16.0,2008,2,21
M_030_A_XV,0.0,2008,2,22
M_030_A_XV,0.0,2008,2,23
M_030_A_XV,0.0,2008,2,24
M_030_A_XV,2.0,2008,2,25
M_030_A_XV,0.0,2008,2,26
M_030_A_XV,2.0,2008,2,27
M_030_A_XV,0.0,2008,2,28
M_030_A_XV,0.0,2008,2,29
M_030_A_XV,0.0,2008,3,1
M_030_A_XV,0.0,2008,3,2
M_030_A_XV,0.0,2008,3,3
M_030_A_XV,0.0,2008,3,4
M_030_A_XV,0.0,2008,3,5
M_030_A_XV,0.0,2008,3,6
M_030_A_XV,0.0,2008,3,7
M_030_A_XV,0.0,2008,3,8
M_030_A_XV,0.0,2008,3,9
M_030_A_XV,5.0,2008,3,10
M_030_A_XV,10.0,2008,3,11
M_030_A_XV,15.0,2008,3,12
M_030_A_XV,0.0,2008,3,13
M_030_A_XV,0.0,2008,3,14
M_030_A_XV,0.0,2008,3,15
M_030_A_XV,0.0,2008,3,16
M_030_A_XV,0.0,2008,3,17
M_030_A_XV,0.0,2008,3,18
M_030_A_XV,0.0,2008,3,19
M_030_A_XV,0.0,2008,3,20
M_030_A_XV,0.0,2008,3,21
M_030_A_XV,0.0,2008,3,22
M_030_A_XV,0.0,2008,3,23
M_030_A_XV,0.0,2008,3,24
M_030_A_XV,0.0,2008,3,25
M_030_A_XV,0.0,2008,3,26
M_030_A_XV,0.0,2008,3,27
M_030_A_XV,0.0,2008,3,28
M_030_A_XV,0.0,2008,3,29
M_030_A_XV,0.0,2008,3,30
M_030_A_XV,0.0,2008,3,31
M_030_A_XV,0.0,2008,4,1
M_030_A_XV,0.0,2008,4,2
M_030_A_XV,0.0,2008,4,3
M_030_A_XV,0.0,2008,4,4
M_030_A_XV,0.0,2008,4,5
M_030_A_XV,0.0,2008,4,6
M_030_A_XV,0.0,2008,4,7
M_030_A_XV,0.0,2008,4,8
M_030_A_XV,0.0,2008,4,9
M_030_A_XV,0.0,2008,4,10
M_030_A_XV,0.0,2008,4,11
M_030_A_XV,0.0,2008,4,12
M_030_A_XV,0.0,2008,4,13
M_030_A_XV,0.0,2008,4,14
M_030_A_XV,0.0,2008,4,15
M_030_A_XV,0.0,2008,4,16
M_030_A_XV,0.0,2008,4,17
M_030_A_XV,0.0,2008,4,18
M_030_A_XV,0.0,2008,4,19
M_030_A_XV,0.0,2008,4,20
M_030_A_XV,0.0,2008,4,21
M_030_A_XV,0.0,2008,4,22
M_030_A_XV,0.0,2008,4,23
M_030_A_XV,0.0,2008,4,24
M_030_A_XV,0.0,2008,4,25
M_030_A_XV,0.0,2008,4,26
M_030_A_XV,0.0,2008,4,27
M_030_A_XV,0.0,2008,4,28
M_030_A_XV,0.0,2008,4,29
M_030_A_XV,0.0,2008,4,30
M_030_A_XV,0.0,2008,5,1
M_030_A_XV,0.0,2008,5,2
M_030_A_XV,0.0,2008,5,3
M_030_A_XV,0.0,2008,5,4
M_030_A_XV,0.0,2008,5,5
M_030_A_XV,0.0,2008,5,6
M_030_A_XV,0.0,2008,5,7
M_030_A_XV,0.0,2008,5,8
M_030_A_XV,0.0,2008,5,9
M_030_A_XV,0.0,2008,5,10
M_030_A_XV,0.0,2008,5,11
M_030_A_XV,0.0,2008,5,12
M_030_A_XV,0.0,2008,5,13
M_030_A_XV,0.0,2008,5,14
M_030_A_XV,0.0,2008,5,15
M_030_A_XV,0.0,2008,5,16
M_030_A_XV,0.0,2008,5,17
M_030_A_XV,0.0,2008,5,18
M_030_A_XV,0.0,2008,5,19
M_030_A_XV,0.0,2008,5,20
M_030_A_XV,0.0,2008,5,21
M_030_A_XV,0.0,2008,5,22
M_030_A_XV,0.0,2008,5,23
M_030_A_XV,0.0,2008,5,24
M_030_A_XV,0.0,2008,5,25
M_030_A_XV,0.0,2008,5,26
M_030_A_XV,0.0,2008,5,27
M_030_A_XV,0.0,2008,5,28
M_030_A_XV,0.0,2008,5,29
M_030_A_XV,0.0,2008,5,30
M_030_A_XV,0.0,2008,5,31
M_030_A_XV,0.0,2008,6,1
M_030_A_XV,0.0,2008,6,2
M_030_A_XV,0.0,2008,6,3
M_030_A_XV,0.0,2008,6,4
M_030_A_XV,0.0,2008,6,5
M_030_A_XV,0.0,2008,6,6
M_030_A_XV,0.0,2008,6,7
M_030_A_XV,0.0,2008,6,8
M_030_A_XV,0.0,2008,6,9
M_030_A_XV,0.0,2008,6,10
M_030_A_XV,0.0,2008,6,11
M_030_A_XV,0.0,2008,6,12
M_030_A_XV,0.0,2008,6,13
M_030_A_XV,0.0,2008,6,14
M_030_A_XV,0.0,2008,6,15
M_030_A_XV,0.0,2008,6,16
M_030_A_XV,0.0,2008,6,17
M_030_A_XV,0.0,2008,6,18
M_030_A_XV,0.0,2008,6,19
M_030_A_XV,0.0,2008,6,20
M_030_A_XV,0.0,2008,6,21
M_030_A_XV,0.0,2008,6,22
M_030_A_XV,0.0,2008,6,23
M_030_A_XV,0.0,2008,6,24
M_030_A_XV,0.0,2008,6,25
M_030_A_XV,0.0,2008,6,26
M_030_A_XV,0.0,2008,6,27
M_030_A_XV,0.0,2008,6,28
M_030_A_XV,0.0,2008,6,29
M_030_A_XV,0.0,2008,6,30
M_030_A_XV,0.0,2008,7,1
M_030_A_XV,0.0,2008,7,2
M_030_A_XV,0.0,2008,7,3
M_030_A_XV,0.0,2008,7,4
M_030_A_XV,0.0,2008,7,5
M_030_A_XV,0.0,2008,7,6
M_030_A_XV,0.0,2008,7,7
M_030_A_XV,0.0,2008,7,8
M_030_A_XV,0.0,2008,7,9
M_030_A_XV,0.0,2008,7,10
M_030_A_XV,0.0,2008,7,11
M_030_A_XV,0.0,2008,7,12
M_030_A_XV,0.0,2008,7,13
M_030_A_XV,0.0,2008,7,14
M_030_A_XV,0.0,2008,7,15
M_030_A_XV,0.0,2008,7,16
M_030_A_XV,0.0,2008,7,17
M_030_A_XV,0.0,2008,7,18
M_030_A_XV,0.0,2008,7,19
M_030_A_XV,0.0,2008,7,20
M_030_A_XV,0.0,2008,7,21
M_030_A_XV,0.0,2008,7,22
M_030_A_XV,0.0,2008,7,23
M_030_A_XV,0.0,2008,7,24
M_030_A_XV,0.0,2008,7,25
M_030_A_XV,0.0,2008,7,26
M_030_A_XV,0.0,2008,7,27
M_030_A_XV,0.0,2008,7,28
M_030_A_XV,0.0,2008,7,29
M_030_A_XV,0.0,2008,7,30
M_030_A_XV,0.0,2008,7,31
M_030_A_XV,0.0,2008,8,1
M_030_A_XV,0.0,2008,8,2
M_030_A_XV,0.0,2008,8,3
M_030_A_XV,0.0,2008,8,4
M_030_A_XV,0.0,2008,8,5
M_030_A_XV,0.0,2008,8,6
M_030_A_XV,4.0,2008,8,7
M_030_A_XV,4.0,2008,8,8
M_030_A_XV,0.0,2008,8,9
M_030_A_XV,0.0,2008,8,10
M_030_A_XV,0.0,2008,8,11
M_030_A_XV,0.0,2008,8,12
M_030_A_XV,0.0,2008,8,13
M_030_A_XV,0.0,2008,8,14
M_030_A_XV,0.0,2008,8,15
M_030_A_XV,0.0,2008,8,16
M_030_A_XV,0.0,2008,8,17
M_030_A_XV,0.0,2008,8,18
M_030_A_XV,0.0,2008,8,19
M_030_A_XV,0.0,2008,8,20
M_030_A_XV,0.0,2008,8,21
M_030_A_XV,0.0,2008,8,22
M_030_A_XV,0.0,2008,8,23
M_030_A_XV,0.0,2008,8,24
M_030_A_XV,0.0,2008,8,25
M_030_A_XV,0.0,2008,8,26
M_030_A_XV,0.0,2008,8,27
M_030_A_XV,0.0,2008,8,28
M_030_A_XV,0.0,2008,8,29
M_030_A_XV,0.0,2008,8,30
M_030_A_XV,0.0,2008,8,31
M_030_A_XV,0.0,2008,9,1
M_030_A_XV,0.0,2008,9,2
M_030_A_XV,0.0,2008,9,3
M_030_A_XV,0.0,2008,9,4
M_030_A_XV,0.0,2008,9,5
M_030_A_XV,0.0,2008,9,6
M_030_A_XV,0.0,2008,9,7
M_030_A_XV,0.0,2008,9,8
M_030_A_XV,0.0,2008,9,9
M_030_A_XV,0.0,2008,9,10
M_030_A_XV,0.0,2008,9,11
M_030_A_XV,0.0,2008,9,12
M_030_A_XV,0.0,2008,9,13
M_030_A_XV,0.0,2008,9,14
M_030_A_XV,0.0,2008,9,15
M_030_A_XV,0.0,2008,9,16
M_030_A_XV,0.0,2008,9,17
M_030_A_XV,0.0,2008,9,18
M_030_A_XV,0.0,2008,9,19
M_030_A_XV,0.0,2008,9,20
M_030_A_XV,0.0,2008,9,21
M_030_A_XV,0.0,2008,9,22
M_030_A_XV,0.0,2008,9,23
M_030_A_XV,0.0,2008,9,24
M_030_A_XV,0.0,2008,9,25
M_030_A_XV,0.0,2008,9,26
M_030_A_XV,0.0,2008,9,27
M_030_A_XV,0.0,2008,9,28
M_030_A_XV,0.0,2008,9,29
M_030_A_XV,0.0,2008,9,30
M_030_A_XV,0.0,2008,10,1
M_030_A_XV,0.0,2008,10,2
M_030_A_XV,0.0,2008,10,3
M_030_A_XV,0.0,2008,10,4
M_030_A_XV,0.0,2008,10,5
M_030_A_XV,0.0,2008,10,6
M_030_A_XV,0.0,2008,10,7
M_030_A_XV,0.0,2008,10,8
M_030_A_XV,0.0,2008,10,9
M_030_A_XV,0.0,2008,10,10
M_030_A_XV,0.0,2008,10,11
M_030_A_XV,0.0,2008,10,12
M_030_A_XV,0.0,2008,10,13
M_030_A_XV,0.0,2008,10,14
M_030_A_XV,0.0,2008,10,15
M_030_A_XV,0.0,2008,10,16
M_030_A_XV,0.0,2008,10,17
M_030_A_XV,0.0,2008,10,18
M_030_A_XV,0.0,2008,10,19
M_030_A_XV,0.0,2008,10,20
M_030_A_XV,0.0,2008,10,21
M_030_A_XV,0.0,2008,10,22
M_030_A_XV,0.0,2008,10,23
M_030_A_XV,0.0,2008,10,24
M_030_A_XV,0.0,2008,10,25
M_030_A_XV,0.0,2008,10,26
M_030_A_XV,0.0,2008,10,27
M_030_A_XV,0.0,2008,10,28
M_030_A_XV,0.0,2008,10,29
M_030_A_XV,0.0,2008,10,30
M_030_A_XV,0.0,2008,10,31
M_030_A_XV,0.0,2008,11,1
M_030_A_XV,0.0,2008,11,2
M_030_A_XV,0.0,2008,11,3
M_030_A_XV,0.0,2008,11,4
M_030_A_XV,0.0,2008,11,5
M_030_A_XV,0.0,2008,11,6
M_030_A_XV,0.0,2008,11,7
M_030_A_XV,0.0,2008,11,8
M_030_A_XV,0.0,2008,11,9
M_030_A_XV,0.0,2008,11,10
M_030_A_XV,0.0,2008,11,11
M_030_A_XV,0.0,2008,11,12
M_030_A_XV,0.0,2008,11,13
M_030_A_XV,0.0,2008,11,14
M_030_A_XV,0.0,2008,11,15
M_030_A_XV,0.0,2008,11,16
M_030_A_XV,0.0,2008,11,17
M_030_A_XV,0.0,2008,11,18
M_030_A_XV,0.0,2008,11,19
M_030_A_XV,0.0,2008,11,20
M_030_A_XV,0.0,2008,11,21
M_030_A_XV,0.0,2008,11,22
M_030_A_XV,0.0,2008,11,23
M_030_A_XV,0.0,2008,11,24
M_030_A_XV,0.0,2008,11,25
M_030_A_XV,0.0,2008,11,26
M_030_A_XV,0.0,2008,11,27
M_030_A_XV,0.0,2008,11,28
M_030_A_XV,0.0,2008,11,29
M_030_A_XV,0.0,2008,11,30
M_030_A_XV,0.0,2008,12,1
M_030_A_XV,0.0,2008,12,2
M_030_A_XV,0.0,2008,12,3
M_030_A_XV,0.0,2008,12,4
M_030_A_XV,0.0,2008,12,5
M_030_A_XV,0.0,2008,12,6
M_030_A_XV,0.0,2008,12,7
M_030_A_XV,0.0,2008,12,8
M_030_A_XV,2.0,2008,12,9
M_030_A_XV,0.0,2008,12,10
M_030_A_XV,0.0,2008,12,11
M_030_A_XV,0.0,2008,12,12
M_030_A_XV,0.0,2008,12,13
M_030_A_XV,0.0,2008,12,14
M_030_A_XV,0.0,2008,12,15
M_030_A_XV,0.0,2008,12,16
M_030_A_XV,0.0,2008,12,17
M_030_A_XV,0.0,2008,12,18
M_030_A_XV,0.0,2008,12,19
M_030_A_XV,0.0,2008,12,20
M_030_A_XV,0.0,2008,12,21
M_030_A_XV,0.0,2008,12,22
M_030_A_XV,0.0,2008,12,23
M_030_A_XV,0.0,2008,12,24
M_030_A_XV,0.0,2008,12,25
M_030_A_XV,0.0,2008,12,26
M_030_A_XV,2.0,2008,12,27
M_030_A_XV,0.0,2008,12,28
M_030_A_XV,4.0,2008,12,29
M_030_A_XV,8.0,2008,12,30
M_030_A_XV,8.0,2008,12,31
M_031_A_XV,11.588216066360474,1982,1,1
M_031_A_XV,16.418090283870697,1982,1,2
M_031_A_XV,13.149455547332764,1982,1,3
M_031_A_XV,14.93866491317749,1982,1,4
M_031_A_XV,8.93066143989563,1982,1,5
M_031_A_XV,3.405183807015419,1982,1,6
M_031_A_XV,0.2623815799597651,1982,1,7
M_031_A_XV,0.0,1982,1,8
M_031_A_XV,0.0345055419020354,1982,1,9
M_031_A_XV,11.174721032381058,1982,1,10
M_031_A_XV,7.446678519248962,1982,1,11
M_031_A_XV,0.2858208680991083,1982,1,12
M_031_A_XV,3.826215617358685,1982,1,13
M_031_A_XV,14.056256651878355,1982,1,14
M_031_A_XV,15.811965227127075,1982,1,15
M_031_A_XV,10.82737934589386,1982,1,16
M_031_A_XV,3.12578558921814,1982,1,17
M_031_A_XV,4.049860775470734,1982,1,18
M_031_A_XV,11.4283989071846,1982,1,19
M_031_A_XV,8.314979314804077,1982,1,20
M_031_A_XV,8.000670373439789,1982,1,21
M_031_A_XV,6.128830298781395,1982,1,22
M_031_A_XV,17.023258805274963,1982,1,23
M_031_A_XV,13.295220464468002,1982,1,24
M_031_A_XV,4.026729241013527,1982,1,25
M_031_A_XV,4.65038787573576,1982,1,26
M_031_A_XV,6.645893573760986,1982,1,27
M_031_A_XV,5.197627186775208,1982,1,28
M_031_A_XV,1.870744630694389,1982,1,29
M_031_A_XV,1.295897163450718,1982,1,30
M_031_A_XV,2.291221499443054,1982,1,31
M_031_A_XV,1.491914689540863,1982,2,1
M_031_A_XV,3.9961284399032593,1982,2,2
M_031_A_XV,12.103732705116272,1982,2,3
M_031_A_XV,12.089518189430237,1982,2,4
M_031_A_XV,8.285712540149689,1982,2,5
M_031_A_XV,4.713358640670776,1982,2,6
M_031_A_XV,4.353209909051657,1982,2,7
M_031_A_XV,3.44717388600111,1982,2,8
M_031_A_XV,3.940373852849007,1982,2,9
M_031_A_XV,3.02410290914122,1982,2,10
M_031_A_XV,1.190017876215279,1982,2,11
M_031_A_XV,2.602406620979309,1982,2,12
M_031_A_XV,0.4744084179401397,1982,2,13
M_031_A_XV,1.547612028196454,1982,2,14
M_031_A_XV,7.088221728801727,1982,2,15
M_031_A_XV,2.894332140684128,1982,2,16
M_031_A_XV,8.694609522819519,1982,2,17
M_031_A_XV,5.961934633553028,1982,2,18
M_031_A_XV,3.867147326469421,1982,2,19
M_031_A_XV,4.046677552163601,1982,2,20
M_031_A_XV,4.95850333571434,1982,2,21
M_031_A_XV,13.062981843948364,1982,2,22
M_031_A_XV,9.371490776538849,1982,2,23
M_031_A_XV,0.6819889508187771,1982,2,24
M_031_A_XV,0.1671342141926288,1982,2,25
M_031_A_XV,6.002553641796112,1982,2,26
M_031_A_XV,11.690207988023758,1982,2,27
M_031_A_XV,4.351721882820129,1982,2,28
M_031_A_XV,12.14290690422058,1982,3,1
M_031_A_XV,12.055662006139755,1982,3,2
M_031_A_XV,8.531496930867434,1982,3,3
M_031_A_XV,10.714719951152802,1982,3,4
M_031_A_XV,9.12806472182274,1982,3,5
M_031_A_XV,11.334584176540377,1982,3,6
M_031_A_XV,0.2011400116607546,1982,3,7
M_031_A_XV,0.0,1982,3,8
M_031_A_XV,0.3747940957546234,1982,3,9
M_031_A_XV,3.7986691296100616,1982,3,10
M_031_A_XV,12.97139723598957,1982,3,11
M_031_A_XV,5.416312664747238,1982,3,12
M_031_A_XV,7.386690825223923,1982,3,13
M_031_A_XV,8.767528355121613,1982,3,14
M_031_A_XV,7.556950271129608,1982,3,15
M_031_A_XV,3.817931205034256,1982,3,16
M_031_A_XV,0.02194719389081,1982,3,17
M_031_A_XV,4.686965178698301,1982,3,18
M_031_A_XV,7.854497447609901,1982,3,19
M_031_A_XV,6.040289908647537,1982,3,20
M_031_A_XV,9.315168023109436,1982,3,21
M_031_A_XV,6.398889914155006,1982,3,22
M_031_A_XV,4.533176496624947,1982,3,23
M_031_A_XV,3.051909409929067,1982,3,24
M_031_A_XV,4.3153146002441645,1982,3,25
M_031_A_XV,4.634935941547155,1982,3,26
M_031_A_XV,8.581886112689972,1982,3,27
M_031_A_XV,12.482556819915771,1982,3,28
M_031_A_XV,7.917133450508118,1982,3,29
M_031_A_XV,9.130326226353644,1982,3,30
M_031_A_XV,8.598826568573713,1982,3,31
M_031_A_XV,1.3329628109931946,1982,4,1
M_031_A_XV,0.8610624372959137,1982,4,2
M_031_A_XV,0.8139767646789551,1982,4,3
M_031_A_XV,2.2202009591273963,1982,4,4
M_031_A_XV,7.835757665336132,1982,4,5
M_031_A_XV,16.13238936662674,1982,4,6
M_031_A_XV,11.254065215587616,1982,4,7
M_031_A_XV,8.629562795162201,1982,4,8
M_031_A_XV,20.288233757019043,1982,4,9
M_031_A_XV,3.23743623495102,1982,4,10
M_031_A_XV,0.0096829086542129,1982,4,11
M_031_A_XV,0.0,1982,4,12
M_031_A_XV,0.0,1982,4,13
M_031_A_XV,0.0,1982,4,14
M_031_A_XV,0.0139976069331169,1982,4,15
M_031_A_XV,0.005320003721863,1982,4,16
M_031_A_XV,0.0,1982,4,17
M_031_A_XV,0.0,1982,4,18
M_031_A_XV,1.9781824015080929,1982,4,19
M_031_A_XV,2.076783541822806,1982,4,20
M_031_A_XV,1.394395351409912,1982,4,21
M_031_A_XV,1.1296322345733645,1982,4,22
M_031_A_XV,1.405052788555622,1982,4,23
M_031_A_XV,0.2221607277169823,1982,4,24
M_031_A_XV,0.2352002682164311,1982,4,25
M_031_A_XV,1.063709307461977,1982,4,26
M_031_A_XV,0.6123900413513184,1982,4,27
M_031_A_XV,0.015929592307657,1982,4,28
M_031_A_XV,1.7556726038455963,1982,4,29
M_031_A_XV,1.4391068890690804,1982,4,30
M_031_A_XV,0.0796479657292366,1982,5,1
M_031_A_XV,0.954635128378868,1982,5,2
M_031_A_XV,0.1955583656672388,1982,5,3
M_031_A_XV,0.0,1982,5,4
M_031_A_XV,0.0,1982,5,5
M_031_A_XV,0.001900170231238,1982,5,6
M_031_A_XV,0.0,1982,5,7
M_031_A_XV,0.0,1982,5,8
M_031_A_XV,0.0,1982,5,9
M_031_A_XV,0.0,1982,5,10
M_031_A_XV,0.0,1982,5,11
M_031_A_XV,0.0,1982,5,12
M_031_A_XV,0.0,1982,5,13
M_031_A_XV,0.0,1982,5,14
M_031_A_XV,0.0564349368214607,1982,5,15
M_031_A_XV,0.0,1982,5,16
M_031_A_XV,0.0,1982,5,17
M_031_A_XV,0.0,1982,5,18
M_031_A_XV,0.0,1982,5,19
M_031_A_XV,0.0,1982,5,20
M_031_A_XV,0.0,1982,5,21
M_031_A_XV,0.0,1982,5,22
M_031_A_XV,0.0,1982,5,23
M_031_A_XV,0.0,1982,5,24
M_031_A_XV,0.0,1982,5,25
M_031_A_XV,0.0,1982,5,26
M_031_A_XV,0.0,1982,5,27
M_031_A_XV,0.0,1982,5,28
M_031_A_XV,0.0,1982,5,29
M_031_A_XV,0.0,1982,5,30
M_031_A_XV,0.0,1982,5,31
M_031_A_XV,0.0,1982,6,1
M_031_A_XV,0.0,1982,6,2
M_031_A_XV,0.0,1982,6,3
M_031_A_XV,0.0,1982,6,4
M_031_A_XV,0.0,1982,6,5
M_031_A_XV,0.0,1982,6,6
M_031_A_XV,0.0,1982,6,7
M_031_A_XV,0.0,1982,6,8
M_031_A_XV,0.0,1982,6,9
M_031_A_XV,0.0,1982,6,10
M_031_A_XV,0.0,1982,6,11
M_031_A_XV,0.0,1982,6,12
M_031_A_XV,0.0,1982,6,13
M_031_A_XV,0.0,1982,6,14
M_031_A_XV,0.0,1982,6,15
M_031_A_XV,0.0,1982,6,16
M_031_A_XV,0.0,1982,6,17
M_031_A_XV,0.0190017037093639,1982,6,18
M_031_A_XV,0.0,1982,6,19
M_031_A_XV,0.0,1982,6,20
M_031_A_XV,0.0,1982,6,21
M_031_A_XV,0.0,1982,6,22
M_031_A_XV,0.0,1982,6,23
M_031_A_XV,0.0,1982,6,24
M_031_A_XV,0.0,1982,6,25
M_031_A_XV,0.0,1982,6,26
M_031_A_XV,0.0,1982,6,27
M_031_A_XV,0.0,1982,6,28
M_031_A_XV,0.0,1982,6,29
M_031_A_XV,0.0,1982,6,30
M_031_A_XV,0.0,1982,7,1
M_031_A_XV,0.0,1982,7,2
M_031_A_XV,0.0146311931312084,1982,7,3
M_031_A_XV,0.9043684899806976,1982,7,4
M_031_A_XV,0.8059649462811649,1982,7,5
M_031_A_XV,0.0171015337109565,1982,7,6
M_031_A_XV,0.0,1982,7,7
M_031_A_XV,0.0,1982,7,8
M_031_A_XV,0.0,1982,7,9
M_031_A_XV,0.0,1982,7,10
M_031_A_XV,0.0,1982,7,11
M_031_A_XV,0.0,1982,7,12
M_031_A_XV,0.0,1982,7,13
M_031_A_XV,0.0,1982,7,14
M_031_A_XV,0.0,1982,7,15
M_031_A_XV,0.0,1982,7,16
M_031_A_XV,0.0,1982,7,17
M_031_A_XV,0.0,1982,7,18
M_031_A_XV,0.0,1982,7,19
M_031_A_XV,0.0,1982,7,20
M_031_A_XV,0.0,1982,7,21
M_031_A_XV,0.0,1982,7,22
M_031_A_XV,0.0,1982,7,23
M_031_A_XV,0.0,1982,7,24
M_031_A_XV,0.0,1982,7,25
M_031_A_XV,0.0,1982,7,26
M_031_A_XV,0.0058825686573982,1982,7,27
M_031_A_XV,0.0,1982,7,28
M_031_A_XV,0.0,1982,7,29
M_031_A_XV,0.0,1982,7,30
M_031_A_XV,0.0,1982,7,31
M_031_A_XV,0.5484328866004944,1982,8,1
M_031_A_XV,0.880564734339714,1982,8,2
M_031_A_XV,0.0,1982,8,3
M_031_A_XV,0.0,1982,8,4
M_031_A_XV,0.0,1982,8,5
M_031_A_XV,0.4650694131851196,1982,8,6
M_031_A_XV,0.0153834205120801,1982,8,7
M_031_A_XV,0.0,1982,8,8
M_031_A_XV,0.0,1982,8,9
M_031_A_XV,0.001900170231238,1982,8,10
M_031_A_XV,0.0,1982,8,11
M_031_A_XV,0.0911273993551731,1982,8,12
M_031_A_XV,0.3083399049937725,1982,8,13
M_031_A_XV,0.4767634607851505,1982,8,14
M_031_A_XV,3.3830666542053223,1982,8,15
M_031_A_XV,1.6192750558257103,1982,8,16
M_031_A_XV,0.4540792629122734,1982,8,17
M_031_A_XV,0.0456040874123573,1982,8,18
M_031_A_XV,0.1149433702230453,1982,8,19
M_031_A_XV,0.0836074959952384,1982,8,20
M_031_A_XV,0.0190017037093639,1982,8,21
M_031_A_XV,0.1194719523191452,1982,8,22
M_031_A_XV,0.0,1982,8,23
M_031_A_XV,0.0,1982,8,24
M_031_A_XV,0.0,1982,8,25
M_031_A_XV,0.0,1982,8,26
M_031_A_XV,0.0,1982,8,27
M_031_A_XV,0.0,1982,8,28
M_031_A_XV,0.0,1982,8,29
M_031_A_XV,0.8279697373509407,1982,8,30
M_031_A_XV,1.141529906541109,1982,8,31
M_031_A_XV,1.8694685101509088,1982,9,1
M_031_A_XV,0.6460821367800236,1982,9,2
M_031_A_XV,1.3764179181307554,1982,9,3
M_031_A_XV,1.830866239964962,1982,9,4
M_031_A_XV,3.4683291018009186,1982,9,5
M_031_A_XV,4.243431709706783,1982,9,6
M_031_A_XV,2.3680328726768494,1982,9,7
M_031_A_XV,1.371993713080883,1982,9,8
M_031_A_XV,0.3230289369821548,1982,9,9
M_031_A_XV,0.0,1982,9,10
M_031_A_XV,0.0,1982,9,11
M_031_A_XV,0.0,1982,9,12
M_031_A_XV,0.0,1982,9,13
M_031_A_XV,0.0,1982,9,14
M_031_A_XV,0.0,1982,9,15
M_031_A_XV,0.0072125694714486,1982,9,16
M_031_A_XV,0.0,1982,9,17
M_031_A_XV,0.3076684176921844,1982,9,18
M_031_A_XV,0.0190017037093639,1982,9,19
M_031_A_XV,0.0932260155677795,1982,9,20
M_031_A_XV,3.869028687477112,1982,9,21
M_031_A_XV,11.332669913768768,1982,9,22
M_031_A_XV,10.354399740695952,1982,9,23
M_031_A_XV,7.706061482429504,1982,9,24
M_031_A_XV,17.905484795570374,1982,9,25
M_031_A_XV,4.14803683757782,1982,9,26
M_031_A_XV,0.0,1982,9,27
M_031_A_XV,0.383675217628479,1982,9,28
M_031_A_XV,2.7047237902879715,1982,9,29
M_031_A_XV,3.634572863578797,1982,9,30
M_031_A_XV,0.0190017037093639,1982,10,1
M_031_A_XV,0.0,1982,10,2
M_031_A_XV,0.0,1982,10,3
M_031_A_XV,0.0,1982,10,4
M_031_A_XV,0.626805305480957,1982,10,5
M_031_A_XV,1.489468190819025,1982,10,6
M_031_A_XV,0.0,1982,10,7
M_031_A_XV,0.0,1982,10,8
M_031_A_XV,1.7829108946025372,1982,10,9
M_031_A_XV,1.5229574255645275,1982,10,10
M_031_A_XV,0.2033182270824909,1982,10,11
M_031_A_XV,0.0,1982,10,12
M_031_A_XV,2.655004296451807,1982,10,13
M_031_A_XV,0.5154496878385544,1982,10,14
M_031_A_XV,4.329928807914257,1982,10,15
M_031_A_XV,5.17936122789979,1982,10,16
M_031_A_XV,0.66655233502388,1982,10,17
M_031_A_XV,3.627158366143704,1982,10,18
M_031_A_XV,4.168261229991913,1982,10,19
M_031_A_XV,3.554416060447693,1982,10,20
M_031_A_XV,2.019870914518833,1982,10,21
M_031_A_XV,0.1753618419170379,1982,10,22
M_031_A_XV,0.3683146834373474,1982,10,23
M_031_A_XV,8.401468709111214,1982,10,24
M_031_A_XV,6.065180957317352,1982,10,25
M_031_A_XV,1.3889477364718914,1982,10,26
M_031_A_XV,1.976168520748616,1982,10,27
M_031_A_XV,1.5285336822271347,1982,10,28
M_031_A_XV,4.6795966029167175,1982,10,29
M_031_A_XV,0.2211900763213634,1982,10,30
M_031_A_XV,0.0,1982,10,31
M_031_A_XV,7.057467609643936,1982,11,1
M_031_A_XV,6.169452503323555,1982,11,2
M_031_A_XV,3.221810042858124,1982,11,3
M_031_A_XV,0.9261292638257146,1982,11,4
M_031_A_XV,0.0,1982,11,5
M_031_A_XV,0.0114010218530893,1982,11,6
M_031_A_XV,0.0779034346342086,1982,11,7
M_031_A_XV,2.026274591684341,1982,11,8
M_031_A_XV,9.936432540416718,1982,11,9
M_031_A_XV,2.0408736541867256,1982,11,10
M_031_A_XV,0.1570811569690704,1982,11,11
M_031_A_XV,2.890489995479584,1982,11,12
M_031_A_XV,4.112675964832306,1982,11,13
M_031_A_XV,4.280018508434296,1982,11,14
M_031_A_XV,3.979321792721749,1982,11,15
M_031_A_XV,8.10869386792183,1982,11,16
M_031_A_XV,4.099293407052755,1982,11,17
M_031_A_XV,1.8264047876000404,1982,11,18
M_031_A_XV,1.822522789239884,1982,11,19
M_031_A_XV,11.331987142562866,1982,11,20
M_031_A_XV,8.541426107287407,1982,11,21
M_031_A_XV,0.996000088751316,1982,11,22
M_031_A_XV,1.7431161031126976,1982,11,23
M_031_A_XV,0.0716363042593002,1982,11,24
M_031_A_XV,0.0552945996169,1982,11,25
M_031_A_XV,0.0188108573202043,1982,11,26
M_031_A_XV,0.0,1982,11,27
M_031_A_XV,0.0988017618656158,1982,11,28
M_031_A_XV,4.4651791751384735,1982,11,29
M_031_A_XV,6.551906976848841,1982,11,30
M_031_A_XV,3.0522837629541755,1982,12,1
M_031_A_XV,3.695955157279968,1982,12,2
M_031_A_XV,2.317589062731713,1982,12,3
M_031_A_XV,6.6570740938186646,1982,12,4
M_031_A_XV,10.320446014404297,1982,12,5
M_031_A_XV,5.4385527819395065,1982,12,6
M_031_A_XV,0.4048363380134105,1982,12,7
M_031_A_XV,2.935065988684073,1982,12,8
M_031_A_XV,6.888313174247742,1982,12,9
M_031_A_XV,0.243347137235105,1982,12,10
M_031_A_XV,0.3767002802342176,1982,12,11
M_031_A_XV,0.0,1982,12,12
M_031_A_XV,0.0,1982,12,13
M_031_A_XV,0.0,1982,12,14
M_031_A_XV,0.8743733763694763,1982,12,15
M_031_A_XV,0.0,1982,12,16
M_031_A_XV,0.424055814743042,1982,12,17
M_031_A_XV,5.283451080322266,1982,12,18
M_031_A_XV,4.079487659037113,1982,12,19
M_031_A_XV,3.6420416235923767,1982,12,20
M_031_A_XV,7.369244337081909,1982,12,21
M_031_A_XV,1.4967011623084543,1982,12,22
M_031_A_XV,0.2603221386671066,1982,12,23
M_031_A_XV,4.249631021171808,1982,12,24
M_031_A_XV,12.037473917007446,1982,12,25
M_031_A_XV,0.3339524269104004,1982,12,26
M_031_A_XV,0.0190017037093639,1982,12,27
M_031_A_XV,0.0119471941143274,1982,12,28
M_031_A_XV,0.0588256865739822,1982,12,29
M_031_A_XV,0.3589729946106672,1982,12,30
M_031_A_XV,2.121240556240082,1982,12,31
M_031_A_XV,4.641749441623688,1983,1,1
M_031_A_XV,5.011721163988113,1983,1,2
M_031_A_XV,1.425996370613575,1983,1,3
M_031_A_XV,5.96676680771634,1983,1,4
M_031_A_XV,6.2267224583774805,1983,1,5
M_031_A_XV,2.872741639614105,1983,1,6
M_031_A_XV,11.058183431625366,1983,1,7
M_031_A_XV,8.821584582328796,1983,1,8
M_031_A_XV,12.993216514587402,1983,1,9
M_031_A_XV,1.7719514071941376,1983,1,10
M_031_A_XV,2.878124803304672,1983,1,11
M_031_A_XV,3.1126997992396355,1983,1,12
M_031_A_XV,6.355395242571831,1983,1,13
M_031_A_XV,7.046993225812912,1983,1,14
M_031_A_XV,9.76561328023672,1983,1,15
M_031_A_XV,8.390321850776672,1983,1,16
M_031_A_XV,3.7775457948446274,1983,1,17
M_031_A_XV,0.0456040885765105,1983,1,18
M_031_A_XV,0.003230171278119,1983,1,19
M_031_A_XV,1.0019333362579346,1983,1,20
M_031_A_XV,3.6397425085306168,1983,1,21
M_031_A_XV,6.340037226676941,1983,1,22
M_031_A_XV,4.335354506969452,1983,1,23
M_031_A_XV,0.6685632597655058,1983,1,24
M_031_A_XV,1.561364147812128,1983,1,25
M_031_A_XV,2.6732217371463776,1983,1,26
M_031_A_XV,4.3217271864414215,1983,1,27
M_031_A_XV,0.0039823981933295,1983,1,28
M_031_A_XV,0.0,1983,1,29
M_031_A_XV,0.0,1983,1,30
M_031_A_XV,4.684206008911133,1983,1,31
M_031_A_XV,14.075210571289062,1983,2,1
M_031_A_XV,4.002808406949043,1983,2,2
M_031_A_XV,12.59651343524456,1983,2,3
M_031_A_XV,15.697342872619627,1983,2,4
M_031_A_XV,19.38701617717743,1983,2,5
M_031_A_XV,5.28734678030014,1983,2,6
M_031_A_XV,2.692634105682373,1983,2,7
M_031_A_XV,14.894035279750824,1983,2,8
M_031_A_XV,23.12717217206955,1983,2,9
M_031_A_XV,11.667087361216543,1983,2,10
M_031_A_XV,13.29274845123291,1983,2,11
M_031_A_XV,1.7820278406143188,1983,2,12
M_031_A_XV,1.2809373810887337,1983,2,13
M_031_A_XV,0.0,1983,2,14
M_031_A_XV,0.0,1983,2,15
M_031_A_XV,5.647355079650879,1983,2,16
M_031_A_XV,10.057101964950562,1983,2,17
M_031_A_XV,10.54840150475502,1983,2,18
M_031_A_XV,14.499401807785034,1983,2,19
M_031_A_XV,0.4586558192968368,1983,2,20
M_031_A_XV,1.4796587973833084,1983,2,21
M_031_A_XV,2.215139538049698,1983,2,22
M_031_A_XV,2.0849307626485825,1983,2,23
M_031_A_XV,0.4163948744535446,1983,2,24
M_031_A_XV,0.3073879927396774,1983,2,25
M_031_A_XV,0.4845385998487472,1983,2,26
M_031_A_XV,1.529361128807068,1983,2,27
M_031_A_XV,5.194666773080826,1983,2,28
M_031_A_XV,6.605636477470398,1983,3,1
M_031_A_XV,1.6792322263354436,1983,3,2
M_031_A_XV,0.0323017127811908,1983,3,3
M_031_A_XV,0.0589017309248447,1983,3,4
M_031_A_XV,0.0,1983,3,5
M_031_A_XV,3.791912905871868,1983,3,6
M_031_A_XV,1.0548314661718905,1983,3,7
M_031_A_XV,0.3854987621307373,1983,3,8
M_031_A_XV,0.117072083055973,1983,3,9
M_031_A_XV,0.0,1983,3,10
M_031_A_XV,0.1655993461608886,1983,3,11
M_031_A_XV,1.0632017627358437,1983,3,12
M_031_A_XV,1.0066087245941162,1983,3,13
M_031_A_XV,2.3166748988442123,1983,3,14
M_031_A_XV,8.32351279631257,1983,3,15
M_031_A_XV,14.645951300859451,1983,3,16
M_031_A_XV,8.153777360916138,1983,3,17
M_031_A_XV,0.0,1983,3,18
M_031_A_XV,0.0,1983,3,19
M_031_A_XV,1.6139677613973618,1983,3,20
M_031_A_XV,0.735966682434082,1983,3,21
M_031_A_XV,0.5955391675233841,1983,3,22
M_031_A_XV,0.0,1983,3,23
M_031_A_XV,0.0,1983,3,24
M_031_A_XV,0.0013300009304657,1983,3,25
M_031_A_XV,0.7026994824409485,1983,3,26
M_031_A_XV,1.6032884418964386,1983,3,27
M_031_A_XV,5.226609766483307,1983,3,28
M_031_A_XV,0.0,1983,3,29
M_031_A_XV,1.0310908555984497,1983,3,30
M_031_A_XV,3.600017726421356,1983,3,31
M_031_A_XV,6.415469501167536,1983,4,1
M_031_A_XV,12.765665531158447,1983,4,2
M_031_A_XV,7.418316900730133,1983,4,3
M_031_A_XV,6.482878968119621,1983,4,4
M_031_A_XV,12.537815630435944,1983,4,5
M_031_A_XV,4.048323795199394,1983,4,6
M_031_A_XV,2.0034713951172307,1983,4,7
M_031_A_XV,3.4155819374136627,1983,4,8
M_031_A_XV,2.962681502103805,1983,4,9
M_031_A_XV,1.504354868317023,1983,4,10
M_031_A_XV,0.0243146978318691,1983,4,11
M_031_A_XV,0.158265583217144,1983,4,12
M_031_A_XV,0.0058825684245675,1983,4,13
M_031_A_XV,0.1954787671566009,1983,4,14
M_031_A_XV,0.0456017218530178,1983,4,15
M_031_A_XV,0.0119471941143274,1983,4,16
M_031_A_XV,0.0438063810579478,1983,4,17
M_031_A_XV,2.7974160369485617,1983,4,18
M_031_A_XV,7.630029678344727,1983,4,19
M_031_A_XV,0.8287020623683929,1983,4,20
M_031_A_XV,0.9567075669765472,1983,4,21
M_031_A_XV,0.8745799250900745,1983,4,22
M_031_A_XV,0.0,1983,4,23
M_031_A_XV,0.0,1983,4,24
M_031_A_XV,0.0,1983,4,25
M_031_A_XV,0.0,1983,4,26
M_031_A_XV,0.0,1983,4,27
M_031_A_XV,0.0,1983,4,28
M_031_A_XV,0.0,1983,4,29
M_031_A_XV,0.0,1983,4,30
M_031_A_XV,1.2454884052276611,1983,5,1
M_031_A_XV,3.2006450593471527,1983,5,2
M_031_A_XV,4.19925731420517,1983,5,3
M_031_A_XV,0.0,1983,5,4
M_031_A_XV,0.0138473641127347,1983,5,5
M_031_A_XV,0.0,1983,5,6
M_031_A_XV,0.0,1983,5,7
M_031_A_XV,0.0,1983,5,8
M_031_A_XV,0.0,1983,5,9
M_031_A_XV,0.211567535996437,1983,5,10
M_031_A_XV,0.0,1983,5,11
M_031_A_XV,0.0,1983,5,12
M_031_A_XV,0.1520136259496212,1983,5,13
M_031_A_XV,0.0,1983,5,14
M_031_A_XV,0.0,1983,5,15
M_031_A_XV,0.0,1983,5,16
M_031_A_XV,0.0,1983,5,17
M_031_A_XV,0.0,1983,5,18
M_031_A_XV,0.0,1983,5,19
M_031_A_XV,0.0,1983,5,20
M_031_A_XV,0.0,1983,5,21
M_031_A_XV,0.0,1983,5,22
M_031_A_XV,0.0,1983,5,23
M_031_A_XV,0.0,1983,5,24
M_031_A_XV,0.0,1983,5,25
M_031_A_XV,0.0,1983,5,26
M_031_A_XV,0.0,1983,5,27
M_031_A_XV,0.0,1983,5,28
M_031_A_XV,0.0,1983,5,29
M_031_A_XV,0.0,1983,5,30
M_031_A_XV,0.0,1983,5,31
M_031_A_XV,0.0,1983,6,1
M_031_A_XV,0.0,1983,6,2
M_031_A_XV,0.0,1983,6,3
M_031_A_XV,0.0,1983,6,4
M_031_A_XV,0.0,1983,6,5
M_031_A_XV,0.0,1983,6,6
M_031_A_XV,0.0,1983,6,7
M_031_A_XV,0.0,1983,6,8
M_031_A_XV,0.0,1983,6,9
M_031_A_XV,0.0,1983,6,10
M_031_A_XV,0.5002225637435913,1983,6,11
M_031_A_XV,0.0,1983,6,12
M_031_A_XV,0.0,1983,6,13
M_031_A_XV,0.0,1983,6,14
M_031_A_XV,0.0,1983,6,15
M_031_A_XV,0.0,1983,6,16
M_031_A_XV,0.0,1983,6,17
M_031_A_XV,0.0,1983,6,18
M_031_A_XV,0.0,1983,6,19
M_031_A_XV,0.0,1983,6,20
M_031_A_XV,0.0,1983,6,21
M_031_A_XV,0.0,1983,6,22
M_031_A_XV,0.0,1983,6,23
M_031_A_XV,0.0,1983,6,24
M_031_A_XV,0.0,1983,6,25
M_031_A_XV,0.0,1983,6,26
M_031_A_XV,0.0,1983,6,27
M_031_A_XV,0.0,1983,6,28
M_031_A_XV,0.0,1983,6,29
M_031_A_XV,0.0,1983,6,30
M_031_A_XV,0.0288502778857946,1983,7,1
M_031_A_XV,0.0,1983,7,2
M_031_A_XV,0.0,1983,7,3
M_031_A_XV,0.0,1983,7,4
M_031_A_XV,0.0,1983,7,5
M_031_A_XV,0.0,1983,7,6
M_031_A_XV,0.0,1983,7,7
M_031_A_XV,0.0,1983,7,8
M_031_A_XV,0.0,1983,7,9
M_031_A_XV,0.0,1983,7,10
M_031_A_XV,0.0,1983,7,11
M_031_A_XV,0.0,1983,7,12
M_031_A_XV,0.0,1983,7,13
M_031_A_XV,0.0,1983,7,14
M_031_A_XV,0.0,1983,7,15
M_031_A_XV,0.0,1983,7,16
M_031_A_XV,0.0,1983,7,17
M_031_A_XV,0.0,1983,7,18
M_031_A_XV,0.0,1983,7,19
M_031_A_XV,0.0,1983,7,20
M_031_A_XV,0.0,1983,7,21
M_031_A_XV,0.0,1983,7,22
M_031_A_XV,0.0,1983,7,23
M_031_A_XV,0.0,1983,7,24
M_031_A_XV,0.0228020437061786,1983,7,25
M_031_A_XV,0.2312178793363273,1983,7,26
M_031_A_XV,0.0,1983,7,27
M_031_A_XV,0.0,1983,7,28
M_031_A_XV,0.0,1983,7,29
M_031_A_XV,0.0247022146359086,1983,7,30
M_031_A_XV,0.0,1983,7,31
M_031_A_XV,0.0,1983,8,1
M_031_A_XV,0.0,1983,8,2
M_031_A_XV,0.0,1983,8,3
M_031_A_XV,0.0,1983,8,4
M_031_A_XV,0.0,1983,8,5
M_031_A_XV,0.0,1983,8,6
M_031_A_XV,0.0,1983,8,7
M_031_A_XV,0.0,1983,8,8
M_031_A_XV,0.0096829086542129,1983,8,9
M_031_A_XV,0.0,1983,8,10
M_031_A_XV,0.0,1983,8,11
M_031_A_XV,0.0,1983,8,12
M_031_A_XV,0.0,1983,8,13
M_031_A_XV,0.0796479657292366,1983,8,14
M_031_A_XV,0.8118401765823364,1983,8,15
M_031_A_XV,0.087248645722866,1983,8,16
M_031_A_XV,0.001900170231238,1983,8,17
M_031_A_XV,0.0,1983,8,18
M_031_A_XV,0.0,1983,8,19
M_031_A_XV,0.0,1983,8,20
M_031_A_XV,0.0,1983,8,21
M_031_A_XV,0.0,1983,8,22
M_031_A_XV,0.0,1983,8,23
M_031_A_XV,0.0,1983,8,24
M_031_A_XV,0.0,1983,8,25
M_031_A_XV,0.8895422550849617,1983,8,26
M_031_A_XV,3.82451856136322,1983,8,27
M_031_A_XV,4.137412209063768,1983,8,28
M_031_A_XV,2.1378558352589607,1983,8,29
M_031_A_XV,0.9613610478118062,1983,8,30
M_031_A_XV,0.0190017037093639,1983,8,31
M_031_A_XV,0.0209018739406019,1983,9,1
M_031_A_XV,0.0,1983,9,2
M_031_A_XV,0.0,1983,9,3
M_031_A_XV,0.0209018739406019,1983,9,4
M_031_A_XV,0.001900170231238,1983,9,5
M_031_A_XV,0.0,1983,9,6
M_031_A_XV,0.0,1983,9,7
M_031_A_XV,0.0,1983,9,8
M_031_A_XV,0.3531097809318453,1983,9,9
M_031_A_XV,6.635832667350769,1983,9,10
M_031_A_XV,7.368750602006912,1983,9,11
M_031_A_XV,0.0,1983,9,12
M_031_A_XV,0.0,1983,9,13
M_031_A_XV,0.0,1983,9,14
M_031_A_XV,0.0,1983,9,15
M_031_A_XV,0.0,1983,9,16
M_031_A_XV,0.0,1983,9,17
M_031_A_XV,0.0,1983,9,18
M_031_A_XV,0.0,1983,9,19
M_031_A_XV,0.0,1983,9,20
M_031_A_XV,0.0950085148215293,1983,9,21
M_031_A_XV,0.4333074362948537,1983,9,22
M_031_A_XV,0.4805043116211891,1983,9,23
M_031_A_XV,0.2014180570840835,1983,9,24
M_031_A_XV,0.0570051111280918,1983,9,25
M_031_A_XV,0.1140102222561836,1983,9,26
M_031_A_XV,1.0476772608235478,1983,9,27
M_031_A_XV,0.2298410162329673,1983,9,28
M_031_A_XV,0.2108393013477325,1983,9,29
M_031_A_XV,0.1975381234660744,1983,9,30
M_031_A_XV,0.2480348944664001,1983,10,1
M_031_A_XV,1.4518542885780334,1983,10,2
M_031_A_XV,2.608188346028328,1983,10,3
M_031_A_XV,3.315376058220864,1983,10,4
M_031_A_XV,5.500857055187225,1983,10,5
M_031_A_XV,3.612212404608728,1983,10,6
M_031_A_XV,0.0252700168639421,1983,10,7
M_031_A_XV,0.0,1983,10,8
M_031_A_XV,0.715197741985321,1983,10,9
M_031_A_XV,5.030701024457812,1983,10,10
M_031_A_XV,3.301520630717277,1983,10,11
M_031_A_XV,0.0380034074187278,1983,10,12
M_031_A_XV,0.0209018739406019,1983,10,13
M_031_A_XV,0.0,1983,10,14
M_031_A_XV,0.3120453953742981,1983,10,15
M_031_A_XV,0.0780094454530626,1983,10,16
M_031_A_XV,0.0,1983,10,17
M_031_A_XV,0.0,1983,10,18
M_031_A_XV,0.0,1983,10,19
M_031_A_XV,0.0,1983,10,20
M_031_A_XV,0.0,1983,10,21
M_031_A_XV,0.0,1983,10,22
M_031_A_XV,0.0,1983,10,23
M_031_A_XV,0.0057005109265446,1983,10,24
M_031_A_XV,0.0190017037093639,1983,10,25
M_031_A_XV,0.0,1983,10,26
M_031_A_XV,0.7369934171438217,1983,10,27
M_031_A_XV,0.0837895423173904,1983,10,28
M_031_A_XV,0.3857345776632428,1983,10,29
M_031_A_XV,0.0,1983,10,30
M_031_A_XV,0.0,1983,10,31
M_031_A_XV,0.0,1983,11,1
M_031_A_XV,0.0,1983,11,2
M_031_A_XV,0.0,1983,11,3
M_031_A_XV,0.0,1983,11,4
M_031_A_XV,0.0,1983,11,5
M_031_A_XV,0.0,1983,11,6
M_031_A_XV,0.0,1983,11,7
M_031_A_XV,0.0,1983,11,8
M_031_A_XV,0.0,1983,11,9
M_031_A_XV,0.0,1983,11,10
M_031_A_XV,0.0,1983,11,11
M_031_A_XV,0.0,1983,11,12
M_031_A_XV,0.0,1983,11,13
M_031_A_XV,0.0,1983,11,14
M_031_A_XV,0.0,1983,11,15
M_031_A_XV,0.0,1983,11,16
M_031_A_XV,0.0377417542040348,1983,11,17
M_031_A_XV,1.2114678397774696,1983,11,18
M_031_A_XV,0.0570051111280918,1983,11,19
M_031_A_XV,0.0,1983,11,20
M_031_A_XV,0.0,1983,11,21
M_031_A_XV,0.0,1983,11,22
M_031_A_XV,0.0,1983,11,23
M_031_A_XV,0.0,1983,11,24
M_031_A_XV,5.883115470409393,1983,11,25
M_031_A_XV,9.37515926361084,1983,11,26
M_031_A_XV,4.6628342270851135,1983,11,27
M_031_A_XV,0.0,1983,11,28
M_031_A_XV,1.6062705740332603,1983,11,29
M_031_A_XV,1.2323815564159304,1983,11,30
M_031_A_XV,6.212617620825768,1983,12,1
M_031_A_XV,8.244224160909653,1983,12,2
M_031_A_XV,11.620726466178894,1983,12,3
M_031_A_XV,11.36956250667572,1983,12,4
M_031_A_XV,1.0693713016808033,1983,12,5
M_031_A_XV,0.0,1983,12,6
M_031_A_XV,0.0,1983,12,7
M_031_A_XV,0.0098725710995495,1983,12,8
M_031_A_XV,1.33129221200943,1983,12,9
M_031_A_XV,0.190126933157444,1983,12,10
M_031_A_XV,1.1046854555606842,1983,12,11
M_031_A_XV,9.716629028320312,1983,12,12
M_031_A_XV,10.329648852348328,1983,12,13
M_031_A_XV,9.473622798919678,1983,12,14
M_031_A_XV,3.468845792114734,1983,12,15
M_031_A_XV,7.565465793013573,1983,12,16
M_031_A_XV,5.897670924663544,1983,12,17
M_031_A_XV,8.815659999847412,1983,12,18
M_031_A_XV,0.2863543392159045,1983,12,19
M_031_A_XV,2.4157151023391634,1983,12,20
M_031_A_XV,2.131230168044567,1983,12,21
M_031_A_XV,12.2700754404068,1983,12,22
M_031_A_XV,4.832778610289097,1983,12,23
M_031_A_XV,8.786347031593323,1983,12,24
M_031_A_XV,13.869519978761671,1983,12,25
M_031_A_XV,10.31317337602377,1983,12,26
M_031_A_XV,5.422683984041214,1983,12,27
M_031_A_XV,7.328624550253153,1983,12,28
M_031_A_XV,1.980845183134079,1983,12,29
M_031_A_XV,4.5531831830739975,1983,12,30
M_031_A_XV,11.842070579528809,1983,12,31
M_031_A_XV,7.953804299235344,1984,1,1
M_031_A_XV,15.404552072286606,1984,1,2
M_031_A_XV,10.313648611307144,1984,1,3
M_031_A_XV,5.764555603265762,1984,1,4
M_031_A_XV,13.100861251354218,1984,1,5
M_031_A_XV,15.88586276769638,1984,1,6
M_031_A_XV,10.565819501876833,1984,1,7
M_031_A_XV,4.654963865876198,1984,1,8
M_031_A_XV,9.80473878979683,1984,1,9
M_031_A_XV,2.550556391011924,1984,1,10
M_031_A_XV,3.633531779050827,1984,1,11
M_031_A_XV,9.481710851192474,1984,1,12
M_031_A_XV,8.17705500125885,1984,1,13
M_031_A_XV,3.948404937982559,1984,1,14
M_031_A_XV,7.986643776297569,1984,1,15
M_031_A_XV,6.283896505832672,1984,1,16
M_031_A_XV,6.6501840353012085,1984,1,17
M_031_A_XV,2.6242301799356937,1984,1,18
M_031_A_XV,14.903818130493164,1984,1,19
M_031_A_XV,16.64581537246704,1984,1,20
M_031_A_XV,9.512541949748991,1984,1,21
M_031_A_XV,4.376769788563252,1984,1,22
M_031_A_XV,1.6751657351851463,1984,1,23
M_031_A_XV,4.729983571451157,1984,1,24
M_031_A_XV,4.636388972401619,1984,1,25
M_031_A_XV,5.329085677862167,1984,1,26
M_031_A_XV,13.840511739253998,1984,1,27
M_031_A_XV,7.107762098312378,1984,1,28
M_031_A_XV,7.976649880409241,1984,1,29
M_031_A_XV,11.723016381263731,1984,1,30
M_031_A_XV,6.800536632537842,1984,1,31
M_031_A_XV,6.891723215579987,1984,2,1
M_031_A_XV,8.913750320672989,1984,2,2
M_031_A_XV,11.731198940426111,1984,2,3
M_031_A_XV,11.520748138427734,1984,2,4
M_031_A_XV,6.424367088824511,1984,2,5
M_031_A_XV,14.094295355957,1984,2,6
M_031_A_XV,8.479955822229385,1984,2,7
M_031_A_XV,7.353899809997529,1984,2,8
M_031_A_XV,3.837421298027039,1984,2,9
M_031_A_XV,12.929380059242249,1984,2,10
M_031_A_XV,8.654176764190197,1984,2,11
M_031_A_XV,12.444517336785792,1984,2,12
M_031_A_XV,10.78891770541668,1984,2,13
M_031_A_XV,25.419643998146057,1984,2,14
M_031_A_XV,9.096981082111595,1984,2,15
M_031_A_XV,5.271392777562141,1984,2,16
M_031_A_XV,4.5202420353889465,1984,2,17
M_031_A_XV,9.955913305282593,1984,2,18
M_031_A_XV,20.216217443346977,1984,2,19
M_031_A_XV,20.71717870235443,1984,2,20
M_031_A_XV,17.79332607984543,1984,2,21
M_031_A_XV,19.68172368407249,1984,2,22
M_031_A_XV,12.996192332357168,1984,2,23
M_031_A_XV,16.9865665435791,1984,2,24
M_031_A_XV,17.473596930503845,1984,2,25
M_031_A_XV,9.303593814373016,1984,2,26
M_031_A_XV,3.121715046465397,1984,2,27
M_031_A_XV,5.374607756733894,1984,2,28
M_031_A_XV,8.432547837495804,1984,2,29
M_031_A_XV,18.17437949776649,1984,3,1
M_031_A_XV,12.695558816194534,1984,3,2
M_031_A_XV,3.015838146209717,1984,3,3
M_031_A_XV,3.763895584270358,1984,3,4
M_031_A_XV,2.7802727818489075,1984,3,5
M_031_A_XV,1.3900295030325651,1984,3,6
M_031_A_XV,1.5348089337348938,1984,3,7
M_031_A_XV,1.855965979397297,1984,3,8
M_031_A_XV,0.5918086506426334,1984,3,9
M_031_A_XV,2.8335268050432205,1984,3,10
M_031_A_XV,5.031942248344421,1984,3,11
M_031_A_XV,5.623703837394714,1984,3,12
M_031_A_XV,11.68760384619236,1984,3,13
M_031_A_XV,11.980164289474487,1984,3,14
M_031_A_XV,14.668893933296204,1984,3,15
M_031_A_XV,7.751726448535919,1984,3,16
M_031_A_XV,9.604751944541931,1984,3,17
M_031_A_XV,16.37847876548767,1984,3,18
M_031_A_XV,6.563473265618086,1984,3,19
M_031_A_XV,7.299588307738304,1984,3,20
M_031_A_XV,4.1075848285108805,1984,3,21
M_031_A_XV,3.930687040090561,1984,3,22
M_031_A_XV,11.670985639095306,1984,3,23
M_031_A_XV,19.67481517791748,1984,3,24
M_031_A_XV,10.647254943847656,1984,3,25
M_031_A_XV,19.47587013244629,1984,3,26
M_031_A_XV,23.3382534980774,1984,3,27
M_031_A_XV,7.262019105255604,1984,3,28
M_031_A_XV,9.047224164009094,1984,3,29
M_031_A_XV,7.646381318569183,1984,3,30
M_031_A_XV,0.4211530089378357,1984,3,31
M_031_A_XV,0.4952595885843038,1984,4,1
M_031_A_XV,1.2899884261423722,1984,4,2
M_031_A_XV,0.3469389998354018,1984,4,3
M_031_A_XV,1.292296089231968,1984,4,4
M_031_A_XV,1.781576342880726,1984,4,5
M_031_A_XV,1.0373232150450349,1984,4,6
M_031_A_XV,6.0076717138290405,1984,4,7
M_031_A_XV,2.0539043620228767,1984,4,8
M_031_A_XV,0.0841655284166336,1984,4,9
M_031_A_XV,0.0,1984,4,10
M_031_A_XV,0.29412841796875,1984,4,11
M_031_A_XV,0.8282473683357239,1984,4,12
M_031_A_XV,1.1480102287605405,1984,4,13
M_031_A_XV,0.2472618501633405,1984,4,14
M_031_A_XV,0.3970129792578518,1984,4,15
M_031_A_XV,0.0399000272154808,1984,4,16
M_031_A_XV,0.5130223035812378,1984,4,17
M_031_A_XV,2.6784178987145424,1984,4,18
M_031_A_XV,7.231260180473328,1984,4,19
M_031_A_XV,0.1211669743061065,1984,4,20
M_031_A_XV,0.7563075604848564,1984,4,21
M_031_A_XV,0.0385495796799659,1984,4,22
M_031_A_XV,1.321222148835659,1984,4,23
M_031_A_XV,3.5934313386678696,1984,4,24
M_031_A_XV,9.665432095527647,1984,4,25
M_031_A_XV,2.6872286796569824,1984,4,26
M_031_A_XV,0.0269741043448448,1984,4,27
M_031_A_XV,0.0,1984,4,28
M_031_A_XV,0.0,1984,4,29
M_031_A_XV,0.0,1984,4,30
M_031_A_XV,0.0,1984,5,1
M_031_A_XV,0.0,1984,5,2
M_031_A_XV,0.0,1984,5,3
M_031_A_XV,0.0,1984,5,4
M_031_A_XV,0.0,1984,5,5
M_031_A_XV,0.0,1984,5,6
M_031_A_XV,0.0685870088636875,1984,5,7
M_031_A_XV,1.2187435925006866,1984,5,8
M_031_A_XV,0.2051376141607761,1984,5,9
M_031_A_XV,0.0,1984,5,10
M_031_A_XV,0.0,1984,5,11
M_031_A_XV,0.0,1984,5,12
M_031_A_XV,0.0,1984,5,13
M_031_A_XV,0.0,1984,5,14
M_031_A_XV,0.0,1984,5,15
M_031_A_XV,0.0,1984,5,16
M_031_A_XV,0.0,1984,5,17
M_031_A_XV,0.0,1984,5,18
M_031_A_XV,0.0,1984,5,19
M_031_A_XV,0.6197290420532227,1984,5,20
M_031_A_XV,0.564453054452315,1984,5,21
M_031_A_XV,1.445357047021389,1984,5,22
M_031_A_XV,1.5957190543413162,1984,5,23
M_031_A_XV,0.1094249263405799,1984,5,24
M_031_A_XV,0.0159295927733182,1984,5,25
M_031_A_XV,0.0,1984,5,26
M_031_A_XV,0.0,1984,5,27
M_031_A_XV,0.0,1984,5,28
M_031_A_XV,0.0,1984,5,29
M_031_A_XV,0.0,1984,5,30
M_031_A_XV,0.0796479657292366,1984,5,31
M_031_A_XV,0.8429482094943523,1984,6,1
M_031_A_XV,0.3248495161533355,1984,6,2
M_031_A_XV,0.0210839319042861,1984,6,3
M_031_A_XV,0.0,1984,6,4
M_031_A_XV,0.0,1984,6,5
M_031_A_XV,0.0,1984,6,6
M_031_A_XV,0.0751193910837173,1984,6,7
M_031_A_XV,0.0039823981933295,1984,6,8
M_031_A_XV,0.0,1984,6,9
M_031_A_XV,0.0,1984,6,10
M_031_A_XV,0.0,1984,6,11
M_031_A_XV,0.0,1984,6,12
M_031_A_XV,0.0,1984,6,13
M_031_A_XV,0.0,1984,6,14
M_031_A_XV,0.0,1984,6,15
M_031_A_XV,0.0,1984,6,16
M_031_A_XV,0.0,1984,6,17
M_031_A_XV,0.0371955782175064,1984,6,18
M_031_A_XV,0.1879565007984638,1984,6,19
M_031_A_XV,0.0778273940086364,1984,6,20
M_031_A_XV,0.0057005109265446,1984,6,21
M_031_A_XV,0.0513034164905548,1984,6,22
M_031_A_XV,1.30302956700325,1984,6,23
M_031_A_XV,2.158357411623001,1984,6,24
M_031_A_XV,0.3150303142610937,1984,6,25
M_031_A_XV,0.0,1984,6,26
M_031_A_XV,0.0,1984,6,27
M_031_A_XV,0.0,1984,6,28
M_031_A_XV,0.0,1984,6,29
M_031_A_XV,0.0,1984,6,30
M_031_A_XV,0.0,1984,7,1
M_031_A_XV,0.0,1984,7,2
M_031_A_XV,0.0,1984,7,3
M_031_A_XV,0.0,1984,7,4
M_031_A_XV,0.0,1984,7,5
M_031_A_XV,0.0,1984,7,6
M_031_A_XV,0.0,1984,7,7
M_031_A_XV,0.0,1984,7,8
M_031_A_XV,0.0,1984,7,9
M_031_A_XV,0.0,1984,7,10
M_031_A_XV,0.0,1984,7,11
M_031_A_XV,0.0,1984,7,12
M_031_A_XV,0.0,1984,7,13
M_031_A_XV,0.0,1984,7,14
M_031_A_XV,0.0,1984,7,15
M_031_A_XV,0.0,1984,7,16
M_031_A_XV,0.1424308121204376,1984,7,17
M_031_A_XV,0.6777942478656769,1984,7,18
M_031_A_XV,0.1811336479149758,1984,7,19
M_031_A_XV,0.0,1984,7,20
M_031_A_XV,0.0,1984,7,21
M_031_A_XV,0.0,1984,7,22
M_031_A_XV,0.0,1984,7,23
M_031_A_XV,0.0,1984,7,24
M_031_A_XV,0.0,1984,7,25
M_031_A_XV,0.0,1984,7,26
M_031_A_XV,0.0,1984,7,27
M_031_A_XV,0.0,1984,7,28
M_031_A_XV,0.0822534970939159,1984,7,29
M_031_A_XV,0.0231661591678857,1984,7,30
M_031_A_XV,0.0,1984,7,31
M_031_A_XV,0.0,1984,8,1
M_031_A_XV,0.0,1984,8,2
M_031_A_XV,0.0,1984,8,3
M_031_A_XV,0.0,1984,8,4
M_031_A_XV,0.2316615991294384,1984,8,5
M_031_A_XV,1.5809311047196388,1984,8,6
M_031_A_XV,0.7994923144578934,1984,8,7
M_031_A_XV,0.0476863160729408,1984,8,8
M_031_A_XV,0.3086811567191034,1984,8,9
M_031_A_XV,0.0399035776499658,1984,8,10
M_031_A_XV,0.001900170231238,1984,8,11
M_031_A_XV,0.0,1984,8,12
M_031_A_XV,0.0190017037093639,1984,8,13
M_031_A_XV,0.0,1984,8,14
M_031_A_XV,0.0,1984,8,15
M_031_A_XV,0.0,1984,8,16
M_031_A_XV,0.0,1984,8,17
M_031_A_XV,0.0,1984,8,18
M_031_A_XV,0.0,1984,8,19
M_031_A_XV,0.0,1984,8,20
M_031_A_XV,0.0,1984,8,21
M_031_A_XV,0.0,1984,8,22
M_031_A_XV,0.0,1984,8,23
M_031_A_XV,0.0,1984,8,24
M_031_A_XV,0.0,1984,8,25
M_031_A_XV,0.0,1984,8,26
M_031_A_XV,0.0,1984,8,27
M_031_A_XV,0.0,1984,8,28
M_031_A_XV,0.0,1984,8,29
M_031_A_XV,0.0,1984,8,30
M_031_A_XV,0.0,1984,8,31
M_031_A_XV,0.254304438829422,1984,9,1
M_031_A_XV,0.3664940930902958,1984,9,2
M_031_A_XV,1.3532851338386536,1984,9,3
M_031_A_XV,1.8552244901657104,1984,9,4
M_031_A_XV,0.0,1984,9,5
M_031_A_XV,0.0,1984,9,6
M_031_A_XV,0.0,1984,9,7
M_031_A_XV,0.0114010218530893,1984,9,8
M_031_A_XV,0.4931229948997497,1984,9,9
M_031_A_XV,0.1045034527778625,1984,9,10
M_031_A_XV,0.0,1984,9,11
M_031_A_XV,0.4448056761175394,1984,9,12
M_031_A_XV,0.1477231862954795,1984,9,13
M_031_A_XV,0.5610122121870518,1984,9,14
M_031_A_XV,0.0,1984,9,15
M_031_A_XV,0.0,1984,9,16
M_031_A_XV,0.0,1984,9,17
M_031_A_XV,0.0,1984,9,18
M_031_A_XV,0.0,1984,9,19
M_031_A_XV,0.0,1984,9,20
M_031_A_XV,0.0,1984,9,21
M_031_A_XV,0.0,1984,9,22
M_031_A_XV,0.0,1984,9,23
M_031_A_XV,0.0,1984,9,24
M_031_A_XV,0.0,1984,9,25
M_031_A_XV,0.0,1984,9,26
M_031_A_XV,0.0,1984,9,27
M_031_A_XV,0.0,1984,9,28
M_031_A_XV,0.0,1984,9,29
M_031_A_XV,0.0,1984,9,30
M_031_A_XV,0.0,1984,10,1
M_031_A_XV,0.0,1984,10,2
M_031_A_XV,0.4060781002044678,1984,10,3
M_031_A_XV,1.749182790517807,1984,10,4
M_031_A_XV,0.5694600641727448,1984,10,5
M_031_A_XV,0.4995489451102912,1984,10,6
M_031_A_XV,1.2557301633059978,1984,10,7
M_031_A_XV,2.989615835249424,1984,10,8
M_031_A_XV,0.0398239828646183,1984,10,9
M_031_A_XV,0.0,1984,10,10
M_031_A_XV,0.0,1984,10,11
M_031_A_XV,0.0993308797478675,1984,10,12
M_031_A_XV,3.080858312780037,1984,10,13
M_031_A_XV,6.878377437591553,1984,10,14
M_031_A_XV,2.04987932741642,1984,10,15
M_031_A_XV,5.182364791631699,1984,10,16
M_031_A_XV,0.2249751985073089,1984,10,17
M_031_A_XV,3.350570412352681,1984,10,18
M_031_A_XV,7.454600751399994,1984,10,19
M_031_A_XV,7.007411479949951,1984,10,20
M_031_A_XV,6.751025021076202,1984,10,21
M_031_A_XV,10.641790866851808,1984,10,22
M_031_A_XV,5.213858246803284,1984,10,23
M_031_A_XV,6.320824611932039,1984,10,24
M_031_A_XV,9.060390442609789,1984,10,25
M_031_A_XV,20.02171641588211,1984,10,26
M_031_A_XV,6.619710370898247,1984,10,27
M_031_A_XV,11.266092658042908,1984,10,28
M_031_A_XV,0.0,1984,10,29
M_031_A_XV,1.9276471138000488,1984,10,30
M_031_A_XV,7.797623638063669,1984,10,31
M_031_A_XV,7.008468925952911,1984,11,1
M_031_A_XV,0.8273779712617397,1984,11,2
M_031_A_XV,0.0795454978942871,1984,11,3
M_031_A_XV,0.1043501766398549,1984,11,4
M_031_A_XV,0.0,1984,11,5
M_031_A_XV,4.157163679599762,1984,11,6
M_031_A_XV,5.796009227633476,1984,11,7
M_031_A_XV,4.230777829885483,1984,11,8
M_031_A_XV,5.838887691497803,1984,11,9
M_031_A_XV,0.5224672267213464,1984,11,10
M_031_A_XV,0.0,1984,11,11
M_031_A_XV,0.9802053133025764,1984,11,12
M_031_A_XV,9.012106660753489,1984,11,13
M_031_A_XV,9.878597497940063,1984,11,14
M_031_A_XV,12.372447848320007,1984,11,15
M_031_A_XV,9.74292328953743,1984,11,16
M_031_A_XV,4.214048475027084,1984,11,17
M_031_A_XV,3.2082923725247383,1984,11,18
M_031_A_XV,12.24883869290352,1984,11,19
M_031_A_XV,4.071946674957871,1984,11,20
M_031_A_XV,3.880401499569416,1984,11,21
M_031_A_XV,5.484998509287834,1984,11,22
M_031_A_XV,3.0768845975399017,1984,11,23
M_031_A_XV,2.8982577212154865,1984,11,24
M_031_A_XV,17.242475986480713,1984,11,25
M_031_A_XV,10.64353770017624,1984,11,26
M_031_A_XV,13.254911340773106,1984,11,27
M_031_A_XV,11.776389196515083,1984,11,28
M_031_A_XV,11.232907950878143,1984,11,29
M_031_A_XV,10.200374841690063,1984,11,30
M_031_A_XV,5.389041304588318,1984,12,1
M_031_A_XV,8.83687111735344,1984,12,2
M_031_A_XV,10.930360585451126,1984,12,3
M_031_A_XV,4.8059282302856445,1984,12,4
M_031_A_XV,9.340060114860536,1984,12,5
M_031_A_XV,13.134797215461733,1984,12,6
M_031_A_XV,5.047761246562004,1984,12,7
M_031_A_XV,5.340802758932114,1984,12,8
M_031_A_XV,17.312811255455017,1984,12,9
M_031_A_XV,14.764795064926147,1984,12,10
M_031_A_XV,3.909319519996643,1984,12,11
M_031_A_XV,0.3461748175323009,1984,12,12
M_031_A_XV,1.812049906700849,1984,12,13
M_031_A_XV,0.0,1984,12,14
M_031_A_XV,0.0,1984,12,15
M_031_A_XV,0.0,1984,12,16
M_031_A_XV,0.0,1984,12,17
M_031_A_XV,0.0,1984,12,18
M_031_A_XV,2.329439789056778,1984,12,19
M_031_A_XV,13.132853344082832,1984,12,20
M_031_A_XV,4.338903468102217,1984,12,21
M_031_A_XV,13.724201202392578,1984,12,22
M_031_A_XV,0.6306852102279663,1984,12,23
M_031_A_XV,7.451166093349457,1984,12,24
M_031_A_XV,21.566429793834686,1984,12,25
M_031_A_XV,7.871573343873024,1984,12,26
M_031_A_XV,4.767473861575127,1984,12,27
M_031_A_XV,7.848264694213867,1984,12,28
M_031_A_XV,5.784340560436249,1984,12,29
M_031_A_XV,11.278331518173218,1984,12,30
M_031_A_XV,4.545327499508858,1984,12,31
M_031_A_XV,8.912939716130495,1985,1,1
M_031_A_XV,14.439877808094025,1985,1,2
M_031_A_XV,10.52269446849823,1985,1,3
M_031_A_XV,8.556592166423798,1985,1,4
M_031_A_XV,16.69550707936287,1985,1,5
M_031_A_XV,5.770677052438259,1985,1,6
M_031_A_XV,5.89804270863533,1985,1,7
M_031_A_XV,15.913133144378662,1985,1,8
M_031_A_XV,18.001668214797974,1985,1,9
M_031_A_XV,7.093755409121513,1985,1,10
M_031_A_XV,11.28465187549591,1985,1,11
M_031_A_XV,15.16197156906128,1985,1,12
M_031_A_XV,3.289598435163498,1985,1,13
M_031_A_XV,4.562012135982513,1985,1,14
M_031_A_XV,4.857341706752777,1985,1,15
M_031_A_XV,9.468867719173431,1985,1,16
M_031_A_XV,15.404376178979874,1985,1,17
M_031_A_XV,12.981721758842468,1985,1,18
M_031_A_XV,7.587346971035004,1985,1,19
M_031_A_XV,7.018507242202759,1985,1,20
M_031_A_XV,4.261251551681198,1985,1,21
M_031_A_XV,5.975328911095858,1985,1,22
M_031_A_XV,13.196457743644714,1985,1,23
M_031_A_XV,10.117891430854796,1985,1,24
M_031_A_XV,9.29033662378788,1985,1,25
M_031_A_XV,14.344037890434263,1985,1,26
M_031_A_XV,15.768654823303224,1985,1,27
M_031_A_XV,3.7917999029159546,1985,1,28
M_031_A_XV,4.2088218331336975,1985,1,29
M_031_A_XV,4.455660670995712,1985,1,30
M_031_A_XV,2.4218704849481583,1985,1,31
M_031_A_XV,5.644549608230591,1985,2,1
M_031_A_XV,5.993618011474609,1985,2,2
M_031_A_XV,14.5342755317688,1985,2,3
M_031_A_XV,10.949038982391356,1985,2,4
M_031_A_XV,1.6327989287674427,1985,2,5
M_031_A_XV,1.6215553283691406,1985,2,6
M_031_A_XV,0.9117450714111328,1985,2,7
M_031_A_XV,0.3823862671852112,1985,2,8
M_031_A_XV,0.202168021351099,1985,2,9
M_031_A_XV,0.9122964292764664,1985,2,10
M_031_A_XV,3.657926611835137,1985,2,11
M_031_A_XV,3.088633957784623,1985,2,12
M_031_A_XV,7.938926890492439,1985,2,13
M_031_A_XV,6.622741729021072,1985,2,14
M_031_A_XV,5.136268474161625,1985,2,15
M_031_A_XV,3.0368795841932297,1985,2,16
M_031_A_XV,4.244895696640015,1985,2,17
M_031_A_XV,10.77579190582037,1985,2,18
M_031_A_XV,5.62175165116787,1985,2,19
M_031_A_XV,4.020067946985364,1985,2,20
M_031_A_XV,1.7900211671367288,1985,2,21
M_031_A_XV,0.5647434482816607,1985,2,22
M_031_A_XV,0.8392886146903038,1985,2,23
M_031_A_XV,6.935562297701836,1985,2,24
M_031_A_XV,15.31383353471756,1985,2,25
M_031_A_XV,1.6433284729719162,1985,2,26
M_031_A_XV,0.8528691530227661,1985,2,27
M_031_A_XV,1.04042586684227,1985,2,28
M_031_A_XV,2.2068456299602985,1985,3,1
M_031_A_XV,0.6489673256874084,1985,3,2
M_031_A_XV,0.4043217450380325,1985,3,3
M_031_A_XV,0.8883387818932533,1985,3,4
M_031_A_XV,7.532118141651154,1985,3,5
M_031_A_XV,3.285240761935711,1985,3,6
M_031_A_XV,2.935574352741241,1985,3,7
M_031_A_XV,11.06110692024231,1985,3,8
M_031_A_XV,10.73032122850418,1985,3,9
M_031_A_XV,16.165376365184784,1985,3,10
M_031_A_XV,14.710938274860382,1985,3,11
M_031_A_XV,11.068570137023926,1985,3,12
M_031_A_XV,13.062948167324066,1985,3,13
M_031_A_XV,5.180613532662392,1985,3,14
M_031_A_XV,0.0,1985,3,15
M_031_A_XV,0.0,1985,3,16
M_031_A_XV,1.210621953010559,1985,3,17
M_031_A_XV,2.073675509542227,1985,3,18
M_031_A_XV,4.452920250594616,1985,3,19
M_031_A_XV,1.2981422320008278,1985,3,20
M_031_A_XV,3.7797724157571793,1985,3,21
M_031_A_XV,10.674599170684814,1985,3,22
M_031_A_XV,11.298578262329102,1985,3,23
M_031_A_XV,8.213968694210052,1985,3,24
M_031_A_XV,5.310644119977951,1985,3,25
M_031_A_XV,7.679212167859077,1985,3,26
M_031_A_XV,3.6507055312395096,1985,3,27
M_031_A_XV,0.5135097503662109,1985,3,28
M_031_A_XV,0.1235869005322456,1985,3,29
M_031_A_XV,1.0022626388818026,1985,3,30
M_031_A_XV,3.3077725265175104,1985,3,31
M_031_A_XV,1.7045851349830627,1985,4,1
M_031_A_XV,7.047236283076927,1985,4,2
M_031_A_XV,22.59094262123108,1985,4,3
M_031_A_XV,14.39174497127533,1985,4,4
M_031_A_XV,18.66565203666687,1985,4,5
M_031_A_XV,1.0699364244937897,1985,4,6
M_031_A_XV,6.889550983905792,1985,4,7
M_031_A_XV,10.30398976802826,1985,4,8
M_031_A_XV,4.080180440098047,1985,4,9
M_031_A_XV,5.254064619541168,1985,4,10
M_031_A_XV,3.732796616852284,1985,4,11
M_031_A_XV,3.4362142086029053,1985,4,12
M_031_A_XV,1.4297963976860046,1985,4,13
M_031_A_XV,3.038397505879402,1985,4,14
M_031_A_XV,0.4037825316190719,1985,4,15
M_031_A_XV,0.0,1985,4,16
M_031_A_XV,0.0,1985,4,17
M_031_A_XV,0.4889246895909309,1985,4,18
M_031_A_XV,3.397538661956787,1985,4,19
M_031_A_XV,3.5681587047874928,1985,4,20
M_031_A_XV,2.9611944067291915,1985,4,21
M_031_A_XV,10.895097229629757,1985,4,22
M_031_A_XV,0.9279553536325692,1985,4,23
M_031_A_XV,0.9575041905045508,1985,4,24
M_031_A_XV,2.114988492801785,1985,4,25
M_031_A_XV,2.8399154134094715,1985,4,26
M_031_A_XV,3.451621785759926,1985,4,27
M_031_A_XV,2.685492351651192,1985,4,28
M_031_A_XV,3.857155084609986,1985,4,29
M_031_A_XV,3.2113253846764565,1985,4,30
M_031_A_XV,0.1388453096151352,1985,5,1
M_031_A_XV,0.6630632877349854,1985,5,2
M_031_A_XV,0.4951425027102232,1985,5,3
M_031_A_XV,0.0143705094233155,1985,5,4
M_031_A_XV,0.1433663368225097,1985,5,5
M_031_A_XV,0.4144637491554022,1985,5,6
M_031_A_XV,2.1379128471016884,1985,5,7
M_031_A_XV,0.0,1985,5,8
M_031_A_XV,0.0,1985,5,9
M_031_A_XV,0.0,1985,5,10
M_031_A_XV,0.0,1985,5,11
M_031_A_XV,0.0,1985,5,12
M_031_A_XV,0.0,1985,5,13
M_031_A_XV,0.0,1985,5,14
M_031_A_XV,0.0,1985,5,15
M_031_A_XV,0.0,1985,5,16
M_031_A_XV,0.0,1985,5,17
M_031_A_XV,0.0,1985,5,18
M_031_A_XV,0.0,1985,5,19
M_031_A_XV,0.0,1985,5,20
M_031_A_XV,0.0,1985,5,21
M_031_A_XV,0.0,1985,5,22
M_031_A_XV,0.0,1985,5,23
M_031_A_XV,0.2983724549412727,1985,5,24
M_031_A_XV,0.1859779059886932,1985,5,25
M_031_A_XV,0.4522916227579117,1985,5,26
M_031_A_XV,0.5150111075490713,1985,5,27
M_031_A_XV,0.5014887116849422,1985,5,28
M_031_A_XV,0.5694448035210371,1985,5,29
M_031_A_XV,0.8311578929424286,1985,5,30
M_031_A_XV,0.1330119222402572,1985,5,31
M_031_A_XV,0.0190017037093639,1985,6,1
M_031_A_XV,0.8146614583674818,1985,6,2
M_031_A_XV,0.62476671859622,1985,6,3
M_031_A_XV,0.2211648840457201,1985,6,4
M_031_A_XV,1.2416223855689168,1985,6,5
M_031_A_XV,5.392675548791885,1985,6,6
M_031_A_XV,3.465565919876098,1985,6,7
M_031_A_XV,0.0361032336950302,1985,6,8
M_031_A_XV,0.0,1985,6,9
M_031_A_XV,0.0,1985,6,10
M_031_A_XV,0.0,1985,6,11
M_031_A_XV,0.0,1985,6,12
M_031_A_XV,0.0,1985,6,13
M_031_A_XV,0.0190017037093639,1985,6,14
M_031_A_XV,0.0057005109265446,1985,6,15
M_031_A_XV,0.0,1985,6,16
M_031_A_XV,0.0,1985,6,17
M_031_A_XV,0.0058825686573982,1985,6,18
M_031_A_XV,0.4119354526046663,1985,6,19
M_031_A_XV,0.0,1985,6,20
M_031_A_XV,0.0,1985,6,21
M_031_A_XV,0.0,1985,6,22
M_031_A_XV,0.0,1985,6,23
M_031_A_XV,0.0588256865739822,1985,6,24
M_031_A_XV,0.1388148996047675,1985,6,25
M_031_A_XV,0.0,1985,6,26
M_031_A_XV,0.0058825686573982,1985,6,27
M_031_A_XV,0.0,1985,6,28
M_031_A_XV,0.0,1985,6,29
M_031_A_XV,0.0,1985,6,30
M_031_A_XV,0.0,1985,7,1
M_031_A_XV,0.0,1985,7,2
M_031_A_XV,0.0,1985,7,3
M_031_A_XV,0.0,1985,7,4
M_031_A_XV,0.0,1985,7,5
M_031_A_XV,0.0,1985,7,6
M_031_A_XV,0.0115830786526203,1985,7,7
M_031_A_XV,0.0,1985,7,8
M_031_A_XV,0.0,1985,7,9
M_031_A_XV,0.2482626736164093,1985,7,10
M_031_A_XV,0.8128780126571655,1985,7,11
M_031_A_XV,0.2460780031979084,1985,7,12
M_031_A_XV,0.1201913282275199,1985,7,13
M_031_A_XV,0.4754741303622722,1985,7,14
M_031_A_XV,0.0788465067744255,1985,7,15
M_031_A_XV,0.0,1985,7,16
M_031_A_XV,0.0,1985,7,17
M_031_A_XV,0.0,1985,7,18
M_031_A_XV,0.0,1985,7,19
M_031_A_XV,0.0039823981933295,1985,7,20
M_031_A_XV,0.0770195613149553,1985,7,21
M_031_A_XV,0.0190017037093639,1985,7,22
M_031_A_XV,0.0,1985,7,23
M_031_A_XV,0.0347568430006504,1985,7,24
M_031_A_XV,0.0,1985,7,25
M_031_A_XV,0.0,1985,7,26
M_031_A_XV,0.0,1985,7,27
M_031_A_XV,0.0,1985,7,28
M_031_A_XV,0.0,1985,7,29
M_031_A_XV,0.0,1985,7,30
M_031_A_XV,0.0,1985,7,31
M_031_A_XV,0.0,1985,8,1
M_031_A_XV,0.0,1985,8,2
M_031_A_XV,0.0,1985,8,3
M_031_A_XV,0.0588256865739822,1985,8,4
M_031_A_XV,1.005996499210596,1985,8,5
M_031_A_XV,0.0380034074187278,1985,8,6
M_031_A_XV,0.0,1985,8,7
M_031_A_XV,0.0114010218530893,1985,8,8
M_031_A_XV,0.0,1985,8,9
M_031_A_XV,0.0,1985,8,10
M_031_A_XV,0.0,1985,8,11
M_031_A_XV,0.0,1985,8,12
M_031_A_XV,0.0,1985,8,13
M_031_A_XV,0.0,1985,8,14
M_031_A_XV,0.0,1985,8,15
M_031_A_XV,0.0,1985,8,16
M_031_A_XV,0.0,1985,8,17
M_031_A_XV,0.0,1985,8,18
M_031_A_XV,0.0,1985,8,19
M_031_A_XV,0.0,1985,8,20
M_031_A_XV,0.2553510454017669,1985,8,21
M_031_A_XV,0.3816146850585937,1985,8,22
M_031_A_XV,0.4569617137312889,1985,8,23
M_031_A_XV,0.0,1985,8,24
M_031_A_XV,0.0,1985,8,25
M_031_A_XV,0.0,1985,8,26
M_031_A_XV,0.0477887764573097,1985,8,27
M_031_A_XV,0.5230481773614883,1985,8,28
M_031_A_XV,1.7691871989518404,1985,8,29
M_031_A_XV,3.834867939352989,1985,8,30
M_031_A_XV,1.2970780283212662,1985,8,31
M_031_A_XV,3.121084302663803,1985,9,1
M_031_A_XV,0.9722480177879332,1985,9,2
M_031_A_XV,0.0,1985,9,3
M_031_A_XV,0.0,1985,9,4
M_031_A_XV,0.0,1985,9,5
M_031_A_XV,0.001900170231238,1985,9,6
M_031_A_XV,0.0323017127811908,1985,9,7
M_031_A_XV,0.2751267291605472,1985,9,8
M_031_A_XV,0.0,1985,9,9
M_031_A_XV,0.5473404871299863,1985,9,10
M_031_A_XV,0.3012396609410643,1985,9,11
M_031_A_XV,0.0,1985,9,12
M_031_A_XV,0.392769306898117,1985,9,13
M_031_A_XV,2.1686863750219345,1985,9,14
M_031_A_XV,0.7593951411545277,1985,9,15
M_031_A_XV,1.400389026850462,1985,9,16
M_031_A_XV,4.50182817876339,1985,9,17
M_031_A_XV,6.90825292468071,1985,9,18
M_031_A_XV,4.782034933567047,1985,9,19
M_031_A_XV,0.8199184946715832,1985,9,20
M_031_A_XV,3.2590414453297853,1985,9,21
M_031_A_XV,0.6132774690631777,1985,9,22
M_031_A_XV,0.0,1985,9,23
M_031_A_XV,0.0,1985,9,24
M_031_A_XV,0.0,1985,9,25
M_031_A_XV,0.0,1985,9,26
M_031_A_XV,0.0,1985,9,27
M_031_A_XV,0.0,1985,9,28
M_031_A_XV,0.0,1985,9,29
M_031_A_XV,0.0,1985,9,30
M_031_A_XV,0.0,1985,10,1
M_031_A_XV,0.0,1985,10,2
M_031_A_XV,0.0624439679086208,1985,10,3
M_031_A_XV,0.1596031486988067,1985,10,4
M_031_A_XV,0.0,1985,10,5
M_031_A_XV,0.070305123925209,1985,10,6
M_031_A_XV,1.1773499511182308,1985,10,7
M_031_A_XV,3.808200389146805,1985,10,8
M_031_A_XV,0.6797756962478161,1985,10,9
M_031_A_XV,4.76131808757782,1985,10,10
M_031_A_XV,0.5736126946285367,1985,10,11
M_031_A_XV,3.309996277093888,1985,10,12
M_031_A_XV,0.5634619714692235,1985,10,13
M_031_A_XV,0.4081953803543001,1985,10,14
M_031_A_XV,1.8775946646928787,1985,10,15
M_031_A_XV,3.149822771549225,1985,10,16
M_031_A_XV,1.5596732320263982,1985,10,17
M_031_A_XV,1.9836881756782527,1985,10,18
M_031_A_XV,0.0,1985,10,19
M_031_A_XV,0.0,1985,10,20
M_031_A_XV,0.0,1985,10,21
M_031_A_XV,0.0,1985,10,22
M_031_A_XV,1.1548188477754593,1985,10,23
M_031_A_XV,0.0209018739406019,1985,10,24
M_031_A_XV,0.0,1985,10,25
M_031_A_XV,0.0,1985,10,26
M_031_A_XV,0.0592758171260356,1985,10,27
M_031_A_XV,0.7872814983129501,1985,10,28
M_031_A_XV,3.841544613242149,1985,10,29
M_031_A_XV,4.608357042074204,1985,10,30
M_031_A_XV,4.358783999457955,1985,10,31
M_031_A_XV,1.914305029436946,1985,11,1
M_031_A_XV,3.475451443344354,1985,11,2
M_031_A_XV,0.0,1985,11,3
M_031_A_XV,0.0,1985,11,4
M_031_A_XV,0.0,1985,11,5
M_031_A_XV,1.6203745435923338,1985,11,6
M_031_A_XV,7.200825400650501,1985,11,7
M_031_A_XV,10.7742737531662,1985,11,8
M_031_A_XV,8.02912512421608,1985,11,9
M_031_A_XV,3.3692708648741245,1985,11,10
M_031_A_XV,2.621434636414051,1985,11,11
M_031_A_XV,6.944138914346695,1985,11,12
M_031_A_XV,16.707543402910233,1985,11,13
M_031_A_XV,11.952181935310364,1985,11,14
M_031_A_XV,16.950164079666138,1985,11,15
M_031_A_XV,7.384481638669968,1985,11,16
M_031_A_XV,5.2761871218681335,1985,11,17
M_031_A_XV,10.075762085616589,1985,11,18
M_031_A_XV,5.736989766359329,1985,11,19
M_031_A_XV,13.96736192703247,1985,11,20
M_031_A_XV,3.814751476049423,1985,11,21
M_031_A_XV,2.14210375584662,1985,11,22
M_031_A_XV,7.603780217468738,1985,11,23
M_031_A_XV,7.07763235270977,1985,11,24
M_031_A_XV,0.3811492919921875,1985,11,25
M_031_A_XV,1.2484204510692507,1985,11,26
M_031_A_XV,2.932603120803833,1985,11,27
M_031_A_XV,4.104016691446304,1985,11,28
M_031_A_XV,4.994573891162872,1985,11,29
M_031_A_XV,13.438673377037048,1985,11,30
M_031_A_XV,4.468370195478201,1985,12,1
M_031_A_XV,7.671296536922455,1985,12,2
M_031_A_XV,14.037128806114197,1985,12,3
M_031_A_XV,10.724882755428553,1985,12,4
M_031_A_XV,12.227376401424408,1985,12,5
M_031_A_XV,4.218230605125427,1985,12,6
M_031_A_XV,6.9594035148620605,1985,12,7
M_031_A_XV,9.30154013633728,1985,12,8
M_031_A_XV,9.10836597532034,1985,12,9
M_031_A_XV,6.77194307744503,1985,12,10
M_031_A_XV,11.95904803276062,1985,12,11
M_031_A_XV,3.799390524625778,1985,12,12
M_031_A_XV,4.04829790443182,1985,12,13
M_031_A_XV,7.614435434341431,1985,12,14
M_031_A_XV,14.394359648227692,1985,12,15
M_031_A_XV,15.652731269598007,1985,12,16
M_031_A_XV,5.368727922439575,1985,12,17
M_031_A_XV,1.20924574136734,1985,12,18
M_031_A_XV,0.1991199105978012,1985,12,19
M_031_A_XV,0.0119471941143274,1985,12,20
M_031_A_XV,2.786703169345856,1985,12,21
M_031_A_XV,23.175950586795807,1985,12,22
M_031_A_XV,10.105004630982876,1985,12,23
M_031_A_XV,3.60795534774661,1985,12,24
M_031_A_XV,4.290242671966553,1985,12,25
M_031_A_XV,25.44712233543396,1985,12,26
M_031_A_XV,10.2200425863266,1985,12,27
M_031_A_XV,11.427071571350098,1985,12,28
M_031_A_XV,21.76998805999756,1985,12,29
M_031_A_XV,12.543500304222109,1985,12,30
M_031_A_XV,7.747098311781883,1985,12,31
M_031_A_XV,0.9909277260303496,1986,1,1
M_031_A_XV,1.722835786640644,1986,1,2
M_031_A_XV,7.246651738882065,1986,1,3
M_031_A_XV,13.204733192920685,1986,1,4
M_031_A_XV,4.001619458198547,1986,1,5
M_031_A_XV,8.711498141288757,1986,1,6
M_031_A_XV,11.910246938467026,1986,1,7
M_031_A_XV,13.481154918670654,1986,1,8
M_031_A_XV,7.405357152223587,1986,1,9
M_031_A_XV,14.75591841340065,1986,1,10
M_031_A_XV,3.6755888909101486,1986,1,11
M_031_A_XV,5.517446100711823,1986,1,12
M_031_A_XV,5.413573443889618,1986,1,13
M_031_A_XV,6.562918230891228,1986,1,14
M_031_A_XV,9.69694721698761,1986,1,15
M_031_A_XV,23.41372966766357,1986,1,16
M_031_A_XV,10.929811954498293,1986,1,17
M_031_A_XV,7.234302043914795,1986,1,18
M_031_A_XV,1.3589881281368434,1986,1,19
M_031_A_XV,5.297560404986143,1986,1,20
M_031_A_XV,9.106406569480896,1986,1,21
M_031_A_XV,5.750700049102306,1986,1,22
M_031_A_XV,0.6446608081459999,1986,1,23
M_031_A_XV,0.1372582907788455,1986,1,24
M_031_A_XV,0.0318567045032978,1986,1,25
M_031_A_XV,0.0072125694714486,1986,1,26
M_031_A_XV,0.026416877284646,1986,1,27
M_031_A_XV,4.814286122098565,1986,1,28
M_031_A_XV,12.25603848695755,1986,1,29
M_031_A_XV,1.2682277113199234,1986,1,30
M_031_A_XV,3.6972154113464057,1986,1,31
M_031_A_XV,15.746478080749512,1986,2,1
M_031_A_XV,5.835744753479958,1986,2,2
M_031_A_XV,6.350442692637444,1986,2,3
M_031_A_XV,2.127921894192696,1986,2,4
M_031_A_XV,3.994026780128479,1986,2,5
M_031_A_XV,10.484346508979796,1986,2,6
M_031_A_XV,11.976782724261284,1986,2,7
M_031_A_XV,11.777109503746033,1986,2,8
M_031_A_XV,8.958590745925903,1986,2,9
M_031_A_XV,4.346080034971237,1986,2,10
M_031_A_XV,10.382413610816002,1986,2,11
M_031_A_XV,5.436318727210164,1986,2,12
M_031_A_XV,4.4686338901519775,1986,2,13
M_031_A_XV,6.7310254871845245,1986,2,14
M_031_A_XV,9.700075931847095,1986,2,15
M_031_A_XV,5.81762769818306,1986,2,16
M_031_A_XV,4.2435759752988815,1986,2,17
M_031_A_XV,8.735404670238495,1986,2,18
M_031_A_XV,11.083937764167786,1986,2,19
M_031_A_XV,14.769230008125303,1986,2,20
M_031_A_XV,9.075006881728768,1986,2,21
M_031_A_XV,8.538418266922235,1986,2,22
M_031_A_XV,8.18714402941987,1986,2,23
M_031_A_XV,1.7299079094082117,1986,2,24
M_031_A_XV,6.986947290599346,1986,2,25
M_031_A_XV,7.797731399536133,1986,2,26
M_031_A_XV,6.712821125984192,1986,2,27
M_031_A_XV,9.35201085358858,1986,2,28
M_031_A_XV,15.53759291768074,1986,3,1
M_031_A_XV,10.49644586443901,1986,3,2
M_031_A_XV,7.264865010976791,1986,3,3
M_031_A_XV,6.218995690345764,1986,3,4
M_031_A_XV,7.218783736228943,1986,3,5
M_031_A_XV,10.123946100473404,1986,3,6
M_031_A_XV,10.173726871609688,1986,3,7
M_031_A_XV,17.887038499116898,1986,3,8
M_031_A_XV,9.811798810958862,1986,3,9
M_031_A_XV,2.974581219255924,1986,3,10
M_031_A_XV,5.459451287984848,1986,3,11
M_031_A_XV,3.915017627179623,1986,3,12
M_031_A_XV,3.791840229183435,1986,3,13
M_031_A_XV,3.781967639923096,1986,3,14
M_031_A_XV,2.650332510471344,1986,3,15
M_031_A_XV,3.807979077100754,1986,3,16
M_031_A_XV,8.056032046675682,1986,3,17
M_031_A_XV,8.538294821977615,1986,3,18
M_031_A_XV,1.9805015325546265,1986,3,19
M_031_A_XV,3.121109552215785,1986,3,20
M_031_A_XV,4.887077052146196,1986,3,21
M_031_A_XV,5.317679535597563,1986,3,22
M_031_A_XV,4.803592920303345,1986,3,23
M_031_A_XV,2.73783952742815,1986,3,24
M_031_A_XV,1.8305486142635343,1986,3,25
M_031_A_XV,1.5326259136199951,1986,3,26
M_031_A_XV,2.01166221825406,1986,3,27
M_031_A_XV,3.423138737678528,1986,3,28
M_031_A_XV,3.427301898598671,1986,3,29
M_031_A_XV,1.0081938728690147,1986,3,30
M_031_A_XV,4.846244603395462,1986,3,31
M_031_A_XV,8.266772389411926,1986,4,1
M_031_A_XV,1.4469138383865356,1986,4,2
M_031_A_XV,4.640004999935627,1986,4,3
M_031_A_XV,8.430213570594788,1986,4,4
M_031_A_XV,12.409327268600464,1986,4,5
M_031_A_XV,13.317006155848503,1986,4,6
M_031_A_XV,8.74725191295147,1986,4,7
M_031_A_XV,4.323356572538614,1986,4,8
M_031_A_XV,1.065586507320404,1986,4,9
M_031_A_XV,1.1673444509506226,1986,4,10
M_031_A_XV,1.9132176041603088,1986,4,11
M_031_A_XV,2.81397531926632,1986,4,12
M_031_A_XV,1.1756412237882614,1986,4,13
M_031_A_XV,0.8028143020346761,1986,4,14
M_031_A_XV,5.755673736333847,1986,4,15
M_031_A_XV,10.3375586271286,1986,4,16
M_031_A_XV,0.1298602181486785,1986,4,17
M_031_A_XV,0.0134832488838583,1986,4,18
M_031_A_XV,0.0305847823619842,1986,4,19
M_031_A_XV,0.0,1986,4,20
M_031_A_XV,0.0,1986,4,21
M_031_A_XV,0.7644939422607422,1986,4,22
M_031_A_XV,2.544395595788956,1986,4,23
M_031_A_XV,2.399481438100338,1986,4,24
M_031_A_XV,0.2876539269927889,1986,4,25
M_031_A_XV,0.6379536800086498,1986,4,26
M_031_A_XV,2.328384928405285,1986,4,27
M_031_A_XV,5.007259517908096,1986,4,28
M_031_A_XV,6.0471450090408325,1986,4,29
M_031_A_XV,4.286922633647919,1986,4,30
M_031_A_XV,0.0477887792512774,1986,5,1
M_031_A_XV,0.0,1986,5,2
M_031_A_XV,0.2328792512416839,1986,5,3
M_031_A_XV,0.6508490033447742,1986,5,4
M_031_A_XV,4.206509590148926,1986,5,5
M_031_A_XV,8.58193987607956,1986,5,6
M_031_A_XV,1.3737504221498966,1986,5,7
M_031_A_XV,0.0,1986,5,8
M_031_A_XV,0.0,1986,5,9
M_031_A_XV,0.0,1986,5,10
M_031_A_XV,0.0,1986,5,11
M_031_A_XV,0.0,1986,5,12
M_031_A_XV,0.0,1986,5,13
M_031_A_XV,0.0,1986,5,14
M_031_A_XV,0.0,1986,5,15
M_031_A_XV,0.0380034074187278,1986,5,16
M_031_A_XV,0.0,1986,5,17
M_031_A_XV,0.0,1986,5,18
M_031_A_XV,0.0,1986,5,19
M_031_A_XV,0.0,1986,5,20
M_031_A_XV,0.0,1986,5,21
M_031_A_XV,0.0,1986,5,22
M_031_A_XV,0.0,1986,5,23
M_031_A_XV,0.0,1986,5,24
M_031_A_XV,0.0,1986,5,25
M_031_A_XV,0.0,1986,5,26
M_031_A_XV,0.0,1986,5,27
M_031_A_XV,0.0,1986,5,28
M_031_A_XV,0.0,1986,5,29
M_031_A_XV,0.0,1986,5,30
M_031_A_XV,0.0,1986,5,31
M_031_A_XV,0.0,1986,6,1
M_031_A_XV,0.209018737077713,1986,6,2
M_031_A_XV,0.0,1986,6,3
M_031_A_XV,0.0,1986,6,4
M_031_A_XV,0.0,1986,6,5
M_031_A_XV,0.0,1986,6,6
M_031_A_XV,0.0,1986,6,7
M_031_A_XV,0.0,1986,6,8
M_031_A_XV,0.0,1986,6,9
M_031_A_XV,0.0,1986,6,10
M_031_A_XV,0.0,1986,6,11
M_031_A_XV,0.0,1986,6,12
M_031_A_XV,0.0,1986,6,13
M_031_A_XV,0.0,1986,6,14
M_031_A_XV,0.0,1986,6,15
M_031_A_XV,0.0,1986,6,16
M_031_A_XV,0.0,1986,6,17
M_031_A_XV,0.0,1986,6,18
M_031_A_XV,0.0,1986,6,19
M_031_A_XV,0.0,1986,6,20
M_031_A_XV,0.0,1986,6,21
M_031_A_XV,0.0,1986,6,22
M_031_A_XV,0.0,1986,6,23
M_031_A_XV,0.0,1986,6,24
M_031_A_XV,0.0,1986,6,25
M_031_A_XV,0.0,1986,6,26
M_031_A_XV,0.0,1986,6,27
M_031_A_XV,0.0,1986,6,28
M_031_A_XV,0.0,1986,6,29
M_031_A_XV,0.0,1986,6,30
M_031_A_XV,0.0,1986,7,1
M_031_A_XV,0.0,1986,7,2
M_031_A_XV,0.0,1986,7,3
M_031_A_XV,0.0,1986,7,4
M_031_A_XV,0.0,1986,7,5
M_031_A_XV,0.0,1986,7,6
M_031_A_XV,0.0,1986,7,7
M_031_A_XV,0.0,1986,7,8
M_031_A_XV,0.0,1986,7,9
M_031_A_XV,0.0,1986,7,10
M_031_A_XV,0.0,1986,7,11
M_031_A_XV,0.0,1986,7,12
M_031_A_XV,0.0,1986,7,13
M_031_A_XV,0.0,1986,7,14
M_031_A_XV,0.0,1986,7,15
M_031_A_XV,0.0,1986,7,16
M_031_A_XV,0.0,1986,7,17
M_031_A_XV,0.1378250122070312,1986,7,18
M_031_A_XV,0.001900170231238,1986,7,19
M_031_A_XV,0.0,1986,7,20
M_031_A_XV,0.0,1986,7,21
M_031_A_XV,0.001900170231238,1986,7,22
M_031_A_XV,0.0209018739406019,1986,7,23
M_031_A_XV,0.9984458237886428,1986,7,24
M_031_A_XV,4.215548872947693,1986,7,25
M_031_A_XV,1.5633456707000732,1986,7,26
M_031_A_XV,1.626755677163601,1986,7,27
M_031_A_XV,0.7526096906512976,1986,7,28
M_031_A_XV,0.0,1986,7,29
M_031_A_XV,0.0,1986,7,30
M_031_A_XV,0.0,1986,7,31
M_031_A_XV,0.0,1986,8,1
M_031_A_XV,0.0,1986,8,2
M_031_A_XV,0.0,1986,8,3
M_031_A_XV,0.0146311931312084,1986,8,4
M_031_A_XV,0.0,1986,8,5
M_031_A_XV,0.1592959314584732,1986,8,6
M_031_A_XV,0.3252822458744049,1986,8,7
M_031_A_XV,0.2385896332561969,1986,8,8
M_031_A_XV,0.0171015337109565,1986,8,9
M_031_A_XV,0.0,1986,8,10
M_031_A_XV,0.0,1986,8,11
M_031_A_XV,0.0,1986,8,12
M_031_A_XV,0.0,1986,8,13
M_031_A_XV,0.0,1986,8,14
M_031_A_XV,0.0,1986,8,15
M_031_A_XV,0.0,1986,8,16
M_031_A_XV,0.0,1986,8,17
M_031_A_XV,0.0532035867217928,1986,8,18
M_031_A_XV,1.9783666729927063,1986,8,19
M_031_A_XV,0.4993260987102985,1986,8,20
M_031_A_XV,0.0,1986,8,21
M_031_A_XV,0.0,1986,8,22
M_031_A_XV,0.0,1986,8,23
M_031_A_XV,0.0,1986,8,24
M_031_A_XV,0.0,1986,8,25
M_031_A_XV,0.0,1986,8,26
M_031_A_XV,0.1120257228612899,1986,8,27
M_031_A_XV,3.518106549978256,1986,8,28
M_031_A_XV,2.142416231334209,1986,8,29
M_031_A_XV,1.432638630270958,1986,8,30
M_031_A_XV,0.0267844423651695,1986,8,31
M_031_A_XV,0.0,1986,9,1
M_031_A_XV,0.0,1986,9,2
M_031_A_XV,0.0,1986,9,3
M_031_A_XV,0.269665002822876,1986,9,4
M_031_A_XV,0.0,1986,9,5
M_031_A_XV,0.0,1986,9,6
M_031_A_XV,0.2087787687778473,1986,9,7
M_031_A_XV,0.750180084258318,1986,9,8
M_031_A_XV,0.1104768272489309,1986,9,9
M_031_A_XV,0.0326734334230423,1986,9,10
M_031_A_XV,0.0,1986,9,11
M_031_A_XV,0.0437039176467806,1986,9,12
M_031_A_XV,0.0190017037093639,1986,9,13
M_031_A_XV,0.0,1986,9,14
M_031_A_XV,0.4346877336502075,1986,9,15
M_031_A_XV,0.4250416792929172,1986,9,16
M_031_A_XV,0.5372299551963806,1986,9,17
M_031_A_XV,0.3761529326438904,1986,9,18
M_031_A_XV,0.0,1986,9,19
M_031_A_XV,2.691574645694345,1986,9,20
M_031_A_XV,5.786997437477112,1986,9,21
M_031_A_XV,4.126996040344238,1986,9,22
M_031_A_XV,0.5148665755987167,1986,9,23
M_031_A_XV,0.0,1986,9,24
M_031_A_XV,0.0,1986,9,25
M_031_A_XV,0.0,1986,9,26
M_031_A_XV,0.0190017037093639,1986,9,27
M_031_A_XV,0.0,1986,9,28
M_031_A_XV,0.3376502806786448,1986,9,29
M_031_A_XV,0.0381854625884443,1986,9,30
M_031_A_XV,0.0,1986,10,1
M_031_A_XV,0.0438847914338111,1986,10,2
M_031_A_XV,0.7328964434564114,1986,10,3
M_031_A_XV,0.5431913807988167,1986,10,4
M_031_A_XV,2.3206988871097565,1986,10,5
M_031_A_XV,1.21817634627223,1986,10,6
M_031_A_XV,0.7880169227719307,1986,10,7
M_031_A_XV,0.948351502418518,1986,10,8
M_031_A_XV,0.0,1986,10,9
M_031_A_XV,0.0,1986,10,10
M_031_A_XV,0.1936581879854202,1986,10,11
M_031_A_XV,4.5213185250759125,1986,10,12
M_031_A_XV,0.4980243295431137,1986,10,13
M_031_A_XV,0.2253281036391854,1986,10,14
M_031_A_XV,0.8729712190106511,1986,10,15
M_031_A_XV,3.8165438175201416,1986,10,16
M_031_A_XV,4.661754742264748,1986,10,17
M_031_A_XV,1.7133713066577911,1986,10,18
M_031_A_XV,0.0,1986,10,19
M_031_A_XV,0.0,1986,10,20
M_031_A_XV,0.0,1986,10,21
M_031_A_XV,0.0,1986,10,22
M_031_A_XV,0.0570051111280918,1986,10,23
M_031_A_XV,0.0,1986,10,24
M_031_A_XV,0.0,1986,10,25
M_031_A_XV,0.0,1986,10,26
M_031_A_XV,0.4223481342196464,1986,10,27
M_031_A_XV,0.2591806435957551,1986,10,28
M_031_A_XV,0.5446434954646975,1986,10,29
M_031_A_XV,0.0,1986,10,30
M_031_A_XV,0.0,1986,10,31
M_031_A_XV,0.0778970174724236,1986,11,1
M_031_A_XV,0.8720926651731133,1986,11,2
M_031_A_XV,0.8109518326818943,1986,11,3
M_031_A_XV,0.2470221221446991,1986,11,4
M_031_A_XV,0.0057005109265446,1986,11,5
M_031_A_XV,0.0539610534906387,1986,11,6
M_031_A_XV,0.5312810055911541,1986,11,7
M_031_A_XV,0.2656257450580597,1986,11,8
M_031_A_XV,2.661460697650909,1986,11,9
M_031_A_XV,1.2167465835809708,1986,11,10
M_031_A_XV,3.2736904583871365,1986,11,11
M_031_A_XV,1.247731376439333,1986,11,12
M_031_A_XV,1.5716051701456308,1986,11,13
M_031_A_XV,6.025675758719444,1986,11,14
M_031_A_XV,3.343124136328697,1986,11,15
M_031_A_XV,1.0539554404094815,1986,11,16
M_031_A_XV,0.4745726119726896,1986,11,17
M_031_A_XV,0.0,1986,11,18
M_031_A_XV,0.0558395907282829,1986,11,19
M_031_A_XV,5.8094911146909,1986,11,20
M_031_A_XV,13.565562188625336,1986,11,21
M_031_A_XV,18.71420633792877,1986,11,22
M_031_A_XV,14.388308763504028,1986,11,23
M_031_A_XV,4.137867484241724,1986,11,24
M_031_A_XV,3.5675840973854065,1986,11,25
M_031_A_XV,0.0,1986,11,26
M_031_A_XV,0.0,1986,11,27
M_031_A_XV,0.0,1986,11,28
M_031_A_XV,0.0,1986,11,29
M_031_A_XV,0.0,1986,11,30
M_031_A_XV,0.0228020441718399,1986,12,1
M_031_A_XV,0.0968290939927101,1986,12,2
M_031_A_XV,4.881213985383511,1986,12,3
M_031_A_XV,4.889813102781773,1986,12,4
M_031_A_XV,5.635293930768967,1986,12,5
M_031_A_XV,9.348762333393095,1986,12,6
M_031_A_XV,19.76476168632508,1986,12,7
M_031_A_XV,13.707232594490051,1986,12,8
M_031_A_XV,3.085382014513016,1986,12,9
M_031_A_XV,8.068000003695488,1986,12,10
M_031_A_XV,7.523927167057991,1986,12,11
M_031_A_XV,7.613599330186844,1986,12,12
M_031_A_XV,6.272552669048309,1986,12,13
M_031_A_XV,3.024221118539572,1986,12,14
M_031_A_XV,0.5125660598278046,1986,12,15
M_031_A_XV,3.2033709539100528,1986,12,16
M_031_A_XV,10.746853709220886,1986,12,17
M_031_A_XV,5.407678358256817,1986,12,18
M_031_A_XV,7.21276930719614,1986,12,19
M_031_A_XV,12.67045396566391,1986,12,20
M_031_A_XV,2.468553185462952,1986,12,21
M_031_A_XV,1.661083683371544,1986,12,22
M_031_A_XV,2.310917854309082,1986,12,23
M_031_A_XV,4.810464769601822,1986,12,24
M_031_A_XV,11.77770894765854,1986,12,25
M_031_A_XV,5.513475778978318,1986,12,26
M_031_A_XV,3.4609120823442936,1986,12,27
M_031_A_XV,1.3858219981193542,1986,12,28
M_031_A_XV,3.3614765740931034,1986,12,29
M_031_A_XV,7.697560846805572,1986,12,30
M_031_A_XV,3.410391677170992,1986,12,31
M_031_A_XV,3.288543090224266,1987,1,1
M_031_A_XV,3.929964005947113,1987,1,2
M_031_A_XV,2.4876846373081207,1987,1,3
M_031_A_XV,3.8446194678545,1987,1,4
M_031_A_XV,9.588371843099594,1987,1,5
M_031_A_XV,9.390145301818848,1987,1,6
M_031_A_XV,13.918646812438965,1987,1,7
M_031_A_XV,14.950043071061373,1987,1,8
M_031_A_XV,14.677295982837675,1987,1,9
M_031_A_XV,10.23170655965805,1987,1,10
M_031_A_XV,16.439872920513153,1987,1,11
M_031_A_XV,1.7791048288345337,1987,1,12
M_031_A_XV,5.393377088010311,1987,1,13
M_031_A_XV,8.676094051450491,1987,1,14
M_031_A_XV,7.519858844578266,1987,1,15
M_031_A_XV,6.956154648214579,1987,1,16
M_031_A_XV,1.6479409039020538,1987,1,17
M_031_A_XV,3.364973157644272,1987,1,18
M_031_A_XV,2.209663391113281,1987,1,19
M_031_A_XV,2.0653874278068542,1987,1,20
M_031_A_XV,2.9772225096821785,1987,1,21
M_031_A_XV,5.668514095246792,1987,1,22
M_031_A_XV,13.934588432312012,1987,1,23
M_031_A_XV,13.783441066741943,1987,1,24
M_031_A_XV,13.459333777427672,1987,1,25
M_031_A_XV,9.47259533405304,1987,1,26
M_031_A_XV,9.316702246665956,1987,1,27
M_031_A_XV,14.721619486808777,1987,1,28
M_031_A_XV,6.418109357357025,1987,1,29
M_031_A_XV,6.858292907476425,1987,1,30
M_031_A_XV,0.4018966257572174,1987,1,31
M_031_A_XV,0.238814893644303,1987,2,1
M_031_A_XV,9.075129747390749,1987,2,2
M_031_A_XV,0.0778273940086364,1987,2,3
M_031_A_XV,0.0,1987,2,4
M_031_A_XV,0.1190017089247703,1987,2,5
M_031_A_XV,0.6548759266734123,1987,2,6
M_031_A_XV,3.203225940465927,1987,2,7
M_031_A_XV,8.949364434927702,1987,2,8
M_031_A_XV,7.106175571680069,1987,2,9
M_031_A_XV,22.921403273940086,1987,2,10
M_031_A_XV,15.549989938735962,1987,2,11
M_031_A_XV,4.542697243392468,1987,2,12
M_031_A_XV,6.224847614765167,1987,2,13
M_031_A_XV,9.09425449371338,1987,2,14
M_031_A_XV,6.976182460784912,1987,2,15
M_031_A_XV,2.840504616498947,1987,2,16
M_031_A_XV,0.0588256865739822,1987,2,17
M_031_A_XV,0.0,1987,2,18
M_031_A_XV,0.0,1987,2,19
M_031_A_XV,0.0,1987,2,20
M_031_A_XV,0.3873163759708404,1987,2,21
M_031_A_XV,0.8811218719929457,1987,2,22
M_031_A_XV,6.007595894858241,1987,2,23
M_031_A_XV,3.927832752466202,1987,2,24
M_031_A_XV,6.498927190899849,1987,2,25
M_031_A_XV,2.942050863057375,1987,2,26
M_031_A_XV,8.594022184610367,1987,2,27
M_031_A_XV,7.982875674962997,1987,2,28
M_031_A_XV,8.149665296077728,1987,3,1
M_031_A_XV,15.887648671865463,1987,3,2
M_031_A_XV,8.390143871307373,1987,3,3
M_031_A_XV,0.1871966496109962,1987,3,4
M_031_A_XV,2.9972950983792543,1987,3,5
M_031_A_XV,5.779629111289978,1987,3,6
M_031_A_XV,6.830616388469935,1987,3,7
M_031_A_XV,2.124529361724853,1987,3,8
M_031_A_XV,0.0,1987,3,9
M_031_A_XV,0.0850253440439701,1987,3,10
M_031_A_XV,8.571862936019897,1987,3,11
M_031_A_XV,3.397874236106873,1987,3,12
M_031_A_XV,0.0,1987,3,13
M_031_A_XV,0.0190017037093639,1987,3,14
M_031_A_XV,1.7723592072725296,1987,3,15
M_031_A_XV,0.9723969101905824,1987,3,16
M_031_A_XV,1.102403536438942,1987,3,17
M_031_A_XV,1.7765906187705696,1987,3,18
M_031_A_XV,2.248365388251841,1987,3,19
M_031_A_XV,2.093636218458414,1987,3,20
M_031_A_XV,8.656223952770233,1987,3,21
M_031_A_XV,2.424579530954361,1987,3,22
M_031_A_XV,3.0152344442904,1987,3,23
M_031_A_XV,3.0110441260039806,1987,3,24
M_031_A_XV,0.0,1987,3,25
M_031_A_XV,0.0,1987,3,26
M_031_A_XV,0.2723596822470426,1987,3,27
M_031_A_XV,2.933119459077716,1987,3,28
M_031_A_XV,2.9875708520412445,1987,3,29
M_031_A_XV,6.116205036640167,1987,3,30
M_031_A_XV,0.122945487499237,1987,3,31
M_031_A_XV,0.8582459092140198,1987,4,1
M_031_A_XV,7.479386538267136,1987,4,2
M_031_A_XV,9.036035597324371,1987,4,3
M_031_A_XV,0.1062479838728904,1987,4,4
M_031_A_XV,0.01481325016357,1987,4,5
M_031_A_XV,2.421029806137085,1987,4,6
M_031_A_XV,3.5640412867069244,1987,4,7
M_031_A_XV,1.156485829502344,1987,4,8
M_031_A_XV,1.1252863891422749,1987,4,9
M_031_A_XV,0.4444806464016437,1987,4,10
M_031_A_XV,0.2925466522574425,1987,4,11
M_031_A_XV,0.40369838103652,1987,4,12
M_031_A_XV,0.0,1987,4,13
M_031_A_XV,0.0950085148215293,1987,4,14
M_031_A_XV,0.1900170296430587,1987,4,15
M_031_A_XV,2.154290735721588,1987,4,16
M_031_A_XV,1.7401695847511292,1987,4,17
M_031_A_XV,4.663880228996277,1987,4,18
M_031_A_XV,0.3909575343132019,1987,4,19
M_031_A_XV,0.0,1987,4,20
M_031_A_XV,0.0,1987,4,21
M_031_A_XV,0.2639632932841778,1987,4,22
M_031_A_XV,1.8147603869438167,1987,4,23
M_031_A_XV,0.9519659727811812,1987,4,24
M_031_A_XV,0.0,1987,4,25
M_031_A_XV,0.0,1987,4,26
M_031_A_XV,0.0,1987,4,27
M_031_A_XV,0.0,1987,4,28
M_031_A_XV,0.0,1987,4,29
M_031_A_XV,0.0,1987,4,30
M_031_A_XV,0.0,1987,5,1
M_031_A_XV,0.0,1987,5,2
M_031_A_XV,0.0,1987,5,3
M_031_A_XV,0.0,1987,5,4
M_031_A_XV,0.0,1987,5,5
M_031_A_XV,0.0,1987,5,6
M_031_A_XV,0.0,1987,5,7
M_031_A_XV,0.0,1987,5,8
M_031_A_XV,0.0,1987,5,9
M_031_A_XV,0.0,1987,5,10
M_031_A_XV,0.0,1987,5,11
M_031_A_XV,0.0,1987,5,12
M_031_A_XV,0.0,1987,5,13
M_031_A_XV,0.0,1987,5,14
M_031_A_XV,0.0,1987,5,15
M_031_A_XV,0.0,1987,5,16
M_031_A_XV,0.0,1987,5,17
M_031_A_XV,0.4030473232269287,1987,5,18
M_031_A_XV,0.3129158318042755,1987,5,19
M_031_A_XV,0.0,1987,5,20
M_031_A_XV,0.0,1987,5,21
M_031_A_XV,0.0,1987,5,22
M_031_A_XV,0.0,1987,5,23
M_031_A_XV,0.0,1987,5,24
M_031_A_XV,0.0,1987,5,25
M_031_A_XV,0.0,1987,5,26
M_031_A_XV,0.0,1987,5,27
M_031_A_XV,0.0,1987,5,28
M_031_A_XV,0.0,1987,5,29
M_031_A_XV,0.0,1987,5,30
M_031_A_XV,0.1748477700166404,1987,5,31
M_031_A_XV,0.3712456114590168,1987,6,1
M_031_A_XV,0.0,1987,6,2
M_031_A_XV,0.0,1987,6,3
M_031_A_XV,0.0,1987,6,4
M_031_A_XV,0.0,1987,6,5
M_031_A_XV,0.0,1987,6,6
M_031_A_XV,0.0,1987,6,7
M_031_A_XV,0.0,1987,6,8
M_031_A_XV,0.0,1987,6,9
M_031_A_XV,0.0588256865739822,1987,6,10
M_031_A_XV,0.0,1987,6,11
M_031_A_XV,0.0,1987,6,12
M_031_A_XV,0.0,1987,6,13
M_031_A_XV,0.0,1987,6,14
M_031_A_XV,0.0,1987,6,15
M_031_A_XV,0.0,1987,6,16
M_031_A_XV,0.110129103064537,1987,6,17
M_031_A_XV,0.7804865352809429,1987,6,18
M_031_A_XV,2.820934623479843,1987,6,19
M_031_A_XV,1.604266032576561,1987,6,20
M_031_A_XV,0.7193017154932022,1987,6,21
M_031_A_XV,0.0,1987,6,22
M_031_A_XV,0.0,1987,6,23
M_031_A_XV,0.0,1987,6,24
M_031_A_XV,1.0592568330466747,1987,6,25
M_031_A_XV,2.0737014412879944,1987,6,26
M_031_A_XV,0.4610250378027558,1987,6,27
M_031_A_XV,0.0590633414685726,1987,6,28
M_031_A_XV,0.0570051111280918,1987,6,29
M_031_A_XV,0.0588256865739822,1987,6,30
M_031_A_XV,0.0,1987,7,1
M_031_A_XV,0.1506432332098484,1987,7,2
M_031_A_XV,0.396609928458929,1987,7,3
M_031_A_XV,0.9916670732200146,1987,7,4
M_031_A_XV,0.3640148974955082,1987,7,5
M_031_A_XV,0.0514866563025862,1987,7,6
M_031_A_XV,0.0,1987,7,7
M_031_A_XV,0.0,1987,7,8
M_031_A_XV,0.0,1987,7,9
M_031_A_XV,0.0,1987,7,10
M_031_A_XV,0.0,1987,7,11
M_031_A_XV,0.0,1987,7,12
M_031_A_XV,0.0,1987,7,13
M_031_A_XV,0.0,1987,7,14
M_031_A_XV,0.0,1987,7,15
M_031_A_XV,0.0,1987,7,16
M_031_A_XV,0.0,1987,7,17
M_031_A_XV,0.0,1987,7,18
M_031_A_XV,0.0,1987,7,19
M_031_A_XV,0.0,1987,7,20
M_031_A_XV,0.1366530805826187,1987,7,21
M_031_A_XV,0.0190017037093639,1987,7,22
M_031_A_XV,0.0,1987,7,23
M_031_A_XV,0.0,1987,7,24
M_031_A_XV,0.0,1987,7,25
M_031_A_XV,0.0,1987,7,26
M_031_A_XV,0.0,1987,7,27
M_031_A_XV,0.0,1987,7,28
M_031_A_XV,0.0,1987,7,29
M_031_A_XV,0.0,1987,7,30
M_031_A_XV,0.0,1987,7,31
M_031_A_XV,0.0,1987,8,1
M_031_A_XV,0.0,1987,8,2
M_031_A_XV,0.0,1987,8,3
M_031_A_XV,0.0,1987,8,4
M_031_A_XV,0.0,1987,8,5
M_031_A_XV,0.0,1987,8,6
M_031_A_XV,0.0,1987,8,7
M_031_A_XV,0.0,1987,8,8
M_031_A_XV,0.0,1987,8,9
M_031_A_XV,0.0,1987,8,10
M_031_A_XV,0.0,1987,8,11
M_031_A_XV,0.0,1987,8,12
M_031_A_XV,0.0,1987,8,13
M_031_A_XV,0.0,1987,8,14
M_031_A_XV,0.0,1987,8,15
M_031_A_XV,0.0,1987,8,16
M_031_A_XV,0.0,1987,8,17
M_031_A_XV,0.0,1987,8,18
M_031_A_XV,0.0,1987,8,19
M_031_A_XV,0.1006294344551861,1987,8,20
M_031_A_XV,0.0190017037093639,1987,8,21
M_031_A_XV,0.001900170231238,1987,8,22
M_031_A_XV,0.6769038066267967,1987,8,23
M_031_A_XV,0.0190017037093639,1987,8,24
M_031_A_XV,0.0,1987,8,25
M_031_A_XV,0.0,1987,8,26
M_031_A_XV,0.3254016377031803,1987,8,27
M_031_A_XV,0.0398239828646183,1987,8,28
M_031_A_XV,0.0,1987,8,29
M_031_A_XV,0.0,1987,8,30
M_031_A_XV,0.0,1987,8,31
M_031_A_XV,0.0,1987,9,1
M_031_A_XV,0.0,1987,9,2
M_031_A_XV,0.0,1987,9,3
M_031_A_XV,0.0,1987,9,4
M_031_A_XV,0.0,1987,9,5
M_031_A_XV,0.0,1987,9,6
M_031_A_XV,0.0,1987,9,7
M_031_A_XV,0.0,1987,9,8
M_031_A_XV,0.0,1987,9,9
M_031_A_XV,0.0,1987,9,10
M_031_A_XV,0.5924539566040039,1987,9,11
M_031_A_XV,0.1546180211007595,1987,9,12
M_031_A_XV,1.3946089036762714,1987,9,13
M_031_A_XV,1.2082921117544174,1987,9,14
M_031_A_XV,0.0,1987,9,15
M_031_A_XV,0.007600680924952,1987,9,16
M_031_A_XV,0.0,1987,9,17
M_031_A_XV,0.0,1987,9,18
M_031_A_XV,0.5071295606903732,1987,9,19
M_031_A_XV,0.0,1987,9,20
M_031_A_XV,0.0,1987,9,21
M_031_A_XV,0.0,1987,9,22
M_031_A_XV,0.0,1987,9,23
M_031_A_XV,0.0,1987,9,24
M_031_A_XV,0.0,1987,9,25
M_031_A_XV,0.0,1987,9,26
M_031_A_XV,0.0,1987,9,27
M_031_A_XV,0.0115830786526203,1987,9,28
M_031_A_XV,0.0,1987,9,29
M_031_A_XV,0.0,1987,9,30
M_031_A_XV,0.0,1987,10,1
M_031_A_XV,0.0,1987,10,2
M_031_A_XV,0.0,1987,10,3
M_031_A_XV,0.0,1987,10,4
M_031_A_XV,0.0,1987,10,5
M_031_A_XV,0.0,1987,10,6
M_031_A_XV,0.0323017127811908,1987,10,7
M_031_A_XV,0.2959108799695968,1987,10,8
M_031_A_XV,1.8460061848163605,1987,10,9
M_031_A_XV,2.139846559613943,1987,10,10
M_031_A_XV,0.3332012444734573,1987,10,11
M_031_A_XV,0.0451831929385662,1987,10,12
M_031_A_XV,5.732819527387619,1987,10,13
M_031_A_XV,1.1043673381209371,1987,10,14
M_031_A_XV,0.0822295024991035,1987,10,15
M_031_A_XV,2.3793264627456665,1987,10,16
M_031_A_XV,1.3369325697422028,1987,10,17
M_031_A_XV,2.8220461905002594,1987,10,18
M_031_A_XV,5.730606913566589,1987,10,19
M_031_A_XV,2.8358962684869766,1987,10,20
M_031_A_XV,0.0,1987,10,21
M_031_A_XV,0.121633771341294,1987,10,22
M_031_A_XV,0.0,1987,10,23
M_031_A_XV,0.0,1987,10,24
M_031_A_XV,0.0,1987,10,25
M_031_A_XV,0.0057005109265446,1987,10,26
M_031_A_XV,1.4194721840322018,1987,10,27
M_031_A_XV,2.8780578151345253,1987,10,28
M_031_A_XV,0.1824075588956475,1987,10,29
M_031_A_XV,0.0,1987,10,30
M_031_A_XV,0.0,1987,10,31
M_031_A_XV,0.0,1987,11,1
M_031_A_XV,3.5522338952869177,1987,11,2
M_031_A_XV,8.895337760448456,1987,11,3
M_031_A_XV,2.195472106337548,1987,11,4
M_031_A_XV,0.0172835907433182,1987,11,5
M_031_A_XV,0.0,1987,11,6
M_031_A_XV,0.0,1987,11,7
M_031_A_XV,0.003800340462476,1987,11,8
M_031_A_XV,5.60908168554306,1987,11,9
M_031_A_XV,13.172370195388794,1987,11,10
M_031_A_XV,9.635761976242064,1987,11,11
M_031_A_XV,4.332289695739746,1987,11,12
M_031_A_XV,5.342074453830719,1987,11,13
M_031_A_XV,0.1388225108385086,1987,11,14
M_031_A_XV,0.9656916856765748,1987,11,15
M_031_A_XV,9.033501118421556,1987,11,16
M_031_A_XV,4.0209664180874825,1987,11,17
M_031_A_XV,2.534877965226769,1987,11,18
M_031_A_XV,2.369839169085026,1987,11,19
M_031_A_XV,12.003512501716614,1987,11,20
M_031_A_XV,16.529305577278137,1987,11,21
M_031_A_XV,13.698150992393494,1987,11,22
M_031_A_XV,4.5743197202682495,1987,11,23
M_031_A_XV,0.9963955134153366,1987,11,24
M_031_A_XV,2.9731134548783302,1987,11,25
M_031_A_XV,10.82186084985733,1987,11,26
M_031_A_XV,11.615437626838684,1987,11,27
M_031_A_XV,15.886427402496338,1987,11,28
M_031_A_XV,10.061734020709991,1987,11,29
M_031_A_XV,12.27451890707016,1987,11,30
M_031_A_XV,2.049300275743008,1987,12,1
M_031_A_XV,0.1424308121204376,1987,12,2
M_031_A_XV,0.0,1987,12,3
M_031_A_XV,0.7127202488481998,1987,12,4
M_031_A_XV,2.669177383184433,1987,12,5
M_031_A_XV,0.0172671973705291,1987,12,6
M_031_A_XV,0.0013300009304657,1987,12,7
M_031_A_XV,0.0,1987,12,8
M_031_A_XV,0.0013300009304657,1987,12,9
M_031_A_XV,0.2297919038683176,1987,12,10
M_031_A_XV,0.0,1987,12,11
M_031_A_XV,1.980902314186096,1987,12,12
M_031_A_XV,3.876047447323799,1987,12,13
M_031_A_XV,2.0668019019067287,1987,12,14
M_031_A_XV,10.934784054756165,1987,12,15
M_031_A_XV,2.4189351685345173,1987,12,16
M_031_A_XV,0.0,1987,12,17
M_031_A_XV,0.0,1987,12,18
M_031_A_XV,0.0,1987,12,19
M_031_A_XV,0.0,1987,12,20
M_031_A_XV,3.865046851336956,1987,12,21
M_031_A_XV,2.231962025165558,1987,12,22
M_031_A_XV,1.399396575987339,1987,12,23
M_031_A_XV,2.787798263132572,1987,12,24
M_031_A_XV,9.248747646808624,1987,12,25
M_031_A_XV,2.487475425004959,1987,12,26
M_031_A_XV,0.0,1987,12,27
M_031_A_XV,0.0039823981933295,1987,12,28
M_031_A_XV,0.683288274332881,1987,12,29
M_031_A_XV,2.5963044911623,1987,12,30
M_031_A_XV,8.341999620199203,1987,12,31
M_031_A_XV,10.088954091072084,1988,1,1
M_031_A_XV,2.493530660867691,1988,1,2
M_031_A_XV,2.7163586728274822,1988,1,3
M_031_A_XV,3.5999627336859703,1988,1,4
M_031_A_XV,4.433301538228989,1988,1,5
M_031_A_XV,7.179794549942017,1988,1,6
M_031_A_XV,9.23089773952961,1988,1,7
M_031_A_XV,6.969976365566254,1988,1,8
M_031_A_XV,8.254361480474472,1988,1,9
M_031_A_XV,11.979250997304916,1988,1,10
M_031_A_XV,8.084867596626282,1988,1,11
M_031_A_XV,4.280300639569759,1988,1,12
M_031_A_XV,13.73880910873413,1988,1,13
M_031_A_XV,2.6265839487314224,1988,1,14
M_031_A_XV,13.860808044672012,1988,1,15
M_031_A_XV,20.48926568031311,1988,1,16
M_031_A_XV,15.533844590187073,1988,1,17
M_031_A_XV,8.04459124058485,1988,1,18
M_031_A_XV,11.64987686276436,1988,1,19
M_031_A_XV,13.415831446647644,1988,1,20
M_031_A_XV,17.711065530776978,1988,1,21
M_031_A_XV,14.511543035507202,1988,1,22
M_031_A_XV,14.057430505752563,1988,1,23
M_031_A_XV,9.848570495843887,1988,1,24
M_031_A_XV,8.758871302008629,1988,1,25
M_031_A_XV,16.359140396118164,1988,1,26
M_031_A_XV,27.65885043144226,1988,1,27
M_031_A_XV,21.13185377418995,1988,1,28
M_031_A_XV,14.502150878310204,1988,1,29
M_031_A_XV,4.008796874433756,1988,1,30
M_031_A_XV,9.70815557986498,1988,1,31
M_031_A_XV,14.122722864151,1988,2,1
M_031_A_XV,12.05320966243744,1988,2,2
M_031_A_XV,7.4405070543289185,1988,2,3
M_031_A_XV,17.767972707748413,1988,2,4
M_031_A_XV,12.576402187347412,1988,2,5
M_031_A_XV,11.746073603630066,1988,2,6
M_031_A_XV,4.155274614691734,1988,2,7
M_031_A_XV,0.0311069581657648,1988,2,8
M_031_A_XV,0.0,1988,2,9
M_031_A_XV,0.4132928345352411,1988,2,10
M_031_A_XV,3.7863922491669655,1988,2,11
M_031_A_XV,7.838985085487366,1988,2,12
M_031_A_XV,6.186638742685318,1988,2,13
M_031_A_XV,3.959998250007629,1988,2,14
M_031_A_XV,17.509886026382446,1988,2,15
M_031_A_XV,14.360464334487917,1988,2,16
M_031_A_XV,10.894918292760847,1988,2,17
M_031_A_XV,2.6856186911463737,1988,2,18
M_031_A_XV,6.022918555885553,1988,2,19
M_031_A_XV,14.713781952857971,1988,2,20
M_031_A_XV,10.243044316768646,1988,2,21
M_031_A_XV,4.771746464073658,1988,2,22
M_031_A_XV,0.3601098912768066,1988,2,23
M_031_A_XV,0.0398239828646183,1988,2,24
M_031_A_XV,0.361996591091156,1988,2,25
M_031_A_XV,1.556195855140686,1988,2,26
M_031_A_XV,0.3335582166910171,1988,2,27
M_031_A_XV,1.3588194251060486,1988,2,28
M_031_A_XV,3.552627295255661,1988,2,29
M_031_A_XV,6.464788693934679,1988,3,1
M_031_A_XV,3.2298376336693764,1988,3,2
M_031_A_XV,4.637878373265266,1988,3,3
M_031_A_XV,9.923081576824188,1988,3,4
M_031_A_XV,13.253340303897858,1988,3,5
M_031_A_XV,9.392106413841248,1988,3,6
M_031_A_XV,2.946481972932816,1988,3,7
M_031_A_XV,11.91315656900406,1988,3,8
M_031_A_XV,15.160961627960203,1988,3,9
M_031_A_XV,12.903036758303642,1988,3,10
M_031_A_XV,11.603757441043854,1988,3,11
M_031_A_XV,16.56765365600586,1988,3,12
M_031_A_XV,5.774871736764908,1988,3,13
M_031_A_XV,13.428898930549622,1988,3,14
M_031_A_XV,9.181194633245468,1988,3,15
M_031_A_XV,17.676856994628906,1988,3,16
M_031_A_XV,14.661626815795898,1988,3,17
M_031_A_XV,4.672363758087158,1988,3,18
M_031_A_XV,3.9389982521533966,1988,3,19
M_031_A_XV,4.123650625348091,1988,3,20
M_031_A_XV,9.58445343375206,1988,3,21
M_031_A_XV,12.94674801826477,1988,3,22
M_031_A_XV,0.1689547896385193,1988,3,23
M_031_A_XV,0.8884789943695068,1988,3,24
M_031_A_XV,4.716820124536753,1988,3,25
M_031_A_XV,12.4811030626297,1988,3,26
M_031_A_XV,18.21005606651306,1988,3,27
M_031_A_XV,9.701460711658,1988,3,28
M_031_A_XV,14.682918429374697,1988,3,29
M_031_A_XV,14.029126286506653,1988,3,30
M_031_A_XV,5.727955251932144,1988,3,31
M_031_A_XV,2.558707820251584,1988,4,1
M_031_A_XV,5.183992739766836,1988,4,2
M_031_A_XV,12.178606629371645,1988,4,3
M_031_A_XV,9.422411680221558,1988,4,4
M_031_A_XV,11.964847400784492,1988,4,5
M_031_A_XV,5.875959634780884,1988,4,6
M_031_A_XV,4.7454662919044495,1988,4,7
M_031_A_XV,1.5451606214046478,1988,4,8
M_031_A_XV,4.245232909917831,1988,4,9
M_031_A_XV,4.8944622576236725,1988,4,10
M_031_A_XV,16.915233612060547,1988,4,11
M_031_A_XV,2.2420501187443733,1988,4,12
M_031_A_XV,0.0,1988,4,13
M_031_A_XV,3.041371583938598,1988,4,14
M_031_A_XV,0.4695033431053161,1988,4,15
M_031_A_XV,0.0,1988,4,16
M_031_A_XV,0.0,1988,4,17
M_031_A_XV,0.0,1988,4,18
M_031_A_XV,0.0,1988,4,19
M_031_A_XV,0.0039823981933295,1988,4,20
M_031_A_XV,0.0,1988,4,21
M_031_A_XV,0.0,1988,4,22
M_031_A_XV,1.3081547440961003,1988,4,23
M_031_A_XV,2.2730927914381027,1988,4,24
M_031_A_XV,4.493490770459175,1988,4,25
M_031_A_XV,5.919229418039322,1988,4,26
M_031_A_XV,2.6573604196310043,1988,4,27
M_031_A_XV,5.214292526245117,1988,4,28
M_031_A_XV,1.2991896606981754,1988,4,29
M_031_A_XV,0.3982398211956024,1988,4,30
M_031_A_XV,1.6113055273890495,1988,5,1
M_031_A_XV,0.0976129248738288,1988,5,2
M_031_A_XV,0.0,1988,5,3
M_031_A_XV,0.0,1988,5,4
M_031_A_XV,0.0,1988,5,5
M_031_A_XV,0.0262142738793045,1988,5,6
M_031_A_XV,1.151710979640484,1988,5,7
M_031_A_XV,0.9251358658075332,1988,5,8
M_031_A_XV,0.1360184699296951,1988,5,9
M_031_A_XV,0.0,1988,5,10
M_031_A_XV,0.0,1988,5,11
M_031_A_XV,0.0,1988,5,12
M_031_A_XV,0.0,1988,5,13
M_031_A_XV,0.0,1988,5,14
M_031_A_XV,0.0,1988,5,15
M_031_A_XV,0.0,1988,5,16
M_031_A_XV,0.0,1988,5,17
M_031_A_XV,0.001900170231238,1988,5,18
M_031_A_XV,0.0,1988,5,19
M_031_A_XV,0.0,1988,5,20
M_031_A_XV,0.0,1988,5,21
M_031_A_XV,0.0,1988,5,22
M_031_A_XV,0.0,1988,5,23
M_031_A_XV,0.0,1988,5,24
M_031_A_XV,0.0,1988,5,25
M_031_A_XV,0.0,1988,5,26
M_031_A_XV,0.0,1988,5,27
M_031_A_XV,0.0,1988,5,28
M_031_A_XV,0.0,1988,5,29
M_031_A_XV,0.0,1988,5,30
M_031_A_XV,0.0,1988,5,31
M_031_A_XV,0.0,1988,6,1
M_031_A_XV,0.0,1988,6,2
M_031_A_XV,0.0,1988,6,3
M_031_A_XV,0.0,1988,6,4
M_031_A_XV,0.0,1988,6,5
M_031_A_XV,0.0,1988,6,6
M_031_A_XV,0.0,1988,6,7
M_031_A_XV,0.0,1988,6,8
M_031_A_XV,0.1508721560239792,1988,6,9
M_031_A_XV,0.1764770559966564,1988,6,10
M_031_A_XV,0.0,1988,6,11
M_031_A_XV,0.0,1988,6,12
M_031_A_XV,0.0,1988,6,13
M_031_A_XV,0.0,1988,6,14
M_031_A_XV,0.0,1988,6,15
M_031_A_XV,0.0,1988,6,16
M_031_A_XV,0.0,1988,6,17
M_031_A_XV,0.0,1988,6,18
M_031_A_XV,0.0,1988,6,19
M_031_A_XV,0.0,1988,6,20
M_031_A_XV,0.0,1988,6,21
M_031_A_XV,0.0,1988,6,22
M_031_A_XV,0.0,1988,6,23
M_031_A_XV,0.0,1988,6,24
M_031_A_XV,0.0,1988,6,25
M_031_A_XV,0.0,1988,6,26
M_031_A_XV,0.0,1988,6,27
M_031_A_XV,0.0,1988,6,28
M_031_A_XV,0.0058825686573982,1988,6,29
M_031_A_XV,0.0117651373147964,1988,6,30
M_031_A_XV,0.0340046174824237,1988,7,1
M_031_A_XV,0.0,1988,7,2
M_031_A_XV,0.0,1988,7,3
M_031_A_XV,0.0,1988,7,4
M_031_A_XV,0.0,1988,7,5
M_031_A_XV,0.0,1988,7,6
M_031_A_XV,0.0,1988,7,7
M_031_A_XV,0.0,1988,7,8
M_031_A_XV,0.0,1988,7,9
M_031_A_XV,0.0,1988,7,10
M_031_A_XV,0.0,1988,7,11
M_031_A_XV,0.0,1988,7,12
M_031_A_XV,0.0,1988,7,13
M_031_A_XV,0.0,1988,7,14
M_031_A_XV,0.0,1988,7,15
M_031_A_XV,0.0,1988,7,16
M_031_A_XV,0.0,1988,7,17
M_031_A_XV,0.0,1988,7,18
M_031_A_XV,0.0,1988,7,19
M_031_A_XV,0.0,1988,7,20
M_031_A_XV,0.0,1988,7,21
M_031_A_XV,0.0,1988,7,22
M_031_A_XV,0.0,1988,7,23
M_031_A_XV,0.0,1988,7,24
M_031_A_XV,0.0919364057481288,1988,7,25
M_031_A_XV,0.0114010218530893,1988,7,26
M_031_A_XV,0.0,1988,7,27
M_031_A_XV,0.0,1988,7,28
M_031_A_XV,0.0,1988,7,29
M_031_A_XV,0.0,1988,7,30
M_031_A_XV,0.0,1988,7,31
M_031_A_XV,0.0,1988,8,1
M_031_A_XV,0.0,1988,8,2
M_031_A_XV,0.0,1988,8,3
M_031_A_XV,0.0,1988,8,4
M_031_A_XV,0.0,1988,8,5
M_031_A_XV,0.0,1988,8,6
M_031_A_XV,0.0,1988,8,7
M_031_A_XV,0.0,1988,8,8
M_031_A_XV,0.0,1988,8,9
M_031_A_XV,0.0,1988,8,10
M_031_A_XV,0.0,1988,8,11
M_031_A_XV,0.0,1988,8,12
M_031_A_XV,0.0,1988,8,13
M_031_A_XV,0.0,1988,8,14
M_031_A_XV,0.0,1988,8,15
M_031_A_XV,0.0,1988,8,16
M_031_A_XV,0.0,1988,8,17
M_031_A_XV,0.0,1988,8,18
M_031_A_XV,0.0,1988,8,19
M_031_A_XV,0.0,1988,8,20
M_031_A_XV,0.0,1988,8,21
M_031_A_XV,0.0,1988,8,22
M_031_A_XV,0.0,1988,8,23
M_031_A_XV,0.0,1988,8,24
M_031_A_XV,0.0,1988,8,25
M_031_A_XV,0.0,1988,8,26
M_031_A_XV,0.0,1988,8,27
M_031_A_XV,0.0,1988,8,28
M_031_A_XV,0.0,1988,8,29
M_031_A_XV,0.0,1988,8,30
M_031_A_XV,0.0,1988,8,31
M_031_A_XV,0.0,1988,9,1
M_031_A_XV,0.0,1988,9,2
M_031_A_XV,0.0323017127811908,1988,9,3
M_031_A_XV,0.9527664184570312,1988,9,4
M_031_A_XV,0.6211145371198654,1988,9,5
M_031_A_XV,4.113449364900589,1988,9,6
M_031_A_XV,1.640632774680853,1988,9,7
M_031_A_XV,0.161514475941658,1988,9,8
M_031_A_XV,0.0,1988,9,9
M_031_A_XV,0.0,1988,9,10
M_031_A_XV,0.0,1988,9,11
M_031_A_XV,0.0,1988,9,12
M_031_A_XV,0.0,1988,9,13
M_031_A_XV,0.0,1988,9,14
M_031_A_XV,0.294524040305987,1988,9,15
M_031_A_XV,1.6584243318066,1988,9,16
M_031_A_XV,0.0,1988,9,17
M_031_A_XV,0.0,1988,9,18
M_031_A_XV,0.0190017037093639,1988,9,19
M_031_A_XV,0.9004262126982212,1988,9,20
M_031_A_XV,0.2559112906455993,1988,9,21
M_031_A_XV,0.0588256865739822,1988,9,22
M_031_A_XV,0.1786136478185653,1988,9,23
M_031_A_XV,1.3102418296039104,1988,9,24
M_031_A_XV,2.6801730692386627,1988,9,25
M_031_A_XV,0.0760068148374557,1988,9,26
M_031_A_XV,2.085651233792305,1988,9,27
M_031_A_XV,0.7131905555725098,1988,9,28
M_031_A_XV,0.0,1988,9,29
M_031_A_XV,0.0,1988,9,30
M_031_A_XV,0.0,1988,10,1
M_031_A_XV,0.0,1988,10,2
M_031_A_XV,0.0,1988,10,3
M_031_A_XV,0.0,1988,10,4
M_031_A_XV,0.0,1988,10,5
M_031_A_XV,0.0,1988,10,6
M_031_A_XV,0.0,1988,10,7
M_031_A_XV,0.0,1988,10,8
M_031_A_XV,0.0,1988,10,9
M_031_A_XV,0.1413168311119079,1988,10,10
M_031_A_XV,0.0,1988,10,11
M_031_A_XV,0.0,1988,10,12
M_031_A_XV,0.0,1988,10,13
M_031_A_XV,0.0,1988,10,14
M_031_A_XV,0.0,1988,10,15
M_031_A_XV,0.0,1988,10,16
M_031_A_XV,0.0,1988,10,17
M_031_A_XV,0.0,1988,10,18
M_031_A_XV,0.0,1988,10,19
M_031_A_XV,0.0,1988,10,20
M_031_A_XV,0.0,1988,10,21
M_031_A_XV,0.0,1988,10,22
M_031_A_XV,0.0,1988,10,23
M_031_A_XV,0.0304027255624532,1988,10,24
M_031_A_XV,0.0,1988,10,25
M_031_A_XV,0.0,1988,10,26
M_031_A_XV,0.288666695356369,1988,10,27
M_031_A_XV,0.0190017037093639,1988,10,28
M_031_A_XV,0.0,1988,10,29
M_031_A_XV,0.0,1988,10,30
M_031_A_XV,0.0,1988,10,31
M_031_A_XV,0.0,1988,11,1
M_031_A_XV,0.0,1988,11,2
M_031_A_XV,0.0190017037093639,1988,11,3
M_031_A_XV,0.001900170231238,1988,11,4
M_031_A_XV,0.0,1988,11,5
M_031_A_XV,0.0,1988,11,6
M_031_A_XV,0.0,1988,11,7
M_031_A_XV,0.5997742535546422,1988,11,8
M_031_A_XV,0.4555594832636416,1988,11,9
M_031_A_XV,0.0,1988,11,10
M_031_A_XV,0.0295948982238769,1988,11,11
M_031_A_XV,0.1645058640278875,1988,11,12
M_031_A_XV,0.3474695126060396,1988,11,13
M_031_A_XV,0.0,1988,11,14
M_031_A_XV,0.3397553861141205,1988,11,15
M_031_A_XV,1.193776983767748,1988,11,16
M_031_A_XV,0.0286846123635768,1988,11,17
M_031_A_XV,0.0,1988,11,18
M_031_A_XV,0.0,1988,11,19
M_031_A_XV,0.0,1988,11,20
M_031_A_XV,0.0,1988,11,21
M_031_A_XV,3.156402722001076,1988,11,22
M_031_A_XV,6.562130093574524,1988,11,23
M_031_A_XV,7.178253084421158,1988,11,24
M_031_A_XV,0.7299592345952988,1988,11,25
M_031_A_XV,0.0133000090718269,1988,11,26
M_031_A_XV,0.0190017037093639,1988,11,27
M_031_A_XV,0.0,1988,11,28
M_031_A_XV,0.0,1988,11,29
M_031_A_XV,0.0,1988,11,30
M_031_A_XV,0.5117594674229622,1988,12,1
M_031_A_XV,0.0248842723667621,1988,12,2
M_031_A_XV,0.0719448160380125,1988,12,3
M_031_A_XV,0.2904872894287109,1988,12,4
M_031_A_XV,6.244468294084072,1988,12,5
M_031_A_XV,14.517048239707949,1988,12,6
M_031_A_XV,4.495176516473293,1988,12,7
M_031_A_XV,0.0,1988,12,8
M_031_A_XV,0.0,1988,12,9
M_031_A_XV,0.4901631474494934,1988,12,10
M_031_A_XV,4.579700745642185,1988,12,11
M_031_A_XV,3.013868695124984,1988,12,12
M_031_A_XV,2.421828143298626,1988,12,13
M_031_A_XV,8.93787968158722,1988,12,14
M_031_A_XV,13.774792075157166,1988,12,15
M_031_A_XV,10.024384140968325,1988,12,16
M_031_A_XV,3.94801576435566,1988,12,17
M_031_A_XV,4.436082780361176,1988,12,18
M_031_A_XV,3.136268615722656,1988,12,19
M_031_A_XV,2.709764301776886,1988,12,20
M_031_A_XV,12.600805044174194,1988,12,21
M_031_A_XV,0.0187246277928352,1988,12,22
M_031_A_XV,0.2159105958417058,1988,12,23
M_031_A_XV,2.164043217897415,1988,12,24
M_031_A_XV,0.0519454143941402,1988,12,25
M_031_A_XV,0.8570171187166125,1988,12,26
M_031_A_XV,0.3858521189540624,1988,12,27
M_031_A_XV,0.8782815746963024,1988,12,28
M_031_A_XV,14.20867109298706,1988,12,29
M_031_A_XV,17.08802592754364,1988,12,30
M_031_A_XV,9.981331259012222,1988,12,31
M_031_A_XV,2.025965806096792,1989,1,1
M_031_A_XV,8.480588652193546,1989,1,2
M_031_A_XV,11.065836250782011,1989,1,3
M_031_A_XV,13.584767177700996,1989,1,4
M_031_A_XV,8.804198265075684,1989,1,5
M_031_A_XV,0.641461287625134,1989,1,6
M_031_A_XV,0.0039900024421513,1989,1,7
M_031_A_XV,0.1109141111373901,1989,1,8
M_031_A_XV,3.5633789375424385,1989,1,9
M_031_A_XV,5.048402428627014,1989,1,10
M_031_A_XV,8.739747881889343,1989,1,11
M_031_A_XV,11.120865367352962,1989,1,12
M_031_A_XV,5.487162806093693,1989,1,13
M_031_A_XV,5.605524525046349,1989,1,14
M_031_A_XV,1.669985830783844,1989,1,15
M_031_A_XV,0.1380776669830083,1989,1,16
M_031_A_XV,0.1784532705787569,1989,1,17
M_031_A_XV,0.1389019414782524,1989,1,18
M_031_A_XV,0.5834654271602631,1989,1,19
M_031_A_XV,2.604931831359864,1989,1,20
M_031_A_XV,5.160992205142975,1989,1,21
M_031_A_XV,8.653543770313263,1989,1,22
M_031_A_XV,15.159353375434875,1989,1,23
M_031_A_XV,2.631706427782774,1989,1,24
M_031_A_XV,1.41117762029171,1989,1,25
M_031_A_XV,9.59377458691597,1989,1,26
M_031_A_XV,13.792732238769531,1989,1,27
M_031_A_XV,2.866997353732586,1989,1,28
M_031_A_XV,2.798623323440552,1989,1,29
M_031_A_XV,5.718937605619431,1989,1,30
M_031_A_XV,1.728714955970645,1989,1,31
M_031_A_XV,1.6491590472869575,1989,2,1
M_031_A_XV,0.8559670746326447,1989,2,2
M_031_A_XV,3.3822296112775803,1989,2,3
M_031_A_XV,4.304446801543236,1989,2,4
M_031_A_XV,9.83617988228798,1989,2,5
M_031_A_XV,3.1796512342989445,1989,2,6
M_031_A_XV,9.637125253677368,1989,2,7
M_031_A_XV,11.783578753471376,1989,2,8
M_031_A_XV,20.719283521175385,1989,2,9
M_031_A_XV,7.0727289617061615,1989,2,10
M_031_A_XV,5.268041227012873,1989,2,11
M_031_A_XV,0.4370441138744354,1989,2,12
M_031_A_XV,7.072275102138519,1989,2,13
M_031_A_XV,14.597211003303528,1989,2,14
M_031_A_XV,2.078920751810074,1989,2,15
M_031_A_XV,2.508899304550141,1989,2,16
M_031_A_XV,4.836595952510834,1989,2,17
M_031_A_XV,0.9819259345531464,1989,2,18
M_031_A_XV,9.322919143363832,1989,2,19
M_031_A_XV,13.961255669593813,1989,2,20
M_031_A_XV,3.093353524804116,1989,2,21
M_031_A_XV,0.4798938930034637,1989,2,22
M_031_A_XV,0.0716806831769645,1989,2,23
M_031_A_XV,2.752216555178165,1989,2,24
M_031_A_XV,5.3955700397491455,1989,2,25
M_031_A_XV,4.364864885807037,1989,2,26
M_031_A_XV,3.375762030482292,1989,2,27
M_031_A_XV,1.5462729814462364,1989,2,28
M_031_A_XV,10.584054172039032,1989,3,1
M_031_A_XV,10.533214032649994,1989,3,2
M_031_A_XV,5.491575866937637,1989,3,3
M_031_A_XV,12.342281579971312,1989,3,4
M_031_A_XV,11.695125937461851,1989,3,5
M_031_A_XV,3.9643434882164,1989,3,6
M_031_A_XV,7.155592530965805,1989,3,7
M_031_A_XV,6.8885499238967896,1989,3,8
M_031_A_XV,17.220717668533325,1989,3,9
M_031_A_XV,6.368831634521484,1989,3,10
M_031_A_XV,9.252808004617693,1989,3,11
M_031_A_XV,17.862086534500122,1989,3,12
M_031_A_XV,4.290606521070004,1989,3,13
M_031_A_XV,13.182192414999008,1989,3,14
M_031_A_XV,5.711825907230377,1989,3,15
M_031_A_XV,1.6744742561131716,1989,3,16
M_031_A_XV,3.7478509917855263,1989,3,17
M_031_A_XV,4.2487348690629005,1989,3,18
M_031_A_XV,2.8644911162555218,1989,3,19
M_031_A_XV,7.808778166770935,1989,3,20
M_031_A_XV,7.6653836369514465,1989,3,21
M_031_A_XV,2.553311280440539,1989,3,22
M_031_A_XV,2.633302066475153,1989,3,23
M_031_A_XV,6.331085562705994,1989,3,24
M_031_A_XV,9.374296307563782,1989,3,25
M_031_A_XV,7.43504124879837,1989,3,26
M_031_A_XV,9.218314588069916,1989,3,27
M_031_A_XV,8.85348428785801,1989,3,28
M_031_A_XV,3.913667388726026,1989,3,29
M_031_A_XV,3.459216147661209,1989,3,30
M_031_A_XV,9.366333365440369,1989,3,31
M_031_A_XV,12.076987206935884,1989,4,1
M_031_A_XV,6.529514953494072,1989,4,2
M_031_A_XV,6.875828236341476,1989,4,3
M_031_A_XV,6.3754536509513855,1989,4,4
M_031_A_XV,2.5101164132356644,1989,4,5
M_031_A_XV,1.295639544725418,1989,4,6
M_031_A_XV,0.4380613267421722,1989,4,7
M_031_A_XV,2.0512009114027023,1989,4,8
M_031_A_XV,0.0096829086542129,1989,4,9
M_031_A_XV,0.0058825686573982,1989,4,10
M_031_A_XV,2.430861540138721,1989,4,11
M_031_A_XV,0.4079325832426548,1989,4,12
M_031_A_XV,3.599765747785568,1989,4,13
M_031_A_XV,7.709211468696594,1989,4,14
M_031_A_XV,6.005815148353577,1989,4,15
M_031_A_XV,2.0470875203609467,1989,4,16
M_031_A_XV,3.141381923109293,1989,4,17
M_031_A_XV,2.409602912142873,1989,4,18
M_031_A_XV,11.212583631277084,1989,4,19
M_031_A_XV,9.763145744800568,1989,4,20
M_031_A_XV,2.193022754974664,1989,4,21
M_031_A_XV,0.0,1989,4,22
M_031_A_XV,0.0,1989,4,23
M_031_A_XV,0.4395341239869594,1989,4,24
M_031_A_XV,1.2522937583271414,1989,4,25
M_031_A_XV,0.9447920620441436,1989,4,26
M_031_A_XV,0.0133011920843273,1989,4,27
M_031_A_XV,0.0,1989,4,28
M_031_A_XV,0.0,1989,4,29
M_031_A_XV,0.0,1989,4,30
M_031_A_XV,0.0,1989,5,1
M_031_A_XV,0.0,1989,5,2
M_031_A_XV,0.0,1989,5,3
M_031_A_XV,0.0,1989,5,4
M_031_A_XV,0.0,1989,5,5
M_031_A_XV,0.3171633183956146,1989,5,6
M_031_A_XV,0.2244090661406517,1989,5,7
M_031_A_XV,0.0178297627717256,1989,5,8
M_031_A_XV,0.0238943882286548,1989,5,9
M_031_A_XV,0.1700528170913458,1989,5,10
M_031_A_XV,0.47520621586591,1989,5,11
M_031_A_XV,0.0133000090718269,1989,5,12
M_031_A_XV,0.0,1989,5,13
M_031_A_XV,0.0,1989,5,14
M_031_A_XV,0.0,1989,5,15
M_031_A_XV,0.1673970501869917,1989,5,16
M_031_A_XV,0.0,1989,5,17
M_031_A_XV,0.0,1989,5,18
M_031_A_XV,0.0,1989,5,19
M_031_A_XV,0.0,1989,5,20
M_031_A_XV,0.0910061784088611,1989,5,21
M_031_A_XV,0.0552946014795452,1989,5,22
M_031_A_XV,0.0,1989,5,23
M_031_A_XV,0.0,1989,5,24
M_031_A_XV,0.0190017037093639,1989,5,25
M_031_A_XV,0.0228020441718399,1989,5,26
M_031_A_XV,0.0399035776499658,1989,5,27
M_031_A_XV,0.0190017037093639,1989,5,28
M_031_A_XV,0.0,1989,5,29
M_031_A_XV,0.0,1989,5,30
M_031_A_XV,0.0209018739406019,1989,5,31
M_031_A_XV,0.0190017037093639,1989,6,1
M_031_A_XV,0.0,1989,6,2
M_031_A_XV,0.0,1989,6,3
M_031_A_XV,0.0,1989,6,4
M_031_A_XV,0.1366530805826187,1989,6,5
M_031_A_XV,0.0570051111280918,1989,6,6
M_031_A_XV,0.0,1989,6,7
M_031_A_XV,0.0,1989,6,8
M_031_A_XV,0.0,1989,6,9
M_031_A_XV,0.0,1989,6,10
M_031_A_XV,0.0,1989,6,11
M_031_A_XV,0.0,1989,6,12
M_031_A_XV,0.0,1989,6,13
M_031_A_XV,0.0,1989,6,14
M_031_A_XV,0.0,1989,6,15
M_031_A_XV,0.0,1989,6,16
M_031_A_XV,0.0645817965269088,1989,6,17
M_031_A_XV,0.0190017037093639,1989,6,18
M_031_A_XV,0.0229601059108972,1989,6,19
M_031_A_XV,1.4384025782346723,1989,6,20
M_031_A_XV,0.3587657399475574,1989,6,21
M_031_A_XV,0.1844734030310064,1989,6,22
M_031_A_XV,0.0,1989,6,23
M_031_A_XV,0.0,1989,6,24
M_031_A_XV,0.0,1989,6,25
M_031_A_XV,0.0,1989,6,26
M_031_A_XV,0.0,1989,6,27
M_031_A_XV,0.0,1989,6,28
M_031_A_XV,0.0,1989,6,29
M_031_A_XV,0.0,1989,6,30
M_031_A_XV,0.0,1989,7,1
M_031_A_XV,0.1291308067739009,1989,7,2
M_031_A_XV,0.5008741058409214,1989,7,3
M_031_A_XV,0.0,1989,7,4
M_031_A_XV,0.0,1989,7,5
M_031_A_XV,0.0,1989,7,6
M_031_A_XV,0.0,1989,7,7
M_031_A_XV,0.0,1989,7,8
M_031_A_XV,0.0,1989,7,9
M_031_A_XV,0.0,1989,7,10
M_031_A_XV,0.0,1989,7,11
M_031_A_XV,0.0,1989,7,12
M_031_A_XV,0.0190017037093639,1989,7,13
M_031_A_XV,0.1467937231063842,1989,7,14
M_031_A_XV,1.7059364914894104,1989,7,15
M_031_A_XV,2.037509471178055,1989,7,16
M_031_A_XV,0.0950085185468196,1989,7,17
M_031_A_XV,0.0,1989,7,18
M_031_A_XV,0.0,1989,7,19
M_031_A_XV,0.0,1989,7,20
M_031_A_XV,0.0,1989,7,21
M_031_A_XV,0.0,1989,7,22
M_031_A_XV,0.0,1989,7,23
M_031_A_XV,0.0,1989,7,24
M_031_A_XV,0.0,1989,7,25
M_031_A_XV,0.0,1989,7,26
M_031_A_XV,0.0,1989,7,27
M_031_A_XV,0.0,1989,7,28
M_031_A_XV,0.0,1989,7,29
M_031_A_XV,0.0,1989,7,30
M_031_A_XV,0.0,1989,7,31
M_031_A_XV,0.0,1989,8,1
M_031_A_XV,0.041415637359023,1989,8,2
M_031_A_XV,0.0209018739406019,1989,8,3
M_031_A_XV,0.0588256865739822,1989,8,4
M_031_A_XV,0.4275273382663727,1989,8,5
M_031_A_XV,0.001900170231238,1989,8,6
M_031_A_XV,0.0,1989,8,7
M_031_A_XV,0.0,1989,8,8
M_031_A_XV,0.0,1989,8,9
M_031_A_XV,0.0,1989,8,10
M_031_A_XV,0.0,1989,8,11
M_031_A_XV,0.0,1989,8,12
M_031_A_XV,0.0,1989,8,13
M_031_A_XV,0.1841549726668745,1989,8,14
M_031_A_XV,0.5726509317755699,1989,8,15
M_031_A_XV,0.0190017037093639,1989,8,16
M_031_A_XV,0.2612465228885412,1989,8,17
M_031_A_XV,0.6573407351970673,1989,8,18
M_031_A_XV,0.0190017037093639,1989,8,19
M_031_A_XV,0.0,1989,8,20
M_031_A_XV,0.0,1989,8,21
M_031_A_XV,0.0,1989,8,22
M_031_A_XV,0.0,1989,8,23
M_031_A_XV,0.0,1989,8,24
M_031_A_XV,0.0,1989,8,25
M_031_A_XV,0.0,1989,8,26
M_031_A_XV,0.0,1989,8,27
M_031_A_XV,0.8374132299795747,1989,8,28
M_031_A_XV,0.0155654768459498,1989,8,29
M_031_A_XV,0.1592010091990232,1989,8,30
M_031_A_XV,0.2417882084846496,1989,8,31
M_031_A_XV,0.1297577563673257,1989,9,1
M_031_A_XV,0.0,1989,9,2
M_031_A_XV,0.0,1989,9,3
M_031_A_XV,0.0,1989,9,4
M_031_A_XV,0.0,1989,9,5
M_031_A_XV,0.0,1989,9,6
M_031_A_XV,0.0,1989,9,7
M_031_A_XV,0.0,1989,9,8
M_031_A_XV,0.0,1989,9,9
M_031_A_XV,0.0,1989,9,10
M_031_A_XV,0.0,1989,9,11
M_031_A_XV,0.0,1989,9,12
M_031_A_XV,0.0,1989,9,13
M_031_A_XV,0.0,1989,9,14
M_031_A_XV,0.0229841023683547,1989,9,15
M_031_A_XV,0.1348324976861477,1989,9,16
M_031_A_XV,0.0,1989,9,17
M_031_A_XV,0.0,1989,9,18
M_031_A_XV,0.0,1989,9,19
M_031_A_XV,0.0,1989,9,20
M_031_A_XV,0.0,1989,9,21
M_031_A_XV,0.0176477059721946,1989,9,22
M_031_A_XV,0.0588256865739822,1989,9,23
M_031_A_XV,0.0904231593012809,1989,9,24
M_031_A_XV,0.4844855442643165,1989,9,25
M_031_A_XV,0.0,1989,9,26
M_031_A_XV,0.0,1989,9,27
M_031_A_XV,0.0,1989,9,28
M_031_A_XV,0.0,1989,9,29
M_031_A_XV,0.0146311931312084,1989,9,30
M_031_A_XV,0.0,1989,10,1
M_031_A_XV,0.0,1989,10,2
M_031_A_XV,0.3537571171764284,1989,10,3
M_031_A_XV,2.128341645002365,1989,10,4
M_031_A_XV,0.9486192353069782,1989,10,5
M_031_A_XV,0.6076417006552219,1989,10,6
M_031_A_XV,2.99150812625885,1989,10,7
M_031_A_XV,3.241633255034685,1989,10,8
M_031_A_XV,2.8085223212838173,1989,10,9
M_031_A_XV,0.1578722039703279,1989,10,10
M_031_A_XV,0.024702213704586,1989,10,11
M_031_A_XV,0.0,1989,10,12
M_031_A_XV,0.0,1989,10,13
M_031_A_XV,0.0,1989,10,14
M_031_A_XV,0.0,1989,10,15
M_031_A_XV,0.0,1989,10,16
M_031_A_XV,0.0,1989,10,17
M_031_A_XV,1.246180796995759,1989,10,18
M_031_A_XV,3.911109119653702,1989,10,19
M_031_A_XV,0.0970907472074031,1989,10,20
M_031_A_XV,0.0,1989,10,21
M_031_A_XV,0.3267497066408396,1989,10,22
M_031_A_XV,0.0779069850686937,1989,10,23
M_031_A_XV,0.0,1989,10,24
M_031_A_XV,0.0,1989,10,25
M_031_A_XV,0.0,1989,10,26
M_031_A_XV,0.9542709589004515,1989,10,27
M_031_A_XV,8.002240002155304,1989,10,28
M_031_A_XV,1.7925728815607729,1989,10,29
M_031_A_XV,0.1047786846756935,1989,10,30
M_031_A_XV,0.913722850382328,1989,10,31
M_031_A_XV,2.8838566802442074,1989,11,1
M_031_A_XV,0.0714050652459263,1989,11,2
M_031_A_XV,0.8010940286330879,1989,11,3
M_031_A_XV,4.34123070538044,1989,11,4
M_031_A_XV,3.0188485118560493,1989,11,5
M_031_A_XV,2.891453355550766,1989,11,6
M_031_A_XV,0.042365126311779,1989,11,7
M_031_A_XV,0.0,1989,11,8
M_031_A_XV,0.0,1989,11,9
M_031_A_XV,0.0,1989,11,10
M_031_A_XV,0.0,1989,11,11
M_031_A_XV,0.0,1989,11,12
M_031_A_XV,0.0,1989,11,13
M_031_A_XV,0.0,1989,11,14
M_031_A_XV,0.0,1989,11,15
M_031_A_XV,3.4835469610989094,1989,11,16
M_031_A_XV,2.854763925075531,1989,11,17
M_031_A_XV,0.6957816258072853,1989,11,18
M_031_A_XV,0.0,1989,11,19
M_031_A_XV,0.0,1989,11,20
M_031_A_XV,0.0,1989,11,21
M_031_A_XV,0.0039823981933295,1989,11,22
M_031_A_XV,0.3379095792770386,1989,11,23
M_031_A_XV,2.0014444552361965,1989,11,24
M_031_A_XV,1.6361956894397736,1989,11,25
M_031_A_XV,0.0,1989,11,26
M_031_A_XV,0.1291308104991912,1989,11,27
M_031_A_XV,5.549374520778656,1989,11,28
M_031_A_XV,1.957632198929787,1989,11,29
M_031_A_XV,0.8773156218230724,1989,11,30
M_031_A_XV,0.0323017127811908,1989,12,1
M_031_A_XV,0.8635569848120213,1989,12,2
M_031_A_XV,0.0366254113614559,1989,12,3
M_031_A_XV,0.0,1989,12,4
M_031_A_XV,0.0096829086542129,1989,12,5
M_031_A_XV,0.9245455553755164,1989,12,6
M_031_A_XV,1.4792881309986117,1989,12,7
M_031_A_XV,0.72327108704485,1989,12,8
M_031_A_XV,2.6789811477065086,1989,12,9
M_031_A_XV,5.653933346271515,1989,12,10
M_031_A_XV,2.709127016365528,1989,12,11
M_031_A_XV,0.7502441825345159,1989,12,12
M_031_A_XV,3.833435848355293,1989,12,13
M_031_A_XV,9.157089352607729,1989,12,14
M_031_A_XV,5.272084411233664,1989,12,15
M_031_A_XV,3.4315728843212128,1989,12,16
M_031_A_XV,0.581481359899044,1989,12,17
M_031_A_XV,8.769126772880554,1989,12,18
M_031_A_XV,3.807368129491806,1989,12,19
M_031_A_XV,2.6651518046855927,1989,12,20
M_031_A_XV,0.5414653653278947,1989,12,21
M_031_A_XV,0.0193810276687145,1989,12,22
M_031_A_XV,1.3599564731121063,1989,12,23
M_031_A_XV,1.1851105615496635,1989,12,24
M_031_A_XV,1.976969881914556,1989,12,25
M_031_A_XV,0.4562293337658047,1989,12,26
M_031_A_XV,0.2812204696238041,1989,12,27
M_031_A_XV,3.8905273526906967,1989,12,28
M_031_A_XV,2.435235060751438,1989,12,29
M_031_A_XV,2.1106608137488365,1989,12,30
M_031_A_XV,9.087735697627068,1989,12,31
M_031_A_XV,19.74532389640808,1990,1,1
M_031_A_XV,7.97678279876709,1990,1,2
M_031_A_XV,12.204909265041351,1990,1,3
M_031_A_XV,15.52282989025116,1990,1,4
M_031_A_XV,16.066540956497192,1990,1,5
M_031_A_XV,11.769235292449594,1990,1,6
M_031_A_XV,15.61778437718749,1990,1,7
M_031_A_XV,0.9548507407307624,1990,1,8
M_031_A_XV,2.1903125010430813,1990,1,9
M_031_A_XV,1.447107434272766,1990,1,10
M_031_A_XV,1.950398622080684,1990,1,11
M_031_A_XV,2.5610153526067734,1990,1,12
M_031_A_XV,0.0398239828646183,1990,1,13
M_031_A_XV,7.011325858533382,1990,1,14
M_031_A_XV,13.790951013565063,1990,1,15
M_031_A_XV,1.6635777279734612,1990,1,16
M_031_A_XV,0.0411743149161338,1990,1,17
M_031_A_XV,3.373349115252495,1990,1,18
M_031_A_XV,5.697583239525557,1990,1,19
M_031_A_XV,5.123191058635712,1990,1,20
M_031_A_XV,3.579170048236847,1990,1,21
M_031_A_XV,7.198371589183807,1990,1,22
M_031_A_XV,6.258948204107583,1990,1,23
M_031_A_XV,6.297963619232178,1990,1,24
M_031_A_XV,6.356438905000687,1990,1,25
M_031_A_XV,12.823772192001345,1990,1,26
M_031_A_XV,10.29483151435852,1990,1,27
M_031_A_XV,8.14185643196106,1990,1,28
M_031_A_XV,8.196827724575996,1990,1,29
M_031_A_XV,8.3067427277565,1990,1,30
M_031_A_XV,4.746637374162674,1990,1,31
M_031_A_XV,0.1954787634313106,1990,2,1
M_031_A_XV,0.0,1990,2,2
M_031_A_XV,0.0,1990,2,3
M_031_A_XV,0.9674949645996094,1990,2,4
M_031_A_XV,11.936279296875,1990,2,5
M_031_A_XV,10.840378761291504,1990,2,6
M_031_A_XV,11.785901844501495,1990,2,7
M_031_A_XV,10.3189857006073,1990,2,8
M_031_A_XV,0.4170873016119003,1990,2,9
M_031_A_XV,0.0778273940086364,1990,2,10
M_031_A_XV,0.0,1990,2,11
M_031_A_XV,0.490957498550415,1990,2,12
M_031_A_XV,6.1720724403858185,1990,2,13
M_031_A_XV,9.89043664932251,1990,2,14
M_031_A_XV,7.215575456619263,1990,2,15
M_031_A_XV,6.518669784069061,1990,2,16
M_031_A_XV,15.820676803588867,1990,2,17
M_031_A_XV,8.20904153585434,1990,2,18
M_031_A_XV,11.336531162261965,1990,2,19
M_031_A_XV,9.592729806900024,1990,2,20
M_031_A_XV,6.265676870942116,1990,2,21
M_031_A_XV,3.3384495489299297,1990,2,22
M_031_A_XV,1.583488628268242,1990,2,23
M_031_A_XV,0.0,1990,2,24
M_031_A_XV,0.0041174315847456,1990,2,25
M_031_A_XV,1.948988888412714,1990,2,26
M_031_A_XV,8.401801444590092,1990,2,27
M_031_A_XV,9.366548627614977,1990,2,28
M_031_A_XV,4.166268341243267,1990,3,1
M_031_A_XV,0.6806896030902863,1990,3,2
M_031_A_XV,0.2716254629194736,1990,3,3
M_031_A_XV,0.5229432284832001,1990,3,4
M_031_A_XV,3.691665053367615,1990,3,5
M_031_A_XV,2.914351437240839,1990,3,6
M_031_A_XV,2.990908958017826,1990,3,7
M_031_A_XV,2.690557938069105,1990,3,8
M_031_A_XV,1.8585473597049715,1990,3,9
M_031_A_XV,3.761782854795456,1990,3,10
M_031_A_XV,13.157863736152647,1990,3,11
M_031_A_XV,13.188803106546402,1990,3,12
M_031_A_XV,0.1225200593471527,1990,3,13
M_031_A_XV,0.5031471848487854,1990,3,14
M_031_A_XV,1.003753900527954,1990,3,15
M_031_A_XV,2.8921537697315216,1990,3,16
M_031_A_XV,5.942988812923431,1990,3,17
M_031_A_XV,7.990674495697021,1990,3,18
M_031_A_XV,0.9005203619599342,1990,3,19
M_031_A_XV,0.0950085148215293,1990,3,20
M_031_A_XV,0.0988088585436344,1990,3,21
M_031_A_XV,0.0,1990,3,22
M_031_A_XV,0.0,1990,3,23
M_031_A_XV,0.0,1990,3,24
M_031_A_XV,0.012913079932332,1990,3,25
M_031_A_XV,0.0,1990,3,26
M_031_A_XV,0.0,1990,3,27
M_031_A_XV,0.0,1990,3,28
M_031_A_XV,0.0,1990,3,29
M_031_A_XV,0.0,1990,3,30
M_031_A_XV,5.96361006051302,1990,3,31
M_031_A_XV,11.036950290203094,1990,4,1
M_031_A_XV,2.910321369767189,1990,4,2
M_031_A_XV,3.654377833008766,1990,4,3
M_031_A_XV,7.179336726665497,1990,4,4
M_031_A_XV,6.919243633747101,1990,4,5
M_031_A_XV,6.710403382778168,1990,4,6
M_031_A_XV,1.9951133131980896,1990,4,7
M_031_A_XV,0.922326324507594,1990,4,8
M_031_A_XV,3.112022827379405,1990,4,9
M_031_A_XV,6.7256642282009125,1990,4,10
M_031_A_XV,6.801586285233498,1990,4,11
M_031_A_XV,8.041454911231995,1990,4,12
M_031_A_XV,0.0,1990,4,13
M_031_A_XV,0.0,1990,4,14
M_031_A_XV,0.0,1990,4,15
M_031_A_XV,0.0,1990,4,16
M_031_A_XV,0.0,1990,4,17
M_031_A_XV,0.0601760186254978,1990,4,18
M_031_A_XV,0.0115830791182816,1990,4,19
M_031_A_XV,0.0,1990,4,20
M_031_A_XV,0.0,1990,4,21
M_031_A_XV,0.0,1990,4,22
M_031_A_XV,0.6757895611226559,1990,4,23
M_031_A_XV,3.62441211938858,1990,4,24
M_031_A_XV,0.5075035430490971,1990,4,25
M_031_A_XV,0.0,1990,4,26
M_031_A_XV,0.0,1990,4,27
M_031_A_XV,0.0,1990,4,28
M_031_A_XV,0.0,1990,4,29
M_031_A_XV,0.0,1990,4,30
M_031_A_XV,0.0,1990,5,1
M_031_A_XV,0.0,1990,5,2
M_031_A_XV,0.0,1990,5,3
M_031_A_XV,0.0,1990,5,4
M_031_A_XV,0.0,1990,5,5
M_031_A_XV,0.0,1990,5,6
M_031_A_XV,0.0,1990,5,7
M_031_A_XV,0.0,1990,5,8
M_031_A_XV,0.0,1990,5,9
M_031_A_XV,0.0,1990,5,10
M_031_A_XV,0.0,1990,5,11
M_031_A_XV,0.0,1990,5,12
M_031_A_XV,0.0190017037093639,1990,5,13
M_031_A_XV,1.4815635681152344,1990,5,14
M_031_A_XV,2.938260242342949,1990,5,15
M_031_A_XV,1.9683852642774584,1990,5,16
M_031_A_XV,0.001900170231238,1990,5,17
M_031_A_XV,3.377795871347189,1990,5,18
M_031_A_XV,5.818818688392639,1990,5,19
M_031_A_XV,5.967993795871735,1990,5,20
M_031_A_XV,1.0950257233344018,1990,5,21
M_031_A_XV,0.4557890817523002,1990,5,22
M_031_A_XV,0.1842349963262677,1990,5,23
M_031_A_XV,0.2991198897361755,1990,5,24
M_031_A_XV,0.0448114704340696,1990,5,25
M_031_A_XV,0.001900170231238,1990,5,26
M_031_A_XV,0.0,1990,5,27
M_031_A_XV,0.0,1990,5,28
M_031_A_XV,0.0,1990,5,29
M_031_A_XV,0.0,1990,5,30
M_031_A_XV,0.0,1990,5,31
M_031_A_XV,0.4860016452148556,1990,6,1
M_031_A_XV,2.993015450425446,1990,6,2
M_031_A_XV,0.0,1990,6,3
M_031_A_XV,0.0,1990,6,4
M_031_A_XV,0.0,1990,6,5
M_031_A_XV,0.0,1990,6,6
M_031_A_XV,0.0457937493920326,1990,6,7
M_031_A_XV,0.0,1990,6,8
M_031_A_XV,2.1650258600711823,1990,6,9
M_031_A_XV,1.782269224524498,1990,6,10
M_031_A_XV,5.068977773189545,1990,6,11
M_031_A_XV,0.0570051111280918,1990,6,12
M_031_A_XV,0.0,1990,6,13
M_031_A_XV,0.0,1990,6,14
M_031_A_XV,0.0,1990,6,15
M_031_A_XV,0.0,1990,6,16
M_031_A_XV,0.0,1990,6,17
M_031_A_XV,0.0,1990,6,18
M_031_A_XV,0.0,1990,6,19
M_031_A_XV,0.0,1990,6,20
M_031_A_XV,0.0057005109265446,1990,6,21
M_031_A_XV,0.0,1990,6,22
M_031_A_XV,0.0,1990,6,23
M_031_A_XV,0.0,1990,6,24
M_031_A_XV,0.0,1990,6,25
M_031_A_XV,0.0,1990,6,26
M_031_A_XV,0.0,1990,6,27
M_031_A_XV,0.0,1990,6,28
M_031_A_XV,0.0,1990,6,29
M_031_A_XV,0.0,1990,6,30
M_031_A_XV,0.0,1990,7,1
M_031_A_XV,0.0,1990,7,2
M_031_A_XV,0.0987292642239481,1990,7,3
M_031_A_XV,0.0,1990,7,4
M_031_A_XV,0.0,1990,7,5
M_031_A_XV,0.0,1990,7,6
M_031_A_XV,0.0,1990,7,7
M_031_A_XV,0.0,1990,7,8
M_031_A_XV,0.0,1990,7,9
M_031_A_XV,0.0,1990,7,10
M_031_A_XV,0.0,1990,7,11
M_031_A_XV,0.0,1990,7,12
M_031_A_XV,0.0,1990,7,13
M_031_A_XV,0.0,1990,7,14
M_031_A_XV,0.0,1990,7,15
M_031_A_XV,0.0,1990,7,16
M_031_A_XV,0.0,1990,7,17
M_031_A_XV,0.0057005109265446,1990,7,18
M_031_A_XV,0.1704111844301223,1990,7,19
M_031_A_XV,0.0,1990,7,20
M_031_A_XV,0.0,1990,7,21
M_031_A_XV,0.0,1990,7,22
M_031_A_XV,0.0,1990,7,23
M_031_A_XV,0.0,1990,7,24
M_031_A_XV,0.0,1990,7,25
M_031_A_XV,0.0,1990,7,26
M_031_A_XV,0.0,1990,7,27
M_031_A_XV,0.0233482159674167,1990,7,28
M_031_A_XV,0.0,1990,7,29
M_031_A_XV,0.0,1990,7,30
M_031_A_XV,0.0,1990,7,31
M_031_A_XV,0.0,1990,8,1
M_031_A_XV,0.007600680924952,1990,8,2
M_031_A_XV,0.0266023846343159,1990,8,3
M_031_A_XV,0.001900170231238,1990,8,4
M_031_A_XV,0.0323017127811908,1990,8,5
M_031_A_XV,0.2503512352705002,1990,8,6
M_031_A_XV,0.0,1990,8,7
M_031_A_XV,0.0,1990,8,8
M_031_A_XV,0.0,1990,8,9
M_031_A_XV,0.0,1990,8,10
M_031_A_XV,0.0,1990,8,11
M_031_A_XV,0.0,1990,8,12
M_031_A_XV,0.0,1990,8,13
M_031_A_XV,0.0,1990,8,14
M_031_A_XV,0.0,1990,8,15
M_031_A_XV,0.0,1990,8,16
M_031_A_XV,0.0,1990,8,17
M_031_A_XV,0.0057005109265446,1990,8,18
M_031_A_XV,0.0,1990,8,19
M_031_A_XV,0.007600680924952,1990,8,20
M_031_A_XV,3.720300869084895,1990,8,21
M_031_A_XV,0.5572411045432091,1990,8,22
M_031_A_XV,2.195386052131653,1990,8,23
M_031_A_XV,0.1330119259655475,1990,8,24
M_031_A_XV,0.0209018739406019,1990,8,25
M_031_A_XV,0.0,1990,8,26
M_031_A_XV,0.0,1990,8,27
M_031_A_XV,0.0247022146359086,1990,8,28
M_031_A_XV,0.0,1990,8,29
M_031_A_XV,0.0,1990,8,30
M_031_A_XV,0.0,1990,8,31
M_031_A_XV,0.0,1990,9,1
M_031_A_XV,0.0,1990,9,2
M_031_A_XV,0.0,1990,9,3
M_031_A_XV,0.0,1990,9,4
M_031_A_XV,0.0357151255011558,1990,9,5
M_031_A_XV,0.0,1990,9,6
M_031_A_XV,0.0,1990,9,7
M_031_A_XV,0.0,1990,9,8
M_031_A_XV,0.0,1990,9,9
M_031_A_XV,0.0,1990,9,10
M_031_A_XV,0.0,1990,9,11
M_031_A_XV,0.0,1990,9,12
M_031_A_XV,0.0,1990,9,13
M_031_A_XV,0.0,1990,9,14
M_031_A_XV,0.0,1990,9,15
M_031_A_XV,0.0,1990,9,16
M_031_A_XV,0.0,1990,9,17
M_031_A_XV,0.0,1990,9,18
M_031_A_XV,0.0,1990,9,19
M_031_A_XV,0.0,1990,9,20
M_031_A_XV,0.0,1990,9,21
M_031_A_XV,0.0,1990,9,22
M_031_A_XV,0.0570051111280918,1990,9,23
M_031_A_XV,0.0,1990,9,24
M_031_A_XV,0.0,1990,9,25
M_031_A_XV,0.0883333310484886,1990,9,26
M_031_A_XV,0.0670281387865543,1990,9,27
M_031_A_XV,0.0057005109265446,1990,9,28
M_031_A_XV,0.0,1990,9,29
M_031_A_XV,0.0,1990,9,30
M_031_A_XV,0.0,1990,10,1
M_031_A_XV,0.0,1990,10,2
M_031_A_XV,0.0,1990,10,3
M_031_A_XV,0.0,1990,10,4
M_031_A_XV,0.0,1990,10,5
M_031_A_XV,0.0190017037093639,1990,10,6
M_031_A_XV,0.177806980907917,1990,10,7
M_031_A_XV,0.0399035776499658,1990,10,8
M_031_A_XV,0.3281723260879516,1990,10,9
M_031_A_XV,0.0468860941473394,1990,10,10
M_031_A_XV,0.096392773091793,1990,10,11
M_031_A_XV,1.236339959781617,1990,10,12
M_031_A_XV,2.752241614740342,1990,10,13
M_031_A_XV,1.5297719836235046,1990,10,14
M_031_A_XV,2.311382215470076,1990,10,15
M_031_A_XV,0.1027912534773349,1990,10,16
M_031_A_XV,0.0,1990,10,17
M_031_A_XV,0.0,1990,10,18
M_031_A_XV,0.62119060754776,1990,10,19
M_031_A_XV,7.736608117818832,1990,10,20
M_031_A_XV,8.876456499099731,1990,10,21
M_031_A_XV,0.5213367082178593,1990,10,22
M_031_A_XV,2.754515800625086,1990,10,23
M_031_A_XV,2.303309664130211,1990,10,24
M_031_A_XV,14.780588150024414,1990,10,25
M_031_A_XV,4.71290485560894,1990,10,26
M_031_A_XV,5.173079460859299,1990,10,27
M_031_A_XV,0.7542518111877143,1990,10,28
M_031_A_XV,0.3566713258624077,1990,10,29
M_031_A_XV,0.0569799300283193,1990,10,30
M_031_A_XV,2.042304039001465,1990,10,31
M_031_A_XV,2.5906971115618944,1990,11,1
M_031_A_XV,2.6265062540769577,1990,11,2
M_031_A_XV,0.0,1990,11,3
M_031_A_XV,0.0,1990,11,4
M_031_A_XV,1.886642873287201,1990,11,5
M_031_A_XV,0.6841637827455997,1990,11,6
M_031_A_XV,0.8586299419403076,1990,11,7
M_031_A_XV,1.8772097006440165,1990,11,8
M_031_A_XV,2.5549742467701435,1990,11,9
M_031_A_XV,6.859770067036152,1990,11,10
M_031_A_XV,6.496842410415411,1990,11,11
M_031_A_XV,7.635383874177933,1990,11,12
M_031_A_XV,3.055594589561224,1990,11,13
M_031_A_XV,4.03954553604126,1990,11,14
M_031_A_XV,8.790188908576965,1990,11,15
M_031_A_XV,3.70041598379612,1990,11,16
M_031_A_XV,3.284498545806855,1990,11,17
M_031_A_XV,17.654767632484436,1990,11,18
M_031_A_XV,4.73690427839756,1990,11,19
M_031_A_XV,0.518583744764328,1990,11,20
M_031_A_XV,7.194448947906494,1990,11,21
M_031_A_XV,13.856114372611046,1990,11,22
M_031_A_XV,4.589489195495844,1990,11,23
M_031_A_XV,0.6764718890190125,1990,11,24
M_031_A_XV,2.517730567604304,1990,11,25
M_031_A_XV,6.540847659111023,1990,11,26
M_031_A_XV,12.416027188301086,1990,11,27
M_031_A_XV,2.620724081993103,1990,11,28
M_031_A_XV,8.775283575057983,1990,11,29
M_031_A_XV,5.628646552562714,1990,11,30
M_031_A_XV,4.4580259174108505,1990,12,1
M_031_A_XV,11.259540289640428,1990,12,2
M_031_A_XV,6.217813313007355,1990,12,3
M_031_A_XV,7.054943084716797,1990,12,4
M_031_A_XV,6.342010408639908,1990,12,5
M_031_A_XV,3.534204911440611,1990,12,6
M_031_A_XV,6.901699811220169,1990,12,7
M_031_A_XV,4.084410462528467,1990,12,8
M_031_A_XV,3.8343834578990936,1990,12,9
M_031_A_XV,0.0,1990,12,10
M_031_A_XV,0.0362852923572063,1990,12,11
M_031_A_XV,0.3667293339967727,1990,12,12
M_031_A_XV,0.1421549320220947,1990,12,13
M_031_A_XV,9.48261985182762,1990,12,14
M_031_A_XV,7.667685195803642,1990,12,15
M_031_A_XV,5.869234144687653,1990,12,16
M_031_A_XV,0.5765374898910522,1990,12,17
M_031_A_XV,0.1740639209747314,1990,12,18
M_031_A_XV,0.4089920446276665,1990,12,19
M_031_A_XV,4.82194222509861,1990,12,20
M_031_A_XV,17.048370599746704,1990,12,21
M_031_A_XV,2.328800156712532,1990,12,22
M_031_A_XV,3.287598341703415,1990,12,23
M_031_A_XV,2.736279670149088,1990,12,24
M_031_A_XV,0.5045638531446457,1990,12,25
M_031_A_XV,2.0642314478755,1990,12,26
M_031_A_XV,4.206635862588882,1990,12,27
M_031_A_XV,11.028499722480774,1990,12,28
M_031_A_XV,6.058524712920189,1990,12,29
M_031_A_XV,7.889102518558502,1990,12,30
M_031_A_XV,22.214219570159912,1990,12,31
M_031_A_XV,4.140876084566116,1991,1,1
M_031_A_XV,8.940087676048279,1991,1,2
M_031_A_XV,15.288246870040894,1991,1,3
M_031_A_XV,9.713136434555054,1991,1,4
M_031_A_XV,7.888891935348511,1991,1,5
M_031_A_XV,12.453773438930511,1991,1,6
M_031_A_XV,16.70935958623886,1991,1,7
M_031_A_XV,10.452610194683077,1991,1,8
M_031_A_XV,7.58985497802496,1991,1,9
M_031_A_XV,12.645104493945835,1991,1,10
M_031_A_XV,10.293633580207825,1991,1,11
M_031_A_XV,1.8360023945569992,1991,1,12
M_031_A_XV,0.2614960297942161,1991,1,13
M_031_A_XV,0.0457721243146806,1991,1,14
M_031_A_XV,0.1463119387626648,1991,1,15
M_031_A_XV,6.899571806192398,1991,1,16
M_031_A_XV,7.631224647164345,1991,1,17
M_031_A_XV,5.153555557131767,1991,1,18
M_031_A_XV,3.106140851974488,1991,1,19
M_031_A_XV,5.225402474403381,1991,1,20
M_031_A_XV,3.694519460201264,1991,1,21
M_031_A_XV,12.061171267181637,1991,1,22
M_031_A_XV,13.230667158961296,1991,1,23
M_031_A_XV,3.982775010168552,1991,1,24
M_031_A_XV,1.9520641304552555,1991,1,25
M_031_A_XV,3.007381409406662,1991,1,26
M_031_A_XV,8.70491886138916,1991,1,27
M_031_A_XV,7.673693686723709,1991,1,28
M_031_A_XV,4.698777556419373,1991,1,29
M_031_A_XV,0.3587850444018841,1991,1,30
M_031_A_XV,0.0176006800029426,1991,1,31
M_031_A_XV,0.0,1991,2,1
M_031_A_XV,0.5203826613724232,1991,2,2
M_031_A_XV,3.266027472913265,1991,2,3
M_031_A_XV,15.1130930185318,1991,2,4
M_031_A_XV,6.44326651096344,1991,2,5
M_031_A_XV,8.269583523273468,1991,2,6
M_031_A_XV,1.4431976228952408,1991,2,7
M_031_A_XV,0.0,1991,2,8
M_031_A_XV,0.5691186785697937,1991,2,9
M_031_A_XV,12.187245577573776,1991,2,10
M_031_A_XV,15.8079514503479,1991,2,11
M_031_A_XV,10.640259504318236,1991,2,12
M_031_A_XV,8.432288944721222,1991,2,13
M_031_A_XV,18.73945367336273,1991,2,14
M_031_A_XV,9.929187595844269,1991,2,15
M_031_A_XV,8.841727644205093,1991,2,16
M_031_A_XV,8.41335229575634,1991,2,17
M_031_A_XV,10.82220423221588,1991,2,18
M_031_A_XV,9.542995035648346,1991,2,19
M_031_A_XV,10.180589780211449,1991,2,20
M_031_A_XV,12.44268924742937,1991,2,21
M_031_A_XV,1.371085736900568,1991,2,22
M_031_A_XV,0.726660430431366,1991,2,23
M_031_A_XV,1.580911636352539,1991,2,24
M_031_A_XV,0.4117770045995712,1991,2,25
M_031_A_XV,1.623210310935974,1991,2,26
M_031_A_XV,7.854508399963379,1991,2,27
M_031_A_XV,0.6347435275092721,1991,2,28
M_031_A_XV,1.1839367598295212,1991,3,1
M_031_A_XV,4.366721540689468,1991,3,2
M_031_A_XV,5.42603200674057,1991,3,3
M_031_A_XV,8.328435003757477,1991,3,4
M_031_A_XV,14.787534654140472,1991,3,5
M_031_A_XV,2.546216133981943,1991,3,6
M_031_A_XV,7.580489993095398,1991,3,7
M_031_A_XV,9.903399676084518,1991,3,8
M_031_A_XV,21.310417264699936,1991,3,9
M_031_A_XV,18.34051950275898,1991,3,10
M_031_A_XV,18.42699691653252,1991,3,11
M_031_A_XV,6.053350100293756,1991,3,12
M_031_A_XV,12.187118351459503,1991,3,13
M_031_A_XV,6.622844099998474,1991,3,14
M_031_A_XV,11.229721784591677,1991,3,15
M_031_A_XV,6.283531440421939,1991,3,16
M_031_A_XV,4.123672737274319,1991,3,17
M_031_A_XV,11.138750985264778,1991,3,18
M_031_A_XV,0.7371837496757507,1991,3,19
M_031_A_XV,2.2973036766052246,1991,3,20
M_031_A_XV,10.593637228012083,1991,3,21
M_031_A_XV,11.232761144638062,1991,3,22
M_031_A_XV,2.0733218863606453,1991,3,23
M_031_A_XV,1.4362553484970704,1991,3,24
M_031_A_XV,2.965438589453697,1991,3,25
M_031_A_XV,4.526916848495603,1991,3,26
M_031_A_XV,3.0840473249554634,1991,3,27
M_031_A_XV,0.7374420762062073,1991,3,28
M_031_A_XV,0.5786211076192558,1991,3,29
M_031_A_XV,0.985865630209446,1991,3,30
M_031_A_XV,0.0,1991,3,31
M_031_A_XV,0.0,1991,4,1
M_031_A_XV,2.04042025282979,1991,4,2
M_031_A_XV,10.274866104125977,1991,4,3
M_031_A_XV,6.941803127527237,1991,4,4
M_031_A_XV,8.684970617294312,1991,4,5
M_031_A_XV,0.2605053856968879,1991,4,6
M_031_A_XV,0.2432206312660128,1991,4,7
M_031_A_XV,1.7352616637945175,1991,4,8
M_031_A_XV,0.7758415690623224,1991,4,9
M_031_A_XV,2.4972653836011887,1991,4,10
M_031_A_XV,0.4775842726230621,1991,4,11
M_031_A_XV,0.0533932484686374,1991,4,12
M_031_A_XV,0.929945643991232,1991,4,13
M_031_A_XV,2.3257602136582136,1991,4,14
M_031_A_XV,4.266219675540924,1991,4,15
M_031_A_XV,7.154841780662537,1991,4,16
M_031_A_XV,0.02194719389081,1991,4,17
M_031_A_XV,0.0,1991,4,18
M_031_A_XV,1.8676912784576416,1991,4,19
M_031_A_XV,2.968716390430928,1991,4,20
M_031_A_XV,1.927296206355095,1991,4,21
M_031_A_XV,5.368116915225983,1991,4,22
M_031_A_XV,3.555606856942177,1991,4,23
M_031_A_XV,0.6435078009963036,1991,4,24
M_031_A_XV,0.0133000090718269,1991,4,25
M_031_A_XV,0.0072125694714486,1991,4,26
M_031_A_XV,0.1054425239562988,1991,4,27
M_031_A_XV,0.1988102099858224,1991,4,28
M_031_A_XV,0.48295086203143,1991,4,29
M_031_A_XV,0.9084797878749667,1991,4,30
M_031_A_XV,0.0,1991,5,1
M_031_A_XV,0.0,1991,5,2
M_031_A_XV,0.0,1991,5,3
M_031_A_XV,0.0,1991,5,4
M_031_A_XV,0.029048727825284,1991,5,5
M_031_A_XV,0.0,1991,5,6
M_031_A_XV,0.0,1991,5,7
M_031_A_XV,0.0,1991,5,8
M_031_A_XV,0.0,1991,5,9
M_031_A_XV,0.3675968293100595,1991,5,10
M_031_A_XV,0.0380034074187278,1991,5,11
M_031_A_XV,0.0,1991,5,12
M_031_A_XV,0.0,1991,5,13
M_031_A_XV,0.0,1991,5,14
M_031_A_XV,0.0,1991,5,15
M_031_A_XV,0.0,1991,5,16
M_031_A_XV,0.0,1991,5,17
M_031_A_XV,0.0,1991,5,18
M_031_A_XV,0.0,1991,5,19
M_031_A_XV,0.0,1991,5,20
M_031_A_XV,0.0,1991,5,21
M_031_A_XV,0.0,1991,5,22
M_031_A_XV,0.0,1991,5,23
M_031_A_XV,0.0,1991,5,24
M_031_A_XV,0.0,1991,5,25
M_031_A_XV,0.0,1991,5,26
M_031_A_XV,0.0,1991,5,27
M_031_A_XV,0.0,1991,5,28
M_031_A_XV,0.0,1991,5,29
M_031_A_XV,0.0,1991,5,30
M_031_A_XV,0.0,1991,5,31
M_031_A_XV,0.0,1991,6,1
M_031_A_XV,0.0,1991,6,2
M_031_A_XV,0.0,1991,6,3
M_031_A_XV,0.0,1991,6,4
M_031_A_XV,0.0,1991,6,5
M_031_A_XV,0.0,1991,6,6
M_031_A_XV,0.0,1991,6,7
M_031_A_XV,0.0039823981933295,1991,6,8
M_031_A_XV,4.641392290592194,1991,6,9
M_031_A_XV,0.8206265568733215,1991,6,10
M_031_A_XV,0.0,1991,6,11
M_031_A_XV,0.0,1991,6,12
M_031_A_XV,0.0,1991,6,13
M_031_A_XV,0.0,1991,6,14
M_031_A_XV,0.0,1991,6,15
M_031_A_XV,0.0,1991,6,16
M_031_A_XV,0.0,1991,6,17
M_031_A_XV,0.0,1991,6,18
M_031_A_XV,0.0,1991,6,19
M_031_A_XV,0.0,1991,6,20
M_031_A_XV,0.0,1991,6,21
M_031_A_XV,0.0,1991,6,22
M_031_A_XV,0.0,1991,6,23
M_031_A_XV,0.0,1991,6,24
M_031_A_XV,0.0,1991,6,25
M_031_A_XV,0.0,1991,6,26
M_031_A_XV,0.0,1991,6,27
M_031_A_XV,0.0,1991,6,28
M_031_A_XV,0.0,1991,6,29
M_031_A_XV,0.0,1991,6,30
M_031_A_XV,0.0,1991,7,1
M_031_A_XV,0.0,1991,7,2
M_031_A_XV,0.0,1991,7,3
M_031_A_XV,0.0,1991,7,4
M_031_A_XV,0.0,1991,7,5
M_031_A_XV,0.0,1991,7,6
M_031_A_XV,0.0,1991,7,7
M_031_A_XV,0.0,1991,7,8
M_031_A_XV,0.0,1991,7,9
M_031_A_XV,0.0,1991,7,10
M_031_A_XV,0.0,1991,7,11
M_031_A_XV,0.0,1991,7,12
M_031_A_XV,0.0,1991,7,13
M_031_A_XV,0.0,1991,7,14
M_031_A_XV,0.0,1991,7,15
M_031_A_XV,0.126716062426567,1991,7,16
M_031_A_XV,0.3810749240219593,1991,7,17
M_031_A_XV,0.0,1991,7,18
M_031_A_XV,0.1083085276186466,1991,7,19
M_031_A_XV,0.0596651122905314,1991,7,20
M_031_A_XV,0.0,1991,7,21
M_031_A_XV,0.0,1991,7,22
M_031_A_XV,0.0,1991,7,23
M_031_A_XV,0.0,1991,7,24
M_031_A_XV,0.0,1991,7,25
M_031_A_XV,0.0,1991,7,26
M_031_A_XV,0.0,1991,7,27
M_031_A_XV,0.0114010218530893,1991,7,28
M_031_A_XV,0.0057005109265446,1991,7,29
M_031_A_XV,0.0,1991,7,30
M_031_A_XV,0.0,1991,7,31
M_031_A_XV,0.0,1991,8,1
M_031_A_XV,0.0513034164905548,1991,8,2
M_031_A_XV,0.0708512924611568,1991,8,3
M_031_A_XV,0.0,1991,8,4
M_031_A_XV,0.0,1991,8,5
M_031_A_XV,0.0,1991,8,6
M_031_A_XV,0.0,1991,8,7
M_031_A_XV,0.0,1991,8,8
M_031_A_XV,0.0,1991,8,9
M_031_A_XV,0.0,1991,8,10
M_031_A_XV,0.007600680924952,1991,8,11
M_031_A_XV,0.0,1991,8,12
M_031_A_XV,0.0,1991,8,13
M_031_A_XV,0.0,1991,8,14
M_031_A_XV,0.0,1991,8,15
M_031_A_XV,0.0,1991,8,16
M_031_A_XV,0.0,1991,8,17
M_031_A_XV,0.0,1991,8,18
M_031_A_XV,0.0,1991,8,19
M_031_A_XV,0.0,1991,8,20
M_031_A_XV,0.0,1991,8,21
M_031_A_XV,0.0,1991,8,22
M_031_A_XV,0.0,1991,8,23
M_031_A_XV,0.0,1991,8,24
M_031_A_XV,0.0,1991,8,25
M_031_A_XV,0.0,1991,8,26
M_031_A_XV,0.2793238274753093,1991,8,27
M_031_A_XV,0.0385495796799659,1991,8,28
M_031_A_XV,0.16731508821249,1991,8,29
M_031_A_XV,0.513904258608818,1991,8,30
M_031_A_XV,0.2499807924032211,1991,8,31
M_031_A_XV,0.0,1991,9,1
M_031_A_XV,0.0190017037093639,1991,9,2
M_031_A_XV,0.5987223163247108,1991,9,3
M_031_A_XV,0.115830797702074,1991,9,4
M_031_A_XV,0.0,1991,9,5
M_031_A_XV,0.001900170231238,1991,9,6
M_031_A_XV,0.0,1991,9,7
M_031_A_XV,0.0,1991,9,8
M_031_A_XV,0.0,1991,9,9
M_031_A_XV,0.0,1991,9,10
M_031_A_XV,0.0570051111280918,1991,9,11
M_031_A_XV,0.0190017037093639,1991,9,12
M_031_A_XV,0.0,1991,9,13
M_031_A_XV,0.0,1991,9,14
M_031_A_XV,0.0,1991,9,15
M_031_A_XV,0.0,1991,9,16
M_031_A_XV,0.0,1991,9,17
M_031_A_XV,0.0,1991,9,18
M_031_A_XV,0.8063784651458263,1991,9,19
M_031_A_XV,1.1851381286978722,1991,9,20
M_031_A_XV,0.0,1991,9,21
M_031_A_XV,0.0,1991,9,22
M_031_A_XV,0.0588256865739822,1991,9,23
M_031_A_XV,0.0,1991,9,24
M_031_A_XV,0.0438063810579478,1991,9,25
M_031_A_XV,0.1384736485779285,1991,9,26
M_031_A_XV,0.0,1991,9,27
M_031_A_XV,0.0190017037093639,1991,9,28
M_031_A_XV,0.0,1991,9,29
M_031_A_XV,0.0,1991,9,30
M_031_A_XV,0.0,1991,10,1
M_031_A_XV,0.0,1991,10,2
M_031_A_XV,0.0,1991,10,3
M_031_A_XV,0.0,1991,10,4
M_031_A_XV,0.0,1991,10,5
M_031_A_XV,0.0,1991,10,6
M_031_A_XV,0.0,1991,10,7
M_031_A_XV,0.0,1991,10,8
M_031_A_XV,0.0,1991,10,9
M_031_A_XV,0.0,1991,10,10
M_031_A_XV,0.0058825686573982,1991,10,11
M_031_A_XV,0.0039823981933295,1991,10,12
M_031_A_XV,0.0133000090718269,1991,10,13
M_031_A_XV,0.0,1991,10,14
M_031_A_XV,0.0,1991,10,15
M_031_A_XV,0.0425395816564559,1991,10,16
M_031_A_XV,4.3681610673666,1991,10,17
M_031_A_XV,2.2399199306964874,1991,10,18
M_031_A_XV,2.410709410905838,1991,10,19
M_031_A_XV,5.247759163379669,1991,10,20
M_031_A_XV,5.843165397644043,1991,10,21
M_031_A_XV,4.408193737268448,1991,10,22
M_031_A_XV,0.0,1991,10,23
M_031_A_XV,0.0,1991,10,24
M_031_A_XV,0.0380034074187278,1991,10,25
M_031_A_XV,0.5030428767204285,1991,10,26
M_031_A_XV,0.0796479657292366,1991,10,27
M_031_A_XV,0.610659759491682,1991,10,28
M_031_A_XV,2.1649199724197388,1991,10,29
M_031_A_XV,6.645236968994141,1991,10,30
M_031_A_XV,0.764648899435997,1991,10,31
M_031_A_XV,0.05130459764041,1991,11,1
M_031_A_XV,0.6412823433056474,1991,11,2
M_031_A_XV,0.1236691328231245,1991,11,3
M_031_A_XV,0.001900170231238,1991,11,4
M_031_A_XV,0.0,1991,11,5
M_031_A_XV,0.0,1991,11,6
M_031_A_XV,0.3968006372451782,1991,11,7
M_031_A_XV,0.668614087626338,1991,11,8
M_031_A_XV,0.0,1991,11,9
M_031_A_XV,0.0,1991,11,10
M_031_A_XV,0.0,1991,11,11
M_031_A_XV,0.0,1991,11,12
M_031_A_XV,0.0,1991,11,13
M_031_A_XV,0.0,1991,11,14
M_031_A_XV,0.0,1991,11,15
M_031_A_XV,0.0,1991,11,16
M_031_A_XV,0.0,1991,11,17
M_031_A_XV,0.0778273940086364,1991,11,18
M_031_A_XV,6.415123522281647,1991,11,19
M_031_A_XV,6.940625786781311,1991,11,20
M_031_A_XV,3.833393290638924,1991,11,21
M_031_A_XV,1.3908069781027734,1991,11,22
M_031_A_XV,2.390298776328564,1991,11,23
M_031_A_XV,3.490842116065324,1991,11,24
M_031_A_XV,5.760254502296448,1991,11,25
M_031_A_XV,8.27503752708435,1991,11,26
M_031_A_XV,5.846368074417114,1991,11,27
M_031_A_XV,0.83026472479105,1991,11,28
M_031_A_XV,1.479602016042918,1991,11,29
M_031_A_XV,1.322907656431198,1991,11,30
M_031_A_XV,8.301227033138275,1991,12,1
M_031_A_XV,12.778243720531464,1991,12,2
M_031_A_XV,8.886124908924103,1991,12,3
M_031_A_XV,6.324991375207901,1991,12,4
M_031_A_XV,0.6038404181599617,1991,12,5
M_031_A_XV,1.5597203373908997,1991,12,6
M_031_A_XV,0.8352790288627148,1991,12,7
M_031_A_XV,0.1216085366904735,1991,12,8
M_031_A_XV,0.0,1991,12,9
M_031_A_XV,0.0,1991,12,10
M_031_A_XV,0.0,1991,12,11
M_031_A_XV,0.0,1991,12,12
M_031_A_XV,0.3152667097747326,1991,12,13
M_031_A_XV,0.0,1991,12,14
M_031_A_XV,0.0,1991,12,15
M_031_A_XV,0.001900170231238,1991,12,16
M_031_A_XV,0.0,1991,12,17
M_031_A_XV,0.0,1991,12,18
M_031_A_XV,0.0,1991,12,19
M_031_A_XV,0.1284509003162384,1991,12,20
M_031_A_XV,2.779193639755249,1991,12,21
M_031_A_XV,1.546779869124293,1991,12,22
M_031_A_XV,1.6960947066545486,1991,12,23
M_031_A_XV,5.55803158134222,1991,12,24
M_031_A_XV,7.976736843585968,1991,12,25
M_031_A_XV,1.5623242780566216,1991,12,26
M_031_A_XV,4.775641176849604,1991,12,27
M_031_A_XV,6.148460879921913,1991,12,28
M_031_A_XV,4.616992495954037,1991,12,29
M_031_A_XV,12.799690783023834,1991,12,30
M_031_A_XV,2.084084518253804,1991,12,31
M_031_A_XV,13.5814950466156,1992,1,1
M_031_A_XV,11.427267342805862,1992,1,2
M_031_A_XV,2.667175680398941,1992,1,3
M_031_A_XV,5.8919596672058105,1992,1,4
M_031_A_XV,3.11687433719635,1992,1,5
M_031_A_XV,1.7234227657318115,1992,1,6
M_031_A_XV,5.380995344370604,1992,1,7
M_031_A_XV,5.235841274261475,1992,1,8
M_031_A_XV,3.289209902286529,1992,1,9
M_031_A_XV,2.5389512181282043,1992,1,10
M_031_A_XV,3.165913820266724,1992,1,11
M_031_A_XV,3.866302967071533,1992,1,12
M_031_A_XV,5.340774815529585,1992,1,13
M_031_A_XV,2.008211113512516,1992,1,14
M_031_A_XV,8.522730588912964,1992,1,15
M_031_A_XV,11.867525815963743,1992,1,16
M_031_A_XV,3.5000996850430965,1992,1,17
M_031_A_XV,17.427723109722137,1992,1,18
M_031_A_XV,9.209125816822052,1992,1,19
M_031_A_XV,5.182354509830475,1992,1,20
M_031_A_XV,14.285686492919922,1992,1,21
M_031_A_XV,13.84278255701065,1992,1,22
M_031_A_XV,5.969378232955933,1992,1,23
M_031_A_XV,16.62332534790039,1992,1,24
M_031_A_XV,18.254444897174835,1992,1,25
M_031_A_XV,0.0039823981933295,1992,1,26
M_031_A_XV,0.0,1992,1,27
M_031_A_XV,0.001900170231238,1992,1,28
M_031_A_XV,5.84727144241333,1992,1,29
M_031_A_XV,5.987700164318085,1992,1,30
M_031_A_XV,4.319768458604813,1992,1,31
M_031_A_XV,0.0190017037093639,1992,2,1
M_031_A_XV,0.0,1992,2,2
M_031_A_XV,0.0,1992,2,3
M_031_A_XV,0.1158307939767837,1992,2,4
M_031_A_XV,3.083143189549446,1992,2,5
M_031_A_XV,3.726568654179573,1992,2,6
M_031_A_XV,2.2775008901953697,1992,2,7
M_031_A_XV,0.8103059567511082,1992,2,8
M_031_A_XV,0.0,1992,2,9
M_031_A_XV,0.0,1992,2,10
M_031_A_XV,0.2126598954200744,1992,2,11
M_031_A_XV,4.3648683205246925,1992,2,12
M_031_A_XV,3.203697010874748,1992,2,13
M_031_A_XV,13.644031643867493,1992,2,14
M_031_A_XV,10.12989792600274,1992,2,15
M_031_A_XV,10.416915267705916,1992,2,16
M_031_A_XV,0.5879514962434769,1992,2,17
M_031_A_XV,1.427100708708167,1992,2,18
M_031_A_XV,5.653171993792057,1992,2,19
M_031_A_XV,14.81434452533722,1992,2,20
M_031_A_XV,10.75839465856552,1992,2,21
M_031_A_XV,4.195405706763268,1992,2,22
M_031_A_XV,4.753165859729052,1992,2,23
M_031_A_XV,3.654806132428348,1992,2,24
M_031_A_XV,6.978836350142956,1992,2,25
M_031_A_XV,12.464345186948776,1992,2,26
M_031_A_XV,11.565226912498474,1992,2,27
M_031_A_XV,2.6336862444877625,1992,2,28
M_031_A_XV,9.143938839435576,1992,2,29
M_031_A_XV,6.015336513519287,1992,3,1
M_031_A_XV,0.4275359550956636,1992,3,2
M_031_A_XV,0.0,1992,3,3
M_031_A_XV,2.1140835471451283,1992,3,4
M_031_A_XV,3.940433118492365,1992,3,5
M_031_A_XV,9.60984817147255,1992,3,6
M_031_A_XV,3.187324821949005,1992,3,7
M_031_A_XV,0.019547875970602,1992,3,8
M_031_A_XV,0.0,1992,3,9
M_031_A_XV,0.0,1992,3,10
M_031_A_XV,1.5046958029270172,1992,3,11
M_031_A_XV,0.4253197833895683,1992,3,12
M_031_A_XV,0.1520136296749115,1992,3,13
M_031_A_XV,0.0,1992,3,14
M_031_A_XV,0.0,1992,3,15
M_031_A_XV,0.0,1992,3,16
M_031_A_XV,0.0,1992,3,17
M_031_A_XV,0.0,1992,3,18
M_031_A_XV,0.9315383229404688,1992,3,19
M_031_A_XV,8.306705355644226,1992,3,20
M_031_A_XV,0.5943387448787689,1992,3,21
M_031_A_XV,0.001900170231238,1992,3,22
M_031_A_XV,0.0950085148215293,1992,3,23
M_031_A_XV,0.1152797718532383,1992,3,24
M_031_A_XV,0.0,1992,3,25
M_031_A_XV,0.0,1992,3,26
M_031_A_XV,0.0,1992,3,27
M_031_A_XV,0.0,1992,3,28
M_031_A_XV,0.0,1992,3,29
M_031_A_XV,0.2868461012840271,1992,3,30
M_031_A_XV,4.015286341309547,1992,3,31
M_031_A_XV,0.6668732324615121,1992,4,1
M_031_A_XV,0.3685605823993683,1992,4,2
M_031_A_XV,3.0742335277609527,1992,4,3
M_031_A_XV,3.742614097893238,1992,4,4
M_031_A_XV,2.8171416968107224,1992,4,5
M_031_A_XV,1.5284417271614077,1992,4,6
M_031_A_XV,0.1713706592563539,1992,4,7
M_031_A_XV,0.0190017037093639,1992,4,8
M_031_A_XV,0.0190017037093639,1992,4,9
M_031_A_XV,0.0,1992,4,10
M_031_A_XV,0.0,1992,4,11
M_031_A_XV,0.0,1992,4,12
M_031_A_XV,0.0,1992,4,13
M_031_A_XV,0.0,1992,4,14
M_031_A_XV,0.0,1992,4,15
M_031_A_XV,0.0,1992,4,16
M_031_A_XV,0.0,1992,4,17
M_031_A_XV,0.0,1992,4,18
M_031_A_XV,0.0,1992,4,19
M_031_A_XV,0.0,1992,4,20
M_031_A_XV,0.0,1992,4,21
M_031_A_XV,0.0,1992,4,22
M_031_A_XV,0.0,1992,4,23
M_031_A_XV,0.0,1992,4,24
M_031_A_XV,0.0,1992,4,25
M_031_A_XV,1.5435103923082352,1992,4,26
M_031_A_XV,6.739680215716362,1992,4,27
M_031_A_XV,1.0614670515060425,1992,4,28
M_031_A_XV,0.0,1992,4,29
M_031_A_XV,0.0,1992,4,30
M_031_A_XV,0.0,1992,5,1
M_031_A_XV,0.0,1992,5,2
M_031_A_XV,0.0,1992,5,3
M_031_A_XV,0.0,1992,5,4
M_031_A_XV,0.0,1992,5,5
M_031_A_XV,0.0,1992,5,6
M_031_A_XV,0.0,1992,5,7
M_031_A_XV,0.0,1992,5,8
M_031_A_XV,0.0,1992,5,9
M_031_A_XV,0.2866822183132171,1992,5,10
M_031_A_XV,0.0463083200156688,1992,5,11
M_031_A_XV,0.0,1992,5,12
M_031_A_XV,0.0,1992,5,13
M_031_A_XV,0.0,1992,5,14
M_031_A_XV,0.0,1992,5,15
M_031_A_XV,0.0,1992,5,16
M_031_A_XV,0.0,1992,5,17
M_031_A_XV,0.0,1992,5,18
M_031_A_XV,0.0,1992,5,19
M_031_A_XV,0.0,1992,5,20
M_031_A_XV,0.0,1992,5,21
M_031_A_XV,0.0,1992,5,22
M_031_A_XV,0.0,1992,5,23
M_031_A_XV,0.0,1992,5,24
M_031_A_XV,0.0,1992,5,25
M_031_A_XV,0.0,1992,5,26
M_031_A_XV,0.0,1992,5,27
M_031_A_XV,0.0,1992,5,28
M_031_A_XV,0.0,1992,5,29
M_031_A_XV,0.0,1992,5,30
M_031_A_XV,0.0,1992,5,31
M_031_A_XV,0.001900170231238,1992,6,1
M_031_A_XV,0.0418037474155426,1992,6,2
M_031_A_XV,2.06932525197044,1992,6,3
M_031_A_XV,2.1881126761436462,1992,6,4
M_031_A_XV,0.0,1992,6,5
M_031_A_XV,0.0,1992,6,6
M_031_A_XV,0.0,1992,6,7
M_031_A_XV,0.0,1992,6,8
M_031_A_XV,0.0,1992,6,9
M_031_A_XV,0.0,1992,6,10
M_031_A_XV,0.0,1992,6,11
M_031_A_XV,0.0,1992,6,12
M_031_A_XV,0.0,1992,6,13
M_031_A_XV,0.0,1992,6,14
M_031_A_XV,0.0,1992,6,15
M_031_A_XV,0.0,1992,6,16
M_031_A_XV,0.0,1992,6,17
M_031_A_XV,0.0,1992,6,18
M_031_A_XV,0.0,1992,6,19
M_031_A_XV,0.0,1992,6,20
M_031_A_XV,0.0,1992,6,21
M_031_A_XV,0.0,1992,6,22
M_031_A_XV,0.0,1992,6,23
M_031_A_XV,0.0,1992,6,24
M_031_A_XV,0.0,1992,6,25
M_031_A_XV,0.0,1992,6,26
M_031_A_XV,0.0,1992,6,27
M_031_A_XV,0.0,1992,6,28
M_031_A_XV,0.1424308121204376,1992,6,29
M_031_A_XV,1.1041643470525742,1992,6,30
M_031_A_XV,0.0,1992,7,1
M_031_A_XV,0.0,1992,7,2
M_031_A_XV,0.0,1992,7,3
M_031_A_XV,0.0,1992,7,4
M_031_A_XV,0.0,1992,7,5
M_031_A_XV,0.0,1992,7,6
M_031_A_XV,0.0,1992,7,7
M_031_A_XV,0.0,1992,7,8
M_031_A_XV,0.0,1992,7,9
M_031_A_XV,0.0,1992,7,10
M_031_A_XV,0.0,1992,7,11
M_031_A_XV,0.0,1992,7,12
M_031_A_XV,0.0,1992,7,13
M_031_A_XV,0.0,1992,7,14
M_031_A_XV,0.0,1992,7,15
M_031_A_XV,0.0,1992,7,16
M_031_A_XV,0.0,1992,7,17
M_031_A_XV,0.0,1992,7,18
M_031_A_XV,0.0,1992,7,19
M_031_A_XV,1.1407765001058578,1992,7,20
M_031_A_XV,2.969686806201935,1992,7,21
M_031_A_XV,0.0380034074187278,1992,7,22
M_031_A_XV,0.0,1992,7,23
M_031_A_XV,0.0,1992,7,24
M_031_A_XV,0.0,1992,7,25
M_031_A_XV,0.0,1992,7,26
M_031_A_XV,0.0,1992,7,27
M_031_A_XV,0.0,1992,7,28
M_031_A_XV,0.0,1992,7,29
M_031_A_XV,0.0,1992,7,30
M_031_A_XV,0.0,1992,7,31
M_031_A_XV,0.0,1992,8,1
M_031_A_XV,0.0,1992,8,2
M_031_A_XV,0.0,1992,8,3
M_031_A_XV,0.0,1992,8,4
M_031_A_XV,0.0,1992,8,5
M_031_A_XV,0.0400856360793113,1992,8,6
M_031_A_XV,0.0,1992,8,7
M_031_A_XV,0.0,1992,8,8
M_031_A_XV,0.0,1992,8,9
M_031_A_XV,0.0,1992,8,10
M_031_A_XV,0.0,1992,8,11
M_031_A_XV,0.0,1992,8,12
M_031_A_XV,0.0,1992,8,13
M_031_A_XV,0.0,1992,8,14
M_031_A_XV,0.0,1992,8,15
M_031_A_XV,0.0,1992,8,16
M_031_A_XV,0.0,1992,8,17
M_031_A_XV,0.0,1992,8,18
M_031_A_XV,0.0190017037093639,1992,8,19
M_031_A_XV,0.8908555582165718,1992,8,20
M_031_A_XV,1.2990702241659164,1992,8,21
M_031_A_XV,0.0,1992,8,22
M_031_A_XV,1.6078393273055551,1992,8,23
M_031_A_XV,5.113080978393555,1992,8,24
M_031_A_XV,0.4238392673432827,1992,8,25
M_031_A_XV,0.7032403387129307,1992,8,26
M_031_A_XV,0.0,1992,8,27
M_031_A_XV,0.0,1992,8,28
M_031_A_XV,0.1140102222561836,1992,8,29
M_031_A_XV,0.0,1992,8,30
M_031_A_XV,0.0,1992,8,31
M_031_A_XV,0.0,1992,9,1
M_031_A_XV,0.0,1992,9,2
M_031_A_XV,0.0,1992,9,3
M_031_A_XV,0.0,1992,9,4
M_031_A_XV,0.0,1992,9,5
M_031_A_XV,0.0,1992,9,6
M_031_A_XV,0.0,1992,9,7
M_031_A_XV,0.0190017037093639,1992,9,8
M_031_A_XV,0.0,1992,9,9
M_031_A_XV,0.0,1992,9,10
M_031_A_XV,0.0,1992,9,11
M_031_A_XV,0.0,1992,9,12
M_031_A_XV,0.0,1992,9,13
M_031_A_XV,0.0,1992,9,14
M_031_A_XV,0.0209018739406019,1992,9,15
M_031_A_XV,0.0,1992,9,16
M_031_A_XV,0.0,1992,9,17
M_031_A_XV,0.0,1992,9,18
M_031_A_XV,0.0,1992,9,19
M_031_A_XV,0.5545899458229542,1992,9,20
M_031_A_XV,0.3567075729370117,1992,9,21
M_031_A_XV,0.0,1992,9,22
M_031_A_XV,0.0,1992,9,23
M_031_A_XV,0.0,1992,9,24
M_031_A_XV,0.0,1992,9,25
M_031_A_XV,0.0,1992,9,26
M_031_A_XV,0.0,1992,9,27
M_031_A_XV,0.0,1992,9,28
M_031_A_XV,0.0,1992,9,29
M_031_A_XV,0.0,1992,9,30
M_031_A_XV,0.0,1992,10,1
M_031_A_XV,0.0,1992,10,2
M_031_A_XV,0.0,1992,10,3
M_031_A_XV,0.0,1992,10,4
M_031_A_XV,0.0,1992,10,5
M_031_A_XV,0.0,1992,10,6
M_031_A_XV,0.0376228988170623,1992,10,7
M_031_A_XV,0.8566572442650795,1992,10,8
M_031_A_XV,0.3284906931221485,1992,10,9
M_031_A_XV,0.0,1992,10,10
M_031_A_XV,0.0,1992,10,11
M_031_A_XV,1.568109218031168,1992,10,12
M_031_A_XV,11.559403240680696,1992,10,13
M_031_A_XV,8.088807165622711,1992,10,14
M_031_A_XV,1.6491014771163464,1992,10,15
M_031_A_XV,0.0,1992,10,16
M_031_A_XV,0.0950085148215293,1992,10,17
M_031_A_XV,1.4876675307750702,1992,10,18
M_031_A_XV,0.6315579265356064,1992,10,19
M_031_A_XV,0.6218971014022827,1992,10,20
M_031_A_XV,7.1793616116046906,1992,10,21
M_031_A_XV,0.2678444162011146,1992,10,22
M_031_A_XV,4.785140335559845,1992,10,23
M_031_A_XV,4.012242406606674,1992,10,24
M_031_A_XV,0.0423499196767807,1992,10,25
M_031_A_XV,0.0531251728534698,1992,10,26
M_031_A_XV,0.1000036671757698,1992,10,27
M_031_A_XV,0.0,1992,10,28
M_031_A_XV,0.0,1992,10,29
M_031_A_XV,0.0,1992,10,30
M_031_A_XV,0.0,1992,10,31
M_031_A_XV,0.0,1992,11,1
M_031_A_XV,0.0,1992,11,2
M_031_A_XV,0.0,1992,11,3
M_031_A_XV,0.0,1992,11,4
M_031_A_XV,0.0,1992,11,5
M_031_A_XV,0.0,1992,11,6
M_031_A_XV,0.0,1992,11,7
M_031_A_XV,0.0,1992,11,8
M_031_A_XV,0.0,1992,11,9
M_031_A_XV,0.0,1992,11,10
M_031_A_XV,0.8833215236663818,1992,11,11
M_031_A_XV,1.2449082732200625,1992,11,12
M_031_A_XV,3.183981753885746,1992,11,13
M_031_A_XV,1.976892955601216,1992,11,14
M_031_A_XV,7.8968751430511475,1992,11,15
M_031_A_XV,3.7974277455359697,1992,11,16
M_031_A_XV,12.444174334406853,1992,11,17
M_031_A_XV,5.266941875219345,1992,11,18
M_031_A_XV,13.264623641967772,1992,11,19
M_031_A_XV,0.1330119222402572,1992,11,20
M_031_A_XV,0.001900170231238,1992,11,21
M_031_A_XV,8.447270631790161,1992,11,22
M_031_A_XV,5.714131742715836,1992,11,23
M_031_A_XV,0.4655293899122625,1992,11,24
M_031_A_XV,0.606387335807085,1992,11,25
M_031_A_XV,3.5266654789447784,1992,11,26
M_031_A_XV,0.0570051111280918,1992,11,27
M_031_A_XV,0.0570051111280918,1992,11,28
M_031_A_XV,0.0,1992,11,29
M_031_A_XV,0.0,1992,11,30
M_031_A_XV,0.001900170231238,1992,12,1
M_031_A_XV,0.1170027367770671,1992,12,2
M_031_A_XV,0.0190017037093639,1992,12,3
M_031_A_XV,1.4189876012969762,1992,12,4
M_031_A_XV,1.831878826022148,1992,12,5
M_031_A_XV,0.8615630269050598,1992,12,6
M_031_A_XV,2.0018445551395416,1992,12,7
M_031_A_XV,2.526864044368267,1992,12,8
M_031_A_XV,0.0,1992,12,9
M_031_A_XV,0.0,1992,12,10
M_031_A_XV,0.0,1992,12,11
M_031_A_XV,0.0,1992,12,12
M_031_A_XV,2.004752633161843,1992,12,13
M_031_A_XV,4.695227859541774,1992,12,14
M_031_A_XV,4.44348381459713,1992,12,15
M_031_A_XV,0.3633410148322582,1992,12,16
M_031_A_XV,0.0,1992,12,17
M_031_A_XV,0.0133000090718269,1992,12,18
M_031_A_XV,0.1457094848155975,1992,12,19
M_031_A_XV,0.862435981631279,1992,12,20
M_031_A_XV,3.105254739522934,1992,12,21
M_031_A_XV,5.292512357234955,1992,12,22
M_031_A_XV,2.307614251971245,1992,12,23
M_031_A_XV,3.2054668068885803,1992,12,24
M_031_A_XV,1.318166367709637,1992,12,25
M_031_A_XV,0.3471966683864593,1992,12,26
M_031_A_XV,1.1005210429430008,1992,12,27
M_031_A_XV,6.300080135464668,1992,12,28
M_031_A_XV,3.255129523575306,1992,12,29
M_031_A_XV,0.3625345770269632,1992,12,30
M_031_A_XV,0.3113095760345459,1992,12,31
M_031_A_XV,6.470532540231943,1993,1,1
M_031_A_XV,4.262370489537716,1993,1,2
M_031_A_XV,5.432514488697052,1993,1,3
M_031_A_XV,11.80181959271431,1993,1,4
M_031_A_XV,11.012621581554413,1993,1,5
M_031_A_XV,0.8574395510368049,1993,1,6
M_031_A_XV,4.329799309372902,1993,1,7
M_031_A_XV,0.3265341743826866,1993,1,8
M_031_A_XV,6.264509275555611,1993,1,9
M_031_A_XV,14.607563972473145,1993,1,10
M_031_A_XV,8.318542450666428,1993,1,11
M_031_A_XV,3.965939886868,1993,1,12
M_031_A_XV,14.77601657807827,1993,1,13
M_031_A_XV,8.634690344333649,1993,1,14
M_031_A_XV,12.540087420493364,1993,1,15
M_031_A_XV,8.856986235827208,1993,1,16
M_031_A_XV,18.73755431175232,1993,1,17
M_031_A_XV,24.74593222513795,1993,1,18
M_031_A_XV,4.183877931907773,1993,1,19
M_031_A_XV,18.433904826641083,1993,1,20
M_031_A_XV,9.404108081012964,1993,1,21
M_031_A_XV,9.983783334493635,1993,1,22
M_031_A_XV,26.58804415166378,1993,1,23
M_031_A_XV,7.105554640293121,1993,1,24
M_031_A_XV,5.95591276884079,1993,1,25
M_031_A_XV,5.93935053050518,1993,1,26
M_031_A_XV,18.192071095108982,1993,1,27
M_031_A_XV,9.050655245780945,1993,1,28
M_031_A_XV,6.824040904641151,1993,1,29
M_031_A_XV,27.5607351064682,1993,1,30
M_031_A_XV,1.888990819454193,1993,1,31
M_031_A_XV,1.3301140069961548,1993,2,1
M_031_A_XV,1.391015121713281,1993,2,2
M_031_A_XV,2.5898630619049072,1993,2,3
M_031_A_XV,7.812144100666046,1993,2,4
M_031_A_XV,6.309938073158264,1993,2,5
M_031_A_XV,0.5380794815719128,1993,2,6
M_031_A_XV,0.0,1993,2,7
M_031_A_XV,0.0,1993,2,8
M_031_A_XV,0.0136746913194656,1993,2,9
M_031_A_XV,0.4835954690352082,1993,2,10
M_031_A_XV,0.3978865295648575,1993,2,11
M_031_A_XV,3.32642063498497,1993,2,12
M_031_A_XV,0.685981921851635,1993,2,13
M_031_A_XV,0.0240370258688926,1993,2,14
M_031_A_XV,0.0,1993,2,15
M_031_A_XV,0.0570051111280918,1993,2,16
M_031_A_XV,0.0,1993,2,17
M_031_A_XV,0.0163346920162439,1993,2,18
M_031_A_XV,1.959371000528336,1993,2,19
M_031_A_XV,5.628565073013306,1993,2,20
M_031_A_XV,10.306474089622498,1993,2,21
M_031_A_XV,12.0349012427032,1993,2,22
M_031_A_XV,6.65207177400589,1993,2,23
M_031_A_XV,0.0875658988952636,1993,2,24
M_031_A_XV,2.3464322090148926,1993,2,25
M_031_A_XV,4.234429411590099,1993,2,26
M_031_A_XV,13.622061491012571,1993,2,27
M_031_A_XV,7.194070816040039,1993,2,28
M_031_A_XV,11.38043177127838,1993,3,1
M_031_A_XV,10.261955171823502,1993,3,2
M_031_A_XV,18.64583998173476,1993,3,3
M_031_A_XV,4.139964938163757,1993,3,4
M_031_A_XV,8.540073171257973,1993,3,5
M_031_A_XV,7.49894779920578,1993,3,6
M_031_A_XV,12.487366795539856,1993,3,7
M_031_A_XV,18.065124690532684,1993,3,8
M_031_A_XV,4.209172509610653,1993,3,9
M_031_A_XV,3.2025389671325684,1993,3,10
M_031_A_XV,0.7725802958011627,1993,3,11
M_031_A_XV,0.1158870458602905,1993,3,12
M_031_A_XV,0.0857921838760376,1993,3,13
M_031_A_XV,0.9079615473747252,1993,3,14
M_031_A_XV,3.1735599040985107,1993,3,15
M_031_A_XV,8.938740074634552,1993,3,16
M_031_A_XV,7.784327983856201,1993,3,17
M_031_A_XV,4.341153290122747,1993,3,18
M_031_A_XV,8.672148391604424,1993,3,19
M_031_A_XV,3.537093758583069,1993,3,20
M_031_A_XV,3.6705900132656097,1993,3,21
M_031_A_XV,3.318241508677602,1993,3,22
M_031_A_XV,8.585932843387127,1993,3,23
M_031_A_XV,10.115698993206024,1993,3,24
M_031_A_XV,8.738494811579585,1993,3,25
M_031_A_XV,7.763015270233154,1993,3,26
M_031_A_XV,2.271449491381645,1993,3,27
M_031_A_XV,0.5002017673105001,1993,3,28
M_031_A_XV,8.925581276416779,1993,3,29
M_031_A_XV,9.77094578742981,1993,3,30
M_031_A_XV,3.0554042421281338,1993,3,31
M_031_A_XV,4.496523100882769,1993,4,1
M_031_A_XV,11.371189385652542,1993,4,2
M_031_A_XV,4.915642321109772,1993,4,3
M_031_A_XV,10.4101123213768,1993,4,4
M_031_A_XV,11.850756287574768,1993,4,5
M_031_A_XV,5.630867350380868,1993,4,6
M_031_A_XV,2.621850907802582,1993,4,7
M_031_A_XV,1.0905543118715286,1993,4,8
M_031_A_XV,2.182438112795353,1993,4,9
M_031_A_XV,1.284731786698103,1993,4,10
M_031_A_XV,0.1858207955956459,1993,4,11
M_031_A_XV,2.170239925384521,1993,4,12
M_031_A_XV,1.6894433796405792,1993,4,13
M_031_A_XV,0.0,1993,4,14
M_031_A_XV,0.6098632216453552,1993,4,15
M_031_A_XV,2.1496113389730453,1993,4,16
M_031_A_XV,2.8970229998230934,1993,4,17
M_031_A_XV,3.441519878804684,1993,4,18
M_031_A_XV,2.310558497905731,1993,4,19
M_031_A_XV,0.0,1993,4,20
M_031_A_XV,0.2489187717437744,1993,4,21
M_031_A_XV,0.0190017037093639,1993,4,22
M_031_A_XV,0.0133000090718269,1993,4,23
M_031_A_XV,0.0013300009304657,1993,4,24
M_031_A_XV,0.0,1993,4,25
M_031_A_XV,0.0,1993,4,26
M_031_A_XV,0.0,1993,4,27
M_031_A_XV,1.042225357145071,1993,4,28
M_031_A_XV,5.418355822563171,1993,4,29
M_031_A_XV,0.1730179695878178,1993,4,30
M_031_A_XV,0.759588222950697,1993,5,1
M_031_A_XV,0.0190017037093639,1993,5,2
M_031_A_XV,0.0,1993,5,3
M_031_A_XV,0.0,1993,5,4
M_031_A_XV,0.0,1993,5,5
M_031_A_XV,0.0,1993,5,6
M_031_A_XV,0.0,1993,5,7
M_031_A_XV,0.0,1993,5,8
M_031_A_XV,1.279194392263889,1993,5,9
M_031_A_XV,0.0604173354804515,1993,5,10
M_031_A_XV,0.0,1993,5,11
M_031_A_XV,0.0,1993,5,12
M_031_A_XV,0.0,1993,5,13
M_031_A_XV,0.0,1993,5,14
M_031_A_XV,0.0,1993,5,15
M_031_A_XV,0.0,1993,5,16
M_031_A_XV,0.0,1993,5,17
M_031_A_XV,0.0,1993,5,18
M_031_A_XV,0.0,1993,5,19
M_031_A_XV,0.0,1993,5,20
M_031_A_XV,0.0,1993,5,21
M_031_A_XV,0.0,1993,5,22
M_031_A_XV,0.0,1993,5,23
M_031_A_XV,0.0,1993,5,24
M_031_A_XV,0.0,1993,5,25
M_031_A_XV,0.0,1993,5,26
M_031_A_XV,0.5333883166313171,1993,5,27
M_031_A_XV,0.0096829086542129,1993,5,28
M_031_A_XV,0.0,1993,5,29
M_031_A_XV,0.0,1993,5,30
M_031_A_XV,0.0,1993,5,31
M_031_A_XV,0.0,1993,6,1
M_031_A_XV,0.0,1993,6,2
M_031_A_XV,0.0,1993,6,3
M_031_A_XV,0.0,1993,6,4
M_031_A_XV,0.0,1993,6,5
M_031_A_XV,0.0,1993,6,6
M_031_A_XV,0.0,1993,6,7
M_031_A_XV,0.1442513912916183,1993,6,8
M_031_A_XV,5.925783704966307,1993,6,9
M_031_A_XV,0.0,1993,6,10
M_031_A_XV,0.0,1993,6,11
M_031_A_XV,0.134832501411438,1993,6,12
M_031_A_XV,0.3919233530759811,1993,6,13
M_031_A_XV,0.0760068148374557,1993,6,14
M_031_A_XV,0.1026068329811096,1993,6,15
M_031_A_XV,0.8139209188520908,1993,6,16
M_031_A_XV,0.0114010218530893,1993,6,17
M_031_A_XV,0.0,1993,6,18
M_031_A_XV,0.0,1993,6,19
M_031_A_XV,0.0,1993,6,20
M_031_A_XV,0.0,1993,6,21
M_031_A_XV,0.0,1993,6,22
M_031_A_XV,0.0,1993,6,23
M_031_A_XV,0.0,1993,6,24
M_031_A_XV,0.0,1993,6,25
M_031_A_XV,0.0,1993,6,26
M_031_A_XV,0.0,1993,6,27
M_031_A_XV,0.0,1993,6,28
M_031_A_XV,0.0,1993,6,29
M_031_A_XV,0.0,1993,6,30
M_031_A_XV,0.0,1993,7,1
M_031_A_XV,0.0,1993,7,2
M_031_A_XV,0.0,1993,7,3
M_031_A_XV,0.0190017037093639,1993,7,4
M_031_A_XV,0.3643158189952373,1993,7,5
M_031_A_XV,0.0057005109265446,1993,7,6
M_031_A_XV,0.0,1993,7,7
M_031_A_XV,0.0,1993,7,8
M_031_A_XV,0.0,1993,7,9
M_031_A_XV,0.0,1993,7,10
M_031_A_XV,0.0,1993,7,11
M_031_A_XV,0.0,1993,7,12
M_031_A_XV,0.0,1993,7,13
M_031_A_XV,0.0,1993,7,14
M_031_A_XV,0.0,1993,7,15
M_031_A_XV,0.0,1993,7,16
M_031_A_XV,0.0,1993,7,17
M_031_A_XV,0.0,1993,7,18
M_031_A_XV,0.0,1993,7,19
M_031_A_XV,0.0,1993,7,20
M_031_A_XV,0.0,1993,7,21
M_031_A_XV,0.0,1993,7,22
M_031_A_XV,0.0,1993,7,23
M_031_A_XV,0.0,1993,7,24
M_031_A_XV,0.0,1993,7,25
M_031_A_XV,0.0,1993,7,26
M_031_A_XV,0.0,1993,7,27
M_031_A_XV,0.0,1993,7,28
M_031_A_XV,0.0,1993,7,29
M_031_A_XV,0.0,1993,7,30
M_031_A_XV,0.0,1993,7,31
M_031_A_XV,0.0,1993,8,1
M_031_A_XV,0.0,1993,8,2
M_031_A_XV,0.0,1993,8,3
M_031_A_XV,0.0,1993,8,4
M_031_A_XV,0.0,1993,8,5
M_031_A_XV,0.0,1993,8,6
M_031_A_XV,0.0,1993,8,7
M_031_A_XV,0.0,1993,8,8
M_031_A_XV,0.0,1993,8,9
M_031_A_XV,1.4581343792378902,1993,8,10
M_031_A_XV,5.713016510009766,1993,8,11
M_031_A_XV,6.417734872549772,1993,8,12
M_031_A_XV,0.0,1993,8,13
M_031_A_XV,0.0,1993,8,14
M_031_A_XV,0.0,1993,8,15
M_031_A_XV,0.0,1993,8,16
M_031_A_XV,0.9566475711762904,1993,8,17
M_031_A_XV,2.048819839954376,1993,8,18
M_031_A_XV,0.8959402032196522,1993,8,19
M_031_A_XV,0.941842969506979,1993,8,20
M_031_A_XV,0.9086724072694778,1993,8,21
M_031_A_XV,0.0190017037093639,1993,8,22
M_031_A_XV,0.0,1993,8,23
M_031_A_XV,0.0,1993,8,24
M_031_A_XV,0.0,1993,8,25
M_031_A_XV,0.0,1993,8,26
M_031_A_XV,0.0,1993,8,27
M_031_A_XV,0.0,1993,8,28
M_031_A_XV,0.0,1993,8,29
M_031_A_XV,0.001900170231238,1993,8,30
M_031_A_XV,0.0399035776499658,1993,8,31
M_031_A_XV,0.0,1993,9,1
M_031_A_XV,0.0,1993,9,2
M_031_A_XV,0.0,1993,9,3
M_031_A_XV,0.0,1993,9,4
M_031_A_XV,0.0,1993,9,5
M_031_A_XV,0.0,1993,9,6
M_031_A_XV,0.0,1993,9,7
M_031_A_XV,0.8126361630856991,1993,9,8
M_031_A_XV,3.053435832262039,1993,9,9
M_031_A_XV,2.1961080469191074,1993,9,10
M_031_A_XV,1.9854948818683624,1993,9,11
M_031_A_XV,6.15364345908165,1993,9,12
M_031_A_XV,0.0,1993,9,13
M_031_A_XV,0.0,1993,9,14
M_031_A_XV,0.0,1993,9,15
M_031_A_XV,0.0,1993,9,16
M_031_A_XV,0.0352954119443893,1993,9,17
M_031_A_XV,0.0442500859498977,1993,9,18
M_031_A_XV,0.0,1993,9,19
M_031_A_XV,0.0266023848671466,1993,9,20
M_031_A_XV,0.0190017037093639,1993,9,21
M_031_A_XV,0.0,1993,9,22
M_031_A_XV,0.0,1993,9,23
M_031_A_XV,0.0,1993,9,24
M_031_A_XV,0.3677673116326332,1993,9,25
M_031_A_XV,0.0190017037093639,1993,9,26
M_031_A_XV,0.0,1993,9,27
M_031_A_XV,0.0,1993,9,28
M_031_A_XV,0.0,1993,9,29
M_031_A_XV,0.0,1993,9,30
M_031_A_XV,0.0,1993,10,1
M_031_A_XV,0.0,1993,10,2
M_031_A_XV,0.0,1993,10,3
M_031_A_XV,0.0058825686573982,1993,10,4
M_031_A_XV,3.637511730194092,1993,10,5
M_031_A_XV,5.701190710067749,1993,10,6
M_031_A_XV,9.435346722602844,1993,10,7
M_031_A_XV,6.316429678350687,1993,10,8
M_031_A_XV,3.8945472240448,1993,10,9
M_031_A_XV,0.6367135047912598,1993,10,10
M_031_A_XV,9.153315544128418,1993,10,11
M_031_A_XV,0.2605053894221782,1993,10,12
M_031_A_XV,0.0,1993,10,13
M_031_A_XV,0.0286846123635768,1993,10,14
M_031_A_XV,0.0570051111280918,1993,10,15
M_031_A_XV,0.0190017037093639,1993,10,16
M_031_A_XV,0.0,1993,10,17
M_031_A_XV,0.1133844479918479,1993,10,18
M_031_A_XV,1.0017055235803127,1993,10,19
M_031_A_XV,0.0,1993,10,20
M_031_A_XV,0.0738449916243553,1993,10,21
M_031_A_XV,0.0,1993,10,22
M_031_A_XV,0.0,1993,10,23
M_031_A_XV,0.0,1993,10,24
M_031_A_XV,0.0,1993,10,25
M_031_A_XV,1.4337270259857178,1993,10,26
M_031_A_XV,2.304427767172456,1993,10,27
M_031_A_XV,1.2383680827915668,1993,10,28
M_031_A_XV,1.2051917943172157,1993,10,29
M_031_A_XV,2.1088048815727234,1993,10,30
M_031_A_XV,0.0,1993,10,31
M_031_A_XV,0.0361032336950302,1993,11,1
M_031_A_XV,1.784193029627204,1993,11,2
M_031_A_XV,1.5645623803138733,1993,11,3
M_031_A_XV,0.6207057572901249,1993,11,4
M_031_A_XV,0.3701994493603706,1993,11,5
M_031_A_XV,1.1231887340545654,1993,11,6
M_031_A_XV,2.640828227624297,1993,11,7
M_031_A_XV,3.509035110473633,1993,11,8
M_031_A_XV,9.065770149230955,1993,11,9
M_031_A_XV,7.028547585010529,1993,11,10
M_031_A_XV,0.7676546387374401,1993,11,11
M_031_A_XV,9.662538141012192,1993,11,12
M_031_A_XV,5.623766094446182,1993,11,13
M_031_A_XV,3.1276311352849007,1993,11,14
M_031_A_XV,3.4096564054489136,1993,11,15
M_031_A_XV,0.131030977005139,1993,11,16
M_031_A_XV,1.798002239316702,1993,11,17
M_031_A_XV,0.1862166868522763,1993,11,18
M_031_A_XV,5.942528121173382,1993,11,19
M_031_A_XV,4.950583457946777,1993,11,20
M_031_A_XV,9.29057775437832,1993,11,21
M_031_A_XV,6.146375775337219,1993,11,22
M_031_A_XV,3.290540747344494,1993,11,23
M_031_A_XV,8.698525709682144,1993,11,24
M_031_A_XV,10.57343190908432,1993,11,25
M_031_A_XV,7.945388734340668,1993,11,26
M_031_A_XV,10.366971619427204,1993,11,27
M_031_A_XV,10.77921974658966,1993,11,28
M_031_A_XV,2.5813125744462013,1993,11,29
M_031_A_XV,0.0,1993,11,30
M_031_A_XV,0.2181216180324554,1993,12,1
M_031_A_XV,2.609322752803564,1993,12,2
M_031_A_XV,6.646063804626465,1993,12,3
M_031_A_XV,1.4577937871217728,1993,12,4
M_031_A_XV,1.9004420638084407,1993,12,5
M_031_A_XV,2.439592659473419,1993,12,6
M_031_A_XV,5.687132984399796,1993,12,7
M_031_A_XV,5.369672067463398,1993,12,8
M_031_A_XV,4.491657704114914,1993,12,9
M_031_A_XV,3.1745544811710715,1993,12,10
M_031_A_XV,7.499535918235779,1993,12,11
M_031_A_XV,5.678515076637268,1993,12,12
M_031_A_XV,5.145015999674797,1993,12,13
M_031_A_XV,1.335870549082756,1993,12,14
M_031_A_XV,3.461991339921952,1993,12,15
M_031_A_XV,6.769109517335892,1993,12,16
M_031_A_XV,28.16667461395264,1993,12,17
M_031_A_XV,4.428958676755428,1993,12,18
M_031_A_XV,0.2036888785660267,1993,12,19
M_031_A_XV,1.8363003805279727,1993,12,20
M_031_A_XV,8.331390738487244,1993,12,21
M_031_A_XV,3.468043513596058,1993,12,22
M_031_A_XV,16.327574014663696,1993,12,23
M_031_A_XV,10.214864015579224,1993,12,24
M_031_A_XV,5.284955196082592,1993,12,25
M_031_A_XV,7.713726103305817,1993,12,26
M_031_A_XV,7.401129007339477,1993,12,27
M_031_A_XV,0.9161323010921478,1993,12,28
M_031_A_XV,0.3644335381686687,1993,12,29
M_031_A_XV,7.57639279961586,1993,12,30
M_031_A_XV,8.010714292526245,1993,12,31
M_031_A_XV,4.16947740316391,1994,1,1
M_031_A_XV,2.3821677789092064,1994,1,2
M_031_A_XV,3.874833593145013,1994,1,3
M_031_A_XV,10.205380618572237,1994,1,4
M_031_A_XV,11.646401643753052,1994,1,5
M_031_A_XV,4.378483520820737,1994,1,6
M_031_A_XV,4.472792387008667,1994,1,7
M_031_A_XV,0.3433700054883957,1994,1,8
M_031_A_XV,5.356630920432508,1994,1,9
M_031_A_XV,6.598181784152985,1994,1,10
M_031_A_XV,1.2038070373237133,1994,1,11
M_031_A_XV,0.0013300009304657,1994,1,12
M_031_A_XV,0.0,1994,1,13
M_031_A_XV,3.003559201955796,1994,1,14
M_031_A_XV,6.404810607433319,1994,1,15
M_031_A_XV,14.674296863377094,1994,1,16
M_031_A_XV,7.540830790996551,1994,1,17
M_031_A_XV,18.352193355560303,1994,1,18
M_031_A_XV,27.26811921596527,1994,1,19
M_031_A_XV,5.419259767979384,1994,1,20
M_031_A_XV,1.2731299549341202,1994,1,21
M_031_A_XV,1.835365884006024,1994,1,22
M_031_A_XV,3.654965773224831,1994,1,23
M_031_A_XV,11.878303587436676,1994,1,24
M_031_A_XV,10.17393523454666,1994,1,25
M_031_A_XV,8.370476484298706,1994,1,26
M_031_A_XV,10.407105207443236,1994,1,27
M_031_A_XV,2.528119333088398,1994,1,28
M_031_A_XV,2.1808249989990145,1994,1,29
M_031_A_XV,12.325503587722778,1994,1,30
M_031_A_XV,17.806360721588135,1994,1,31
M_031_A_XV,10.858929216861725,1994,2,1
M_031_A_XV,8.01458877325058,1994,2,2
M_031_A_XV,5.698831792920828,1994,2,3
M_031_A_XV,4.819762080907822,1994,2,4
M_031_A_XV,25.01558542251587,1994,2,5
M_031_A_XV,6.020645538344979,1994,2,6
M_031_A_XV,9.782614171504974,1994,2,7
M_031_A_XV,6.500998914241791,1994,2,8
M_031_A_XV,16.11575272679329,1994,2,9
M_031_A_XV,14.044179677963257,1994,2,10
M_031_A_XV,7.274037837982178,1994,2,11
M_031_A_XV,6.46739387512207,1994,2,12
M_031_A_XV,11.278395503759384,1994,2,13
M_031_A_XV,8.78795301914215,1994,2,14
M_031_A_XV,28.42341041564941,1994,2,15
M_031_A_XV,8.360036373138428,1994,2,16
M_031_A_XV,8.146472811698914,1994,2,17
M_031_A_XV,7.226002275943756,1994,2,18
M_031_A_XV,18.839168071746823,1994,2,19
M_031_A_XV,8.786526143550873,1994,2,20
M_031_A_XV,0.492352994158864,1994,2,21
M_031_A_XV,0.043421609327197,1994,2,22
M_031_A_XV,0.0163346920162439,1994,2,23
M_031_A_XV,0.0570051111280918,1994,2,24
M_031_A_XV,4.665820509195328,1994,2,25
M_031_A_XV,3.745712228119373,1994,2,26
M_031_A_XV,4.683124762028456,1994,2,27
M_031_A_XV,2.5421925634145737,1994,2,28
M_031_A_XV,8.272573977708817,1994,3,1
M_031_A_XV,11.261732310056686,1994,3,2
M_031_A_XV,6.202474892139435,1994,3,3
M_031_A_XV,5.187448937445879,1994,3,4
M_031_A_XV,14.820944666862488,1994,3,5
M_031_A_XV,5.546787068247795,1994,3,6
M_031_A_XV,12.340526819229126,1994,3,7
M_031_A_XV,10.735342264175417,1994,3,8
M_031_A_XV,1.4089629391673952,1994,3,9
M_031_A_XV,3.7407270818948746,1994,3,10
M_031_A_XV,0.1327719576656818,1994,3,11
M_031_A_XV,1.286461889743805,1994,3,12
M_031_A_XV,4.813849359750748,1994,3,13
M_031_A_XV,9.30544412136078,1994,3,14
M_031_A_XV,11.10618793964386,1994,3,15
M_031_A_XV,7.473163485527039,1994,3,16
M_031_A_XV,5.60834176838398,1994,3,17
M_031_A_XV,10.947788000106812,1994,3,18
M_031_A_XV,0.0778273902833461,1994,3,19
M_031_A_XV,0.0070305117405951,1994,3,20
M_031_A_XV,2.935075893998146,1994,3,21
M_031_A_XV,6.892914414405823,1994,3,22
M_031_A_XV,1.538569850497879,1994,3,23
M_031_A_XV,2.0065029487013817,1994,3,24
M_031_A_XV,3.555921494960785,1994,3,25
M_031_A_XV,13.61654496192932,1994,3,26
M_031_A_XV,22.065982222557068,1994,3,27
M_031_A_XV,13.078994393348694,1994,3,28
M_031_A_XV,11.492573261260986,1994,3,29
M_031_A_XV,3.352593421936035,1994,3,30
M_031_A_XV,2.9125659838318825,1994,3,31
M_031_A_XV,3.9226203709840775,1994,4,1
M_031_A_XV,1.1149845719337463,1994,4,2
M_031_A_XV,0.4525225609540939,1994,4,3
M_031_A_XV,2.082380354404449,1994,4,4
M_031_A_XV,5.60770520567894,1994,4,5
M_031_A_XV,0.0626968294382095,1994,4,6
M_031_A_XV,3.758759133517742,1994,4,7
M_031_A_XV,8.92195799946785,1994,4,8
M_031_A_XV,2.7191856242716312,1994,4,9
M_031_A_XV,6.822586816735566,1994,4,10
M_031_A_XV,11.722391366958618,1994,4,11
M_031_A_XV,0.2810660190880298,1994,4,12
M_031_A_XV,0.0190017037093639,1994,4,13
M_031_A_XV,2.027864035218954,1994,4,14
M_031_A_XV,2.411331124138087,1994,4,15
M_031_A_XV,11.270986437797546,1994,4,16
M_031_A_XV,0.0,1994,4,17
M_031_A_XV,0.7200813889503479,1994,4,18
M_031_A_XV,0.9439071381930262,1994,4,19
M_031_A_XV,0.6558650135993958,1994,4,20
M_031_A_XV,3.5491583049297333,1994,4,21
M_031_A_XV,8.577092111110687,1994,4,22
M_031_A_XV,10.19361025094986,1994,4,23
M_031_A_XV,6.306313514709473,1994,4,24
M_031_A_XV,2.886871874332428,1994,4,25
M_031_A_XV,0.7633091956377029,1994,4,26
M_031_A_XV,0.0380034074187278,1994,4,27
M_031_A_XV,3.0496685840189457,1994,4,28
M_031_A_XV,1.426937106996775,1994,4,29
M_031_A_XV,0.3646723106503486,1994,4,30
M_031_A_XV,0.0,1994,5,1
M_031_A_XV,0.0,1994,5,2
M_031_A_XV,0.0,1994,5,3
M_031_A_XV,0.0,1994,5,4
M_031_A_XV,0.5920800566673279,1994,5,5
M_031_A_XV,2.638692796230316,1994,5,6
M_031_A_XV,1.0673579089343548,1994,5,7
M_031_A_XV,0.9573824852705002,1994,5,8
M_031_A_XV,0.0114010218530893,1994,5,9
M_031_A_XV,0.0186135917901992,1994,5,10
M_031_A_XV,0.0,1994,5,11
M_031_A_XV,0.0,1994,5,12
M_031_A_XV,0.0,1994,5,13
M_031_A_XV,0.0,1994,5,14
M_031_A_XV,0.0,1994,5,15
M_031_A_XV,0.0,1994,5,16
M_031_A_XV,0.0,1994,5,17
M_031_A_XV,0.0,1994,5,18
M_031_A_XV,0.0,1994,5,19
M_031_A_XV,0.0,1994,5,20
M_031_A_XV,0.0,1994,5,21
M_031_A_XV,0.0,1994,5,22
M_031_A_XV,0.0,1994,5,23
M_031_A_XV,0.0,1994,5,24
M_031_A_XV,0.0,1994,5,25
M_031_A_XV,0.0,1994,5,26
M_031_A_XV,0.0,1994,5,27
M_031_A_XV,0.0,1994,5,28
M_031_A_XV,0.0,1994,5,29
M_031_A_XV,0.0,1994,5,30
M_031_A_XV,0.0,1994,5,31
M_031_A_XV,0.0,1994,6,1
M_031_A_XV,0.0,1994,6,2
M_031_A_XV,0.0,1994,6,3
M_031_A_XV,0.0,1994,6,4
M_031_A_XV,0.0,1994,6,5
M_031_A_XV,0.0,1994,6,6
M_031_A_XV,0.0,1994,6,7
M_031_A_XV,0.0,1994,6,8
M_031_A_XV,0.0,1994,6,9
M_031_A_XV,0.0,1994,6,10
M_031_A_XV,0.0265783872455358,1994,6,11
M_031_A_XV,0.7660349905490875,1994,6,12
M_031_A_XV,1.32155442237854,1994,6,13
M_031_A_XV,0.0,1994,6,14
M_031_A_XV,0.0,1994,6,15
M_031_A_XV,0.0,1994,6,16
M_031_A_XV,0.166746093891561,1994,6,17
M_031_A_XV,0.2226752452552318,1994,6,18
M_031_A_XV,0.117810558527708,1994,6,19
M_031_A_XV,0.0,1994,6,20
M_031_A_XV,0.0,1994,6,21
M_031_A_XV,0.0,1994,6,22
M_031_A_XV,0.0,1994,6,23
M_031_A_XV,0.0,1994,6,24
M_031_A_XV,0.0,1994,6,25
M_031_A_XV,0.0,1994,6,26
M_031_A_XV,0.0,1994,6,27
M_031_A_XV,0.0,1994,6,28
M_031_A_XV,0.0,1994,6,29
M_031_A_XV,0.0,1994,6,30
M_031_A_XV,0.0190017037093639,1994,7,1
M_031_A_XV,0.007600680924952,1994,7,2
M_031_A_XV,0.0190017037093639,1994,7,3
M_031_A_XV,0.2547001224011183,1994,7,4
M_031_A_XV,0.1122921034693718,1994,7,5
M_031_A_XV,0.0,1994,7,6
M_031_A_XV,0.0,1994,7,7
M_031_A_XV,0.0,1994,7,8
M_031_A_XV,0.0,1994,7,9
M_031_A_XV,0.0,1994,7,10
M_031_A_XV,0.0,1994,7,11
M_031_A_XV,0.0,1994,7,12
M_031_A_XV,0.0,1994,7,13
M_031_A_XV,0.0,1994,7,14
M_031_A_XV,0.0,1994,7,15
M_031_A_XV,0.0,1994,7,16
M_031_A_XV,0.0,1994,7,17
M_031_A_XV,0.0,1994,7,18
M_031_A_XV,0.0,1994,7,19
M_031_A_XV,0.0,1994,7,20
M_031_A_XV,0.0,1994,7,21
M_031_A_XV,0.0,1994,7,22
M_031_A_XV,0.0,1994,7,23
M_031_A_XV,0.0,1994,7,24
M_031_A_XV,0.0,1994,7,25
M_031_A_XV,0.0,1994,7,26
M_031_A_XV,0.0,1994,7,27
M_031_A_XV,0.0,1994,7,28
M_031_A_XV,0.0246782172471284,1994,7,29
M_031_A_XV,0.0190017037093639,1994,7,30
M_031_A_XV,0.0,1994,7,31
M_031_A_XV,0.0,1994,8,1
M_031_A_XV,0.0,1994,8,2
M_031_A_XV,0.0,1994,8,3
M_031_A_XV,0.0,1994,8,4
M_031_A_XV,0.0,1994,8,5
M_031_A_XV,0.0,1994,8,6
M_031_A_XV,0.0366494059562683,1994,8,7
M_031_A_XV,0.0057005109265446,1994,8,8
M_031_A_XV,0.0,1994,8,9
M_031_A_XV,0.0,1994,8,10
M_031_A_XV,0.0604967717081308,1994,8,11
M_031_A_XV,0.0058825686573982,1994,8,12
M_031_A_XV,0.3620912292972207,1994,8,13
M_031_A_XV,3.8221672773361206,1994,8,14
M_031_A_XV,1.6821068599820137,1994,8,15
M_031_A_XV,0.1176513731479644,1994,8,16
M_031_A_XV,0.0,1994,8,17
M_031_A_XV,0.0,1994,8,18
M_031_A_XV,0.0,1994,8,19
M_031_A_XV,0.0986496657133102,1994,8,20
M_031_A_XV,0.0398239828646183,1994,8,21
M_031_A_XV,0.0,1994,8,22
M_031_A_XV,0.0,1994,8,23
M_031_A_XV,0.0,1994,8,24
M_031_A_XV,0.0,1994,8,25
M_031_A_XV,0.0,1994,8,26
M_031_A_XV,0.0,1994,8,27
M_031_A_XV,0.0138473641127347,1994,8,28
M_031_A_XV,0.0986496657133102,1994,8,29
M_031_A_XV,0.0836303639225661,1994,8,30
M_031_A_XV,0.4232592210173607,1994,8,31
M_031_A_XV,0.0,1994,9,1
M_031_A_XV,0.3625748753547668,1994,9,2
M_031_A_XV,0.0951109791640192,1994,9,3
M_031_A_XV,0.0380034074187278,1994,9,4
M_031_A_XV,0.0,1994,9,5
M_031_A_XV,0.0,1994,9,6
M_031_A_XV,0.0,1994,9,7
M_031_A_XV,0.2296010553836822,1994,9,8
M_031_A_XV,0.7481168657541275,1994,9,9
M_031_A_XV,0.0150029115611687,1994,9,10
M_031_A_XV,0.0229829177260398,1994,9,11
M_031_A_XV,0.1945508457720279,1994,9,12
M_031_A_XV,0.0,1994,9,13
M_031_A_XV,0.0,1994,9,14
M_031_A_XV,0.0,1994,9,15
M_031_A_XV,0.0209018739406019,1994,9,16
M_031_A_XV,0.9687153100967408,1994,9,17
M_031_A_XV,7.238514624536037,1994,9,18
M_031_A_XV,1.1621036916039884,1994,9,19
M_031_A_XV,2.2869355268776417,1994,9,20
M_031_A_XV,0.9962911903858184,1994,9,21
M_031_A_XV,0.4087389353662729,1994,9,22
M_031_A_XV,0.8199321776628494,1994,9,23
M_031_A_XV,0.0,1994,9,24
M_031_A_XV,0.0190017037093639,1994,9,25
M_031_A_XV,1.3414705581963062,1994,9,26
M_031_A_XV,0.1285026706755161,1994,9,27
M_031_A_XV,0.1671342141926288,1994,9,28
M_031_A_XV,0.0854280712082982,1994,9,29
M_031_A_XV,0.201217238092795,1994,9,30
M_031_A_XV,0.0190017037093639,1994,10,1
M_031_A_XV,0.0,1994,10,2
M_031_A_XV,0.0,1994,10,3
M_031_A_XV,0.3209696095436811,1994,10,4
M_031_A_XV,0.8413608781993389,1994,10,5
M_031_A_XV,0.1463119313120842,1994,10,6
M_031_A_XV,0.218614961951971,1994,10,7
M_031_A_XV,0.3904754370450973,1994,10,8
M_031_A_XV,0.3062479794025421,1994,10,9
M_031_A_XV,0.0,1994,10,10
M_031_A_XV,0.0,1994,10,11
M_031_A_XV,1.5111853810958564,1994,10,12
M_031_A_XV,3.55992179363966,1994,10,13
M_031_A_XV,1.3438192903995514,1994,10,14
M_031_A_XV,0.0,1994,10,15
M_031_A_XV,0.0,1994,10,16
M_031_A_XV,0.0,1994,10,17
M_031_A_XV,0.6767330169677734,1994,10,18
M_031_A_XV,0.1657814029604196,1994,10,19
M_031_A_XV,0.7349022964481264,1994,10,20
M_031_A_XV,0.7778964564204216,1994,10,21
M_031_A_XV,2.2290659844875336,1994,10,22
M_031_A_XV,0.0950085148215293,1994,10,23
M_031_A_XV,0.0,1994,10,24
M_031_A_XV,0.0,1994,10,25
M_031_A_XV,0.0,1994,10,26
M_031_A_XV,0.0,1994,10,27
M_031_A_XV,0.0,1994,10,28
M_031_A_XV,0.0760068148374557,1994,10,29
M_031_A_XV,0.529059249907732,1994,10,30
M_031_A_XV,0.0,1994,10,31
M_031_A_XV,0.9386421721428632,1994,11,1
M_031_A_XV,5.8294442892074585,1994,11,2
M_031_A_XV,5.584955453872681,1994,11,3
M_031_A_XV,0.0326822195202112,1994,11,4
M_031_A_XV,0.0,1994,11,5
M_031_A_XV,1.858559787273407,1994,11,6
M_031_A_XV,0.9756573438644408,1994,11,7
M_031_A_XV,4.070125728845596,1994,11,8
M_031_A_XV,2.763510160148144,1994,11,9
M_031_A_XV,2.535951655358076,1994,11,10
M_031_A_XV,2.2338184602558613,1994,11,11
M_031_A_XV,2.0746711529791355,1994,11,12
M_031_A_XV,1.981031268835068,1994,11,13
M_031_A_XV,5.393402397632599,1994,11,14
M_031_A_XV,1.5164178907871246,1994,11,15
M_031_A_XV,3.312420610338449,1994,11,16
M_031_A_XV,5.931082487106323,1994,11,17
M_031_A_XV,7.137808322906494,1994,11,18
M_031_A_XV,0.2646687030792236,1994,11,19
M_031_A_XV,0.3393215062096715,1994,11,20
M_031_A_XV,0.0343851242214441,1994,11,21
M_031_A_XV,0.0190017037093639,1994,11,22
M_031_A_XV,0.6268162541091442,1994,11,23
M_031_A_XV,0.642587810754776,1994,11,24
M_031_A_XV,0.0419858056120574,1994,11,25
M_031_A_XV,0.0,1994,11,26
M_031_A_XV,0.0,1994,11,27
M_031_A_XV,0.0,1994,11,28
M_031_A_XV,0.0,1994,11,29
M_031_A_XV,0.4312590416520834,1994,11,30
M_031_A_XV,0.4145863652229309,1994,12,1
M_031_A_XV,1.6157171539962292,1994,12,2
M_031_A_XV,0.4965986931929365,1994,12,3
M_031_A_XV,0.0,1994,12,4
M_031_A_XV,0.0,1994,12,5
M_031_A_XV,0.0,1994,12,6
M_031_A_XV,1.4855516478419304,1994,12,7
M_031_A_XV,4.13514019548893,1994,12,8
M_031_A_XV,2.704002618789673,1994,12,9
M_031_A_XV,0.0466546444222331,1994,12,10
M_031_A_XV,0.313153016846627,1994,12,11
M_031_A_XV,2.955681297928095,1994,12,12
M_031_A_XV,12.161561250686646,1994,12,13
M_031_A_XV,2.404496669769287,1994,12,14
M_031_A_XV,9.226428151130676,1994,12,15
M_031_A_XV,14.266901262104511,1994,12,16
M_031_A_XV,1.5949958115816116,1994,12,17
M_031_A_XV,3.263953655958176,1994,12,18
M_031_A_XV,8.676602333784103,1994,12,19
M_031_A_XV,10.177106022834778,1994,12,20
M_031_A_XV,0.0,1994,12,21
M_031_A_XV,0.0,1994,12,22
M_031_A_XV,0.923599898815155,1994,12,23
M_031_A_XV,15.356223344802856,1994,12,24
M_031_A_XV,19.684170722961422,1994,12,25
M_031_A_XV,22.962757527828217,1994,12,26
M_031_A_XV,13.799854576587675,1994,12,27
M_031_A_XV,18.31083583831787,1994,12,28
M_031_A_XV,5.317388862371445,1994,12,29
M_031_A_XV,7.313685216009617,1994,12,30
M_031_A_XV,16.395983934402466,1994,12,31
M_031_A_XV,5.881449490785599,1995,1,1
M_031_A_XV,9.872544690966606,1995,1,2
M_031_A_XV,6.401182994246483,1995,1,3
M_031_A_XV,16.598932147026062,1995,1,4
M_031_A_XV,2.294563949108124,1995,1,5
M_031_A_XV,2.686298478394747,1995,1,6
M_031_A_XV,3.2718870490789413,1995,1,7
M_031_A_XV,15.22123956680298,1995,1,8
M_031_A_XV,5.349248141050339,1995,1,9
M_031_A_XV,4.354177594184876,1995,1,10
M_031_A_XV,0.7606763612711802,1995,1,11
M_031_A_XV,6.422871001064777,1995,1,12
M_031_A_XV,8.298420369625092,1995,1,13
M_031_A_XV,5.3869332410395145,1995,1,14
M_031_A_XV,7.25370810367167,1995,1,15
M_031_A_XV,11.90802562236786,1995,1,16
M_031_A_XV,5.315300315618515,1995,1,17
M_031_A_XV,5.967156305909157,1995,1,18
M_031_A_XV,8.316325262188911,1995,1,19
M_031_A_XV,9.095901913940908,1995,1,20
M_031_A_XV,0.1640578880906105,1995,1,21
M_031_A_XV,1.0688778162002563,1995,1,22
M_031_A_XV,1.753030315041542,1995,1,23
M_031_A_XV,0.3402942270040512,1995,1,24
M_031_A_XV,0.3760704193264246,1995,1,25
M_031_A_XV,1.267128387466073,1995,1,26
M_031_A_XV,2.154346525669098,1995,1,27
M_031_A_XV,9.860290184617044,1995,1,28
M_031_A_XV,8.694273859262466,1995,1,29
M_031_A_XV,1.0857025235891342,1995,1,30
M_031_A_XV,0.0,1995,1,31
M_031_A_XV,0.0191221218556165,1995,2,1
M_031_A_XV,0.2033085655421018,1995,2,2
M_031_A_XV,4.1643111333251,1995,2,3
M_031_A_XV,2.931216590106488,1995,2,4
M_031_A_XV,3.061246547847986,1995,2,5
M_031_A_XV,0.0638389457017183,1995,2,6
M_031_A_XV,7.499953035265207,1995,2,7
M_031_A_XV,2.7565663382411003,1995,2,8
M_031_A_XV,0.2153413931373506,1995,2,9
M_031_A_XV,0.1251945681869983,1995,2,10
M_031_A_XV,0.0398239828646183,1995,2,11
M_031_A_XV,0.0,1995,2,12
M_031_A_XV,0.0,1995,2,13
M_031_A_XV,2.6399662494659424,1995,2,14
M_031_A_XV,6.094230383634567,1995,2,15
M_031_A_XV,0.1095841079950332,1995,2,16
M_031_A_XV,0.0676982849836349,1995,2,17
M_031_A_XV,6.686362072825432,1995,2,18
M_031_A_XV,4.978884398937225,1995,2,19
M_031_A_XV,1.9000799432396889,1995,2,20
M_031_A_XV,1.0120005831122398,1995,2,21
M_031_A_XV,5.410344809293747,1995,2,22
M_031_A_XV,4.233856521546841,1995,2,23
M_031_A_XV,14.545920491218569,1995,2,24
M_031_A_XV,25.003554821014404,1995,2,25
M_031_A_XV,12.26142030954361,1995,2,26
M_031_A_XV,7.519825041294098,1995,2,27
M_031_A_XV,14.58662623167038,1995,2,28
M_031_A_XV,2.680148132145405,1995,3,1
M_031_A_XV,1.0022213459014893,1995,3,2
M_031_A_XV,0.1831903159618377,1995,3,3
M_031_A_XV,0.0995549890212714,1995,3,4
M_031_A_XV,0.9229432344436646,1995,3,5
M_031_A_XV,1.961825476959348,1995,3,6
M_031_A_XV,4.998180419206619,1995,3,7
M_031_A_XV,9.108309745788574,1995,3,8
M_031_A_XV,13.05907779932022,1995,3,9
M_031_A_XV,13.128338158130646,1995,3,10
M_031_A_XV,12.460110429674389,1995,3,11
M_031_A_XV,12.35803160071373,1995,3,12
M_031_A_XV,12.25284743309021,1995,3,13
M_031_A_XV,16.403278470039368,1995,3,14
M_031_A_XV,10.613602504134178,1995,3,15
M_031_A_XV,7.551219895482063,1995,3,16
M_031_A_XV,3.501007277518511,1995,3,17
M_031_A_XV,7.897096902132034,1995,3,18
M_031_A_XV,3.5823949091136456,1995,3,19
M_031_A_XV,4.567879509180784,1995,3,20
M_031_A_XV,10.636780381202698,1995,3,21
M_031_A_XV,8.877653062343597,1995,3,22
M_031_A_XV,3.0378644689917564,1995,3,23
M_031_A_XV,8.884571552276611,1995,3,24
M_031_A_XV,7.783370703458786,1995,3,25
M_031_A_XV,1.7794541120529177,1995,3,26
M_031_A_XV,3.3357669711112976,1995,3,27
M_031_A_XV,0.0,1995,3,28
M_031_A_XV,0.0,1995,3,29
M_031_A_XV,2.975416362285614,1995,3,30
M_031_A_XV,0.0200786243658512,1995,3,31
M_031_A_XV,5.286293333396316,1995,4,1
M_031_A_XV,4.233907222747803,1995,4,2
M_031_A_XV,1.3007717542350292,1995,4,3
M_031_A_XV,4.459893062710762,1995,4,4
M_031_A_XV,1.94258825480938,1995,4,5
M_031_A_XV,0.820866446942091,1995,4,6
M_031_A_XV,0.3800340667366981,1995,4,7
M_031_A_XV,0.0,1995,4,8
M_031_A_XV,0.0995912328362464,1995,4,9
M_031_A_XV,6.225935574620962,1995,4,10
M_031_A_XV,7.174156069755554,1995,4,11
M_031_A_XV,7.774665832519531,1995,4,12
M_031_A_XV,5.174416966736317,1995,4,13
M_031_A_XV,0.0,1995,4,14
M_031_A_XV,0.0247010309249162,1995,4,15
M_031_A_XV,1.5314924325793982,1995,4,16
M_031_A_XV,0.7558673731982708,1995,4,17
M_031_A_XV,0.0,1995,4,18
M_031_A_XV,0.0,1995,4,19
M_031_A_XV,0.3393444023095071,1995,4,20
M_031_A_XV,0.1060214191675186,1995,4,21
M_031_A_XV,0.0,1995,4,22
M_031_A_XV,0.0,1995,4,23
M_031_A_XV,0.0,1995,4,24
M_031_A_XV,0.0,1995,4,25
M_031_A_XV,0.0,1995,4,26
M_031_A_XV,0.0190017037093639,1995,4,27
M_031_A_XV,0.0,1995,4,28
M_031_A_XV,0.0,1995,4,29
M_031_A_XV,0.0,1995,4,30
M_031_A_XV,0.0797275642398744,1995,5,1
M_031_A_XV,0.343500068411231,1995,5,2
M_031_A_XV,0.0760068148374557,1995,5,3
M_031_A_XV,0.0,1995,5,4
M_031_A_XV,0.0,1995,5,5
M_031_A_XV,0.0,1995,5,6
M_031_A_XV,0.0,1995,5,7
M_031_A_XV,0.0,1995,5,8
M_031_A_XV,0.0,1995,5,9
M_031_A_XV,0.0,1995,5,10
M_031_A_XV,0.0,1995,5,11
M_031_A_XV,0.0,1995,5,12
M_031_A_XV,0.0153834205120801,1995,5,13
M_031_A_XV,0.1633350485935807,1995,5,14
M_031_A_XV,0.0,1995,5,15
M_031_A_XV,0.0,1995,5,16
M_031_A_XV,0.1384736597537994,1995,5,17
M_031_A_XV,1.6662716940045357,1995,5,18
M_031_A_XV,3.182009696960449,1995,5,19
M_031_A_XV,0.0,1995,5,20
M_031_A_XV,0.0,1995,5,21
M_031_A_XV,0.0,1995,5,22
M_031_A_XV,0.0,1995,5,23
M_031_A_XV,0.0,1995,5,24
M_031_A_XV,0.0,1995,5,25
M_031_A_XV,0.0,1995,5,26
M_031_A_XV,0.0,1995,5,27
M_031_A_XV,0.0,1995,5,28
M_031_A_XV,0.0,1995,5,29
M_031_A_XV,0.0,1995,5,30
M_031_A_XV,0.0,1995,5,31
M_031_A_XV,0.0,1995,6,1
M_031_A_XV,0.0,1995,6,2
M_031_A_XV,0.0,1995,6,3
M_031_A_XV,0.0,1995,6,4
M_031_A_XV,0.0,1995,6,5
M_031_A_XV,0.0,1995,6,6
M_031_A_XV,0.0,1995,6,7
M_031_A_XV,0.0,1995,6,8
M_031_A_XV,0.0,1995,6,9
M_031_A_XV,0.0,1995,6,10
M_031_A_XV,0.0,1995,6,11
M_031_A_XV,0.0,1995,6,12
M_031_A_XV,0.0,1995,6,13
M_031_A_XV,0.0,1995,6,14
M_031_A_XV,0.0,1995,6,15
M_031_A_XV,0.0,1995,6,16
M_031_A_XV,0.0,1995,6,17
M_031_A_XV,0.0,1995,6,18
M_031_A_XV,0.0,1995,6,19
M_031_A_XV,0.0,1995,6,20
M_031_A_XV,0.0,1995,6,21
M_031_A_XV,0.0,1995,6,22
M_031_A_XV,0.0,1995,6,23
M_031_A_XV,0.0,1995,6,24
M_031_A_XV,0.0,1995,6,25
M_031_A_XV,0.0,1995,6,26
M_031_A_XV,0.0,1995,6,27
M_031_A_XV,0.0,1995,6,28
M_031_A_XV,0.813932042568922,1995,6,29
M_031_A_XV,0.2506152391433716,1995,6,30
M_031_A_XV,0.0,1995,7,1
M_031_A_XV,0.003800340462476,1995,7,2
M_031_A_XV,0.0360792391002178,1995,7,3
M_031_A_XV,0.0190017037093639,1995,7,4
M_031_A_XV,0.0,1995,7,5
M_031_A_XV,0.0,1995,7,6
M_031_A_XV,0.0,1995,7,7
M_031_A_XV,0.0,1995,7,8
M_031_A_XV,0.0,1995,7,9
M_031_A_XV,0.0,1995,7,10
M_031_A_XV,0.0,1995,7,11
M_031_A_XV,0.0,1995,7,12
M_031_A_XV,0.0,1995,7,13
M_031_A_XV,0.001900170231238,1995,7,14
M_031_A_XV,0.0,1995,7,15
M_031_A_XV,0.080542990239337,1995,7,16
M_031_A_XV,0.0,1995,7,17
M_031_A_XV,0.0,1995,7,18
M_031_A_XV,0.0,1995,7,19
M_031_A_XV,0.0,1995,7,20
M_031_A_XV,0.0,1995,7,21
M_031_A_XV,0.0,1995,7,22
M_031_A_XV,0.0,1995,7,23
M_031_A_XV,0.0,1995,7,24
M_031_A_XV,0.0,1995,7,25
M_031_A_XV,0.0,1995,7,26
M_031_A_XV,0.0,1995,7,27
M_031_A_XV,0.0,1995,7,28
M_031_A_XV,0.0,1995,7,29
M_031_A_XV,0.0,1995,7,30
M_031_A_XV,0.0,1995,7,31
M_031_A_XV,0.0,1995,8,1
M_031_A_XV,0.0,1995,8,2
M_031_A_XV,0.0,1995,8,3
M_031_A_XV,0.0,1995,8,4
M_031_A_XV,0.0,1995,8,5
M_031_A_XV,0.0,1995,8,6
M_031_A_XV,0.0,1995,8,7
M_031_A_XV,0.0,1995,8,8
M_031_A_XV,0.0,1995,8,9
M_031_A_XV,0.0,1995,8,10
M_031_A_XV,0.0,1995,8,11
M_031_A_XV,0.0,1995,8,12
M_031_A_XV,0.0,1995,8,13
M_031_A_XV,0.0058825686573982,1995,8,14
M_031_A_XV,0.0,1995,8,15
M_031_A_XV,0.1366530768573284,1995,8,16
M_031_A_XV,0.2413433268666267,1995,8,17
M_031_A_XV,0.026602383935824,1995,8,18
M_031_A_XV,0.0,1995,8,19
M_031_A_XV,0.0,1995,8,20
M_031_A_XV,0.0,1995,8,21
M_031_A_XV,0.0,1995,8,22
M_031_A_XV,0.0,1995,8,23
M_031_A_XV,0.0,1995,8,24
M_031_A_XV,0.0,1995,8,25
M_031_A_XV,0.0,1995,8,26
M_031_A_XV,0.0,1995,8,27
M_031_A_XV,0.0,1995,8,28
M_031_A_XV,0.0,1995,8,29
M_031_A_XV,0.0,1995,8,30
M_031_A_XV,0.0,1995,8,31
M_031_A_XV,0.0,1995,9,1
M_031_A_XV,0.0,1995,9,2
M_031_A_XV,0.0,1995,9,3
M_031_A_XV,0.0058825686573982,1995,9,4
M_031_A_XV,0.0783735625445842,1995,9,5
M_031_A_XV,0.1094019040465354,1995,9,6
M_031_A_XV,0.4634015941992402,1995,9,7
M_031_A_XV,0.840270459651947,1995,9,8
M_031_A_XV,0.1384736597537994,1995,9,9
M_031_A_XV,0.256466272752732,1995,9,10
M_031_A_XV,0.1728311665356159,1995,9,11
M_031_A_XV,0.4301521927118301,1995,9,12
M_031_A_XV,0.6682968959212303,1995,9,13
M_031_A_XV,0.0190017037093639,1995,9,14
M_031_A_XV,1.094897747039795,1995,9,15
M_031_A_XV,0.8410567343235016,1995,9,16
M_031_A_XV,0.3342684432864189,1995,9,17
M_031_A_XV,0.0,1995,9,18
M_031_A_XV,0.9837275147438048,1995,9,19
M_031_A_XV,0.9352925012353808,1995,9,20
M_031_A_XV,0.0,1995,9,21
M_031_A_XV,0.0,1995,9,22
M_031_A_XV,0.0,1995,9,23
M_031_A_XV,0.0607258568052202,1995,9,24
M_031_A_XV,0.001900170231238,1995,9,25
M_031_A_XV,0.0,1995,9,26
M_031_A_XV,0.0,1995,9,27
M_031_A_XV,0.0,1995,9,28
M_031_A_XV,0.0,1995,9,29
M_031_A_XV,0.0,1995,9,30
M_031_A_XV,1.4742811918258667,1995,10,1
M_031_A_XV,6.951081156730652,1995,10,2
M_031_A_XV,0.4730580747127533,1995,10,3
M_031_A_XV,0.0,1995,10,4
M_031_A_XV,0.0,1995,10,5
M_031_A_XV,0.0,1995,10,6
M_031_A_XV,0.0,1995,10,7
M_031_A_XV,0.0,1995,10,8
M_031_A_XV,0.0,1995,10,9
M_031_A_XV,0.0,1995,10,10
M_031_A_XV,0.0,1995,10,11
M_031_A_XV,0.0,1995,10,12
M_031_A_XV,0.0,1995,10,13
M_031_A_XV,0.0,1995,10,14
M_031_A_XV,0.0,1995,10,15
M_031_A_XV,0.0,1995,10,16
M_031_A_XV,0.0,1995,10,17
M_031_A_XV,0.0,1995,10,18
M_031_A_XV,0.0,1995,10,19
M_031_A_XV,0.0,1995,10,20
M_031_A_XV,0.0323017127811908,1995,10,21
M_031_A_XV,0.0153910238295793,1995,10,22
M_031_A_XV,0.0190017037093639,1995,10,23
M_031_A_XV,0.0190017037093639,1995,10,24
M_031_A_XV,0.0,1995,10,25
M_031_A_XV,0.0296101085841655,1995,10,26
M_031_A_XV,1.4691082686185837,1995,10,27
M_031_A_XV,1.1947195082902908,1995,10,28
M_031_A_XV,0.0,1995,10,29
M_031_A_XV,0.0,1995,10,30
M_031_A_XV,0.0,1995,10,31
M_031_A_XV,0.0342018830124288,1995,11,1
M_031_A_XV,0.0721256956458091,1995,11,2
M_031_A_XV,0.0796479657292366,1995,11,3
M_031_A_XV,0.0,1995,11,4
M_031_A_XV,0.0,1995,11,5
M_031_A_XV,0.0,1995,11,6
M_031_A_XV,0.7952210158109665,1995,11,7
M_031_A_XV,2.733377516269684,1995,11,8
M_031_A_XV,0.0574716851115226,1995,11,9
M_031_A_XV,0.0,1995,11,10
M_031_A_XV,0.0,1995,11,11
M_031_A_XV,0.0,1995,11,12
M_031_A_XV,2.2390129566192627,1995,11,13
M_031_A_XV,3.306588351726532,1995,11,14
M_031_A_XV,6.77247679233551,1995,11,15
M_031_A_XV,4.557109035551548,1995,11,16
M_031_A_XV,0.5794171169400215,1995,11,17
M_031_A_XV,0.113049566745758,1995,11,18
M_031_A_XV,2.0670018568634987,1995,11,19
M_031_A_XV,6.328488498926163,1995,11,20
M_031_A_XV,10.487385287880898,1995,11,21
M_031_A_XV,0.0,1995,11,22
M_031_A_XV,0.0,1995,11,23
M_031_A_XV,0.0,1995,11,24
M_031_A_XV,0.0,1995,11,25
M_031_A_XV,0.0,1995,11,26
M_031_A_XV,0.0,1995,11,27
M_031_A_XV,1.1771457009017467,1995,11,28
M_031_A_XV,0.8469526618719101,1995,11,29
M_031_A_XV,0.0,1995,11,30
M_031_A_XV,0.001900170231238,1995,12,1
M_031_A_XV,4.747376903891563,1995,12,2
M_031_A_XV,5.204428128898144,1995,12,3
M_031_A_XV,1.1584666781127453,1995,12,4
M_031_A_XV,0.0279323849827051,1995,12,5
M_031_A_XV,0.0,1995,12,6
M_031_A_XV,0.001900170231238,1995,12,7
M_031_A_XV,11.167490161955357,1995,12,8
M_031_A_XV,12.189683854579926,1995,12,9
M_031_A_XV,0.0950085148215293,1995,12,10
M_031_A_XV,0.0,1995,12,11
M_031_A_XV,0.0,1995,12,12
M_031_A_XV,0.0,1995,12,13
M_031_A_XV,0.0570051111280918,1995,12,14
M_031_A_XV,0.1166462153196334,1995,12,15
M_031_A_XV,0.0,1995,12,16
M_031_A_XV,0.0722017437219619,1995,12,17
M_031_A_XV,0.6419320292770863,1995,12,18
M_031_A_XV,0.0,1995,12,19
M_031_A_XV,0.6752631068229675,1995,12,20
M_031_A_XV,1.3487975001335144,1995,12,21
M_031_A_XV,3.8676019608974457,1995,12,22
M_031_A_XV,6.161328762769699,1995,12,23
M_031_A_XV,11.949476659297943,1995,12,24
M_031_A_XV,11.230720043182371,1995,12,25
M_031_A_XV,14.350253641605375,1995,12,26
M_031_A_XV,14.890665531158447,1995,12,27
M_031_A_XV,3.8331701159477234,1995,12,28
M_031_A_XV,0.0782787036150693,1995,12,29
M_031_A_XV,0.0,1995,12,30
M_031_A_XV,0.001900170231238,1995,12,31
M_031_A_XV,4.408702999353409,1996,1,1
M_031_A_XV,2.408181205391884,1996,1,2
M_031_A_XV,3.3016786724328995,1996,1,3
M_031_A_XV,1.0296801403164864,1996,1,4
M_031_A_XV,0.910021435469389,1996,1,5
M_031_A_XV,0.0522494614124298,1996,1,6
M_031_A_XV,0.0,1996,1,7
M_031_A_XV,0.0,1996,1,8
M_031_A_XV,0.1480738334357738,1996,1,9
M_031_A_XV,0.9700441807508468,1996,1,10
M_031_A_XV,2.27800926566124,1996,1,11
M_031_A_XV,2.189703796058893,1996,1,12
M_031_A_XV,1.9460132718086245,1996,1,13
M_031_A_XV,8.718514621257782,1996,1,14
M_031_A_XV,21.548528850078583,1996,1,15
M_031_A_XV,9.373012900352478,1996,1,16
M_031_A_XV,11.827889502048492,1996,1,17
M_031_A_XV,20.560600578784943,1996,1,18
M_031_A_XV,7.104223676025868,1996,1,19
M_031_A_XV,3.752082292921841,1996,1,20
M_031_A_XV,8.750555021339096,1996,1,21
M_031_A_XV,6.032026201486588,1996,1,22
M_031_A_XV,3.816716441884637,1996,1,23
M_031_A_XV,15.918350607156754,1996,1,24
M_031_A_XV,11.943320706486702,1996,1,25
M_031_A_XV,10.619879841804504,1996,1,26
M_031_A_XV,0.467054302804172,1996,1,27
M_031_A_XV,0.1764770559966564,1996,1,28
M_031_A_XV,3.039942015428096,1996,1,29
M_031_A_XV,12.97094476222992,1996,1,30
M_031_A_XV,11.381373316049576,1996,1,31
M_031_A_XV,10.896116256713867,1996,2,1
M_031_A_XV,13.19332766532898,1996,2,2
M_031_A_XV,1.7884784005582333,1996,2,3
M_031_A_XV,0.5056838989257812,1996,2,4
M_031_A_XV,0.1598249673843383,1996,2,5
M_031_A_XV,1.3699339926242828,1996,2,6
M_031_A_XV,2.6527194008231163,1996,2,7
M_031_A_XV,2.246690347790718,1996,2,8
M_031_A_XV,1.4756671860814097,1996,2,9
M_031_A_XV,5.010522983968258,1996,2,10
M_031_A_XV,7.787104845046997,1996,2,11
M_031_A_XV,10.461410481482744,1996,2,12
M_031_A_XV,12.6579852104187,1996,2,13
M_031_A_XV,6.529596835374832,1996,2,14
M_031_A_XV,6.823284715414047,1996,2,15
M_031_A_XV,7.892104227095842,1996,2,16
M_031_A_XV,4.961405754089356,1996,2,17
M_031_A_XV,7.777575176209211,1996,2,18
M_031_A_XV,19.09024918079376,1996,2,19
M_031_A_XV,11.879714727401732,1996,2,20
M_031_A_XV,3.5761782377958298,1996,2,21
M_031_A_XV,0.0899096131324768,1996,2,22
M_031_A_XV,6.877469645813108,1996,2,23
M_031_A_XV,16.815975185483694,1996,2,24
M_031_A_XV,8.137390404939651,1996,2,25
M_031_A_XV,3.749176925048232,1996,2,26
M_031_A_XV,11.907209277153015,1996,2,27
M_031_A_XV,8.657877773046494,1996,2,28
M_031_A_XV,2.6038745641708374,1996,2,29
M_031_A_XV,3.201243162155152,1996,3,1
M_031_A_XV,4.697315476834774,1996,3,2
M_031_A_XV,9.284512169659138,1996,3,3
M_031_A_XV,4.021018326282501,1996,3,4
M_031_A_XV,0.0398239828646183,1996,3,5
M_031_A_XV,0.0,1996,3,6
M_031_A_XV,0.1606462597846985,1996,3,7
M_031_A_XV,2.8820156697183847,1996,3,8
M_031_A_XV,3.882259525358677,1996,3,9
M_031_A_XV,0.5164483413100243,1996,3,10
M_031_A_XV,0.0,1996,3,11
M_031_A_XV,0.0,1996,3,12
M_031_A_XV,0.1476417779922485,1996,3,13
M_031_A_XV,0.6763102263212204,1996,3,14
M_031_A_XV,1.496843758970499,1996,3,15
M_031_A_XV,0.8998110108077526,1996,3,16
M_031_A_XV,0.3849096074700355,1996,3,17
M_031_A_XV,1.2134883794933558,1996,3,18
M_031_A_XV,7.030709728598595,1996,3,19
M_031_A_XV,3.732226148247719,1996,3,20
M_031_A_XV,1.611841082572937,1996,3,21
M_031_A_XV,9.710891991853714,1996,3,22
M_031_A_XV,3.900569148361683,1996,3,23
M_031_A_XV,5.46946869045496,1996,3,24
M_031_A_XV,4.690008640289307,1996,3,25
M_031_A_XV,0.5183438025414944,1996,3,26
M_031_A_XV,3.399898484349251,1996,3,27
M_031_A_XV,6.949074819684029,1996,3,28
M_031_A_XV,3.872594475746155,1996,3,29
M_031_A_XV,6.5925841480493546,1996,3,30
M_031_A_XV,10.449814200401306,1996,3,31
M_031_A_XV,3.747626692056656,1996,4,1
M_031_A_XV,0.0,1996,4,2
M_031_A_XV,0.9146869778633118,1996,4,3
M_031_A_XV,14.76202428340912,1996,4,4
M_031_A_XV,8.714229300618172,1996,4,5
M_031_A_XV,9.51698237657547,1996,4,6
M_031_A_XV,5.057057276368141,1996,4,7
M_031_A_XV,3.5881155729293823,1996,4,8
M_031_A_XV,0.7463677863124758,1996,4,9
M_031_A_XV,3.241005003452301,1996,4,10
M_031_A_XV,7.139965057373047,1996,4,11
M_031_A_XV,0.4822291359305382,1996,4,12
M_031_A_XV,2.618537690490484,1996,4,13
M_031_A_XV,3.218361467123032,1996,4,14
M_031_A_XV,0.0,1996,4,15
M_031_A_XV,0.399023950099945,1996,4,16
M_031_A_XV,1.0042397789657116,1996,4,17
M_031_A_XV,1.9684890694916248,1996,4,18
M_031_A_XV,6.478150639683008,1996,4,19
M_031_A_XV,2.7957121059298515,1996,4,20
M_031_A_XV,1.6948932521045208,1996,4,21
M_031_A_XV,0.5649037659168243,1996,4,22
M_031_A_XV,0.4380638040602207,1996,4,23
M_031_A_XV,1.9295281544327736,1996,4,24
M_031_A_XV,1.0077320742420852,1996,4,25
M_031_A_XV,2.1106584998779,1996,4,26
M_031_A_XV,0.0,1996,4,27
M_031_A_XV,0.0,1996,4,28
M_031_A_XV,0.0,1996,4,29
M_031_A_XV,0.0438063810579478,1996,4,30
M_031_A_XV,0.529152899980545,1996,5,1
M_031_A_XV,4.47027975320816,1996,5,2
M_031_A_XV,1.470003630965948,1996,5,3
M_031_A_XV,1.8762514889240265,1996,5,4
M_031_A_XV,0.8652009330689907,1996,5,5
M_031_A_XV,0.3209684044122696,1996,5,6
M_031_A_XV,0.0796087011694908,1996,5,7
M_031_A_XV,0.0235530883073806,1996,5,8
M_031_A_XV,0.0323017127811908,1996,5,9
M_031_A_XV,0.0133000090718269,1996,5,10
M_031_A_XV,0.8710478097200394,1996,5,11
M_031_A_XV,0.0,1996,5,12
M_031_A_XV,0.0,1996,5,13
M_031_A_XV,0.0,1996,5,14
M_031_A_XV,0.0,1996,5,15
M_031_A_XV,0.0,1996,5,16
M_031_A_XV,0.0,1996,5,17
M_031_A_XV,0.0,1996,5,18
M_031_A_XV,0.0,1996,5,19
M_031_A_XV,0.0,1996,5,20
M_031_A_XV,0.0,1996,5,21
M_031_A_XV,0.0,1996,5,22
M_031_A_XV,0.0,1996,5,23
M_031_A_XV,0.0058825686573982,1996,5,24
M_031_A_XV,0.0,1996,5,25
M_031_A_XV,0.0,1996,5,26
M_031_A_XV,0.0,1996,5,27
M_031_A_XV,0.0,1996,5,28
M_031_A_XV,0.0,1996,5,29
M_031_A_XV,0.0,1996,5,30
M_031_A_XV,0.0,1996,5,31
M_031_A_XV,0.0,1996,6,1
M_031_A_XV,0.0,1996,6,2
M_031_A_XV,0.0,1996,6,3
M_031_A_XV,0.0,1996,6,4
M_031_A_XV,0.0,1996,6,5
M_031_A_XV,0.0,1996,6,6
M_031_A_XV,0.0,1996,6,7
M_031_A_XV,0.0,1996,6,8
M_031_A_XV,0.0,1996,6,9
M_031_A_XV,0.0,1996,6,10
M_031_A_XV,0.0,1996,6,11
M_031_A_XV,0.0,1996,6,12
M_031_A_XV,0.0,1996,6,13
M_031_A_XV,0.0,1996,6,14
M_031_A_XV,0.0,1996,6,15
M_031_A_XV,0.0,1996,6,16
M_031_A_XV,0.0,1996,6,17
M_031_A_XV,0.0,1996,6,18
M_031_A_XV,0.081809788942337,1996,6,19
M_031_A_XV,0.0,1996,6,20
M_031_A_XV,0.0,1996,6,21
M_031_A_XV,0.0,1996,6,22
M_031_A_XV,0.0058825686573982,1996,6,23
M_031_A_XV,0.0755467098206281,1996,6,24
M_031_A_XV,0.0305847823619842,1996,6,25
M_031_A_XV,0.0,1996,6,26
M_031_A_XV,0.0,1996,6,27
M_031_A_XV,0.0,1996,6,28
M_031_A_XV,0.0,1996,6,29
M_031_A_XV,0.0,1996,6,30
M_031_A_XV,0.0,1996,7,1
M_031_A_XV,0.0,1996,7,2
M_031_A_XV,0.0,1996,7,3
M_031_A_XV,0.0,1996,7,4
M_031_A_XV,0.0,1996,7,5
M_031_A_XV,0.0,1996,7,6
M_031_A_XV,0.0,1996,7,7
M_031_A_XV,0.0,1996,7,8
M_031_A_XV,0.0,1996,7,9
M_031_A_XV,0.0,1996,7,10
M_031_A_XV,0.0,1996,7,11
M_031_A_XV,0.0,1996,7,12
M_031_A_XV,0.0,1996,7,13
M_031_A_XV,0.0,1996,7,14
M_031_A_XV,0.0,1996,7,15
M_031_A_XV,0.0,1996,7,16
M_031_A_XV,0.0,1996,7,17
M_031_A_XV,0.0,1996,7,18
M_031_A_XV,0.0,1996,7,19
M_031_A_XV,0.0,1996,7,20
M_031_A_XV,0.4954502703621983,1996,7,21
M_031_A_XV,0.7317823953926563,1996,7,22
M_031_A_XV,0.0,1996,7,23
M_031_A_XV,0.0,1996,7,24
M_031_A_XV,0.0,1996,7,25
M_031_A_XV,0.0,1996,7,26
M_031_A_XV,0.0,1996,7,27
M_031_A_XV,0.0,1996,7,28
M_031_A_XV,0.0171015337109565,1996,7,29
M_031_A_XV,0.0,1996,7,30
M_031_A_XV,0.0,1996,7,31
M_031_A_XV,0.0,1996,8,1
M_031_A_XV,0.0,1996,8,2
M_031_A_XV,0.0,1996,8,3
M_031_A_XV,0.0,1996,8,4
M_031_A_XV,0.0,1996,8,5
M_031_A_XV,0.0,1996,8,6
M_031_A_XV,0.0,1996,8,7
M_031_A_XV,0.0,1996,8,8
M_031_A_XV,0.0,1996,8,9
M_031_A_XV,0.0,1996,8,10
M_031_A_XV,0.0,1996,8,11
M_031_A_XV,0.0,1996,8,12
M_031_A_XV,0.001900170231238,1996,8,13
M_031_A_XV,0.0,1996,8,14
M_031_A_XV,0.7626733593642712,1996,8,15
M_031_A_XV,1.8125014752149584,1996,8,16
M_031_A_XV,0.9519548751413822,1996,8,17
M_031_A_XV,1.1294945031404495,1996,8,18
M_031_A_XV,0.1954787671566009,1996,8,19
M_031_A_XV,0.0,1996,8,20
M_031_A_XV,0.0,1996,8,21
M_031_A_XV,0.0,1996,8,22
M_031_A_XV,0.0,1996,8,23
M_031_A_XV,0.0,1996,8,24
M_031_A_XV,0.0,1996,8,25
M_031_A_XV,0.0,1996,8,26
M_031_A_XV,0.0,1996,8,27
M_031_A_XV,0.7237115316092968,1996,8,28
M_031_A_XV,4.71246725320816,1996,8,29
M_031_A_XV,0.959024116396904,1996,8,30
M_031_A_XV,0.0,1996,8,31
M_031_A_XV,0.0,1996,9,1
M_031_A_XV,0.0,1996,9,2
M_031_A_XV,0.0,1996,9,3
M_031_A_XV,0.0,1996,9,4
M_031_A_XV,0.0,1996,9,5
M_031_A_XV,0.0,1996,9,6
M_031_A_XV,0.0,1996,9,7
M_031_A_XV,0.0,1996,9,8
M_031_A_XV,0.0,1996,9,9
M_031_A_XV,0.0,1996,9,10
M_031_A_XV,0.0,1996,9,11
M_031_A_XV,0.0,1996,9,12
M_031_A_XV,0.7397919634822756,1996,9,13
M_031_A_XV,0.9043179079890252,1996,9,14
M_031_A_XV,0.0677007734775543,1996,9,15
M_031_A_XV,0.0,1996,9,16
M_031_A_XV,0.0968290939927101,1996,9,17
M_031_A_XV,0.0,1996,9,18
M_031_A_XV,1.0947979560587555,1996,9,19
M_031_A_XV,1.117250669747591,1996,9,20
M_031_A_XV,0.024702213704586,1996,9,21
M_031_A_XV,0.2714855670928955,1996,9,22
M_031_A_XV,3.6005861908197403,1996,9,23
M_031_A_XV,0.1158307939767837,1996,9,24
M_031_A_XV,0.0,1996,9,25
M_031_A_XV,0.0190017037093639,1996,9,26
M_031_A_XV,0.0190017037093639,1996,9,27
M_031_A_XV,0.3571512475609779,1996,9,28
M_031_A_XV,0.3303112648427486,1996,9,29
M_031_A_XV,0.0,1996,9,30
M_031_A_XV,0.0,1996,10,1
M_031_A_XV,0.0,1996,10,2
M_031_A_XV,0.0115830786526203,1996,10,3
M_031_A_XV,0.0,1996,10,4
M_031_A_XV,0.0,1996,10,5
M_031_A_XV,0.8265340062789619,1996,10,6
M_031_A_XV,0.5241960505954921,1996,10,7
M_031_A_XV,0.4821932293707505,1996,10,8
M_031_A_XV,0.3872507992200553,1996,10,9
M_031_A_XV,0.0,1996,10,10
M_031_A_XV,0.0,1996,10,11
M_031_A_XV,0.0380034074187278,1996,10,12
M_031_A_XV,0.0,1996,10,13
M_031_A_XV,0.0,1996,10,14
M_031_A_XV,0.0,1996,10,15
M_031_A_XV,0.0,1996,10,16
M_031_A_XV,0.0,1996,10,17
M_031_A_XV,0.0,1996,10,18
M_031_A_XV,0.0,1996,10,19
M_031_A_XV,0.1520136296749115,1996,10,20
M_031_A_XV,0.3409044593572616,1996,10,21
M_031_A_XV,0.9598267199471592,1996,10,22
M_031_A_XV,0.6546075604856014,1996,10,23
M_031_A_XV,0.0190017037093639,1996,10,24
M_031_A_XV,0.0761888709384948,1996,10,25
M_031_A_XV,0.0,1996,10,26
M_031_A_XV,0.0,1996,10,27
M_031_A_XV,0.0,1996,10,28
M_031_A_XV,0.0,1996,10,29
M_031_A_XV,0.0,1996,10,30
M_031_A_XV,0.1823343934956938,1996,10,31
M_031_A_XV,0.1387124368920922,1996,11,1
M_031_A_XV,0.0,1996,11,2
M_031_A_XV,0.007600680924952,1996,11,3
M_031_A_XV,0.3691224921494722,1996,11,4
M_031_A_XV,0.1156487315893173,1996,11,5
M_031_A_XV,0.119250628631562,1996,11,6
M_031_A_XV,1.7820411771535871,1996,11,7
M_031_A_XV,6.205034255981445,1996,11,8
M_031_A_XV,2.1610733792185783,1996,11,9
M_031_A_XV,7.010533094406128,1996,11,10
M_031_A_XV,6.40031161904335,1996,11,11
M_031_A_XV,11.721001863479614,1996,11,12
M_031_A_XV,7.869637429714203,1996,11,13
M_031_A_XV,7.16464227437973,1996,11,14
M_031_A_XV,0.0,1996,11,15
M_031_A_XV,0.0974653363227844,1996,11,16
M_031_A_XV,5.78982299938798,1996,11,17
M_031_A_XV,9.28177958726883,1996,11,18
M_031_A_XV,2.350125839933753,1996,11,19
M_031_A_XV,1.9200650304555893,1996,11,20
M_031_A_XV,0.0316617060452699,1996,11,21
M_031_A_XV,0.0,1996,11,22
M_031_A_XV,0.2959957718849182,1996,11,23
M_031_A_XV,0.3782592266798019,1996,11,24
M_031_A_XV,0.0,1996,11,25
M_031_A_XV,0.0,1996,11,26
M_031_A_XV,0.0,1996,11,27
M_031_A_XV,0.0153834205120801,1996,11,28
M_031_A_XV,0.1366530805826187,1996,11,29
M_031_A_XV,3.67658956348896,1996,11,30
M_031_A_XV,6.228706955909729,1996,12,1
M_031_A_XV,0.3476697239093482,1996,12,2
M_031_A_XV,3.663118690252304,1996,12,3
M_031_A_XV,0.0190017037093639,1996,12,4
M_031_A_XV,0.0114010218530893,1996,12,5
M_031_A_XV,0.3763981880620122,1996,12,6
M_031_A_XV,0.3267496863845736,1996,12,7
M_031_A_XV,0.0190017037093639,1996,12,8
M_031_A_XV,1.631604552268982,1996,12,9
M_031_A_XV,2.99829825758934,1996,12,10
M_031_A_XV,0.3898183275014162,1996,12,11
M_031_A_XV,0.4802643470466137,1996,12,12
M_031_A_XV,6.204612761735916,1996,12,13
M_031_A_XV,4.900613345205784,1996,12,14
M_031_A_XV,2.064198825508356,1996,12,15
M_031_A_XV,0.737813935149461,1996,12,16
M_031_A_XV,1.0520583428442478,1996,12,17
M_031_A_XV,0.6209360025823116,1996,12,18
M_031_A_XV,5.197689235210419,1996,12,19
M_031_A_XV,1.9428793638944624,1996,12,20
M_031_A_XV,0.7601921409368515,1996,12,21
M_031_A_XV,4.143517896533012,1996,12,22
M_031_A_XV,6.221896260976791,1996,12,23
M_031_A_XV,1.5802293233573437,1996,12,24
M_031_A_XV,0.8151049092411995,1996,12,25
M_031_A_XV,1.5478612780570984,1996,12,26
M_031_A_XV,3.898804783821106,1996,12,27
M_031_A_XV,5.44619956985116,1996,12,28
M_031_A_XV,7.059826115146279,1996,12,29
M_031_A_XV,3.165971491485834,1996,12,30
M_031_A_XV,6.473077893257141,1996,12,31
M_031_A_XV,10.044134974479675,1997,1,1
M_031_A_XV,8.26350199058652,1997,1,2
M_031_A_XV,5.215849861502647,1997,1,3
M_031_A_XV,2.715753647964448,1997,1,4
M_031_A_XV,4.930887371301651,1997,1,5
M_031_A_XV,3.331528384238481,1997,1,6
M_031_A_XV,15.97297316789627,1997,1,7
M_031_A_XV,6.308198690414429,1997,1,8
M_031_A_XV,2.814033061265945,1997,1,9
M_031_A_XV,16.445051550865173,1997,1,10
M_031_A_XV,8.256347939372063,1997,1,11
M_031_A_XV,2.339046664536,1997,1,12
M_031_A_XV,4.88836432993412,1997,1,13
M_031_A_XV,6.367564022541046,1997,1,14
M_031_A_XV,5.440698549151421,1997,1,15
M_031_A_XV,6.688477471470833,1997,1,16
M_031_A_XV,13.20289984345436,1997,1,17
M_031_A_XV,6.01101154088974,1997,1,18
M_031_A_XV,0.5081481675151736,1997,1,19
M_031_A_XV,8.912720680236816,1997,1,20
M_031_A_XV,12.473855137825012,1997,1,21
M_031_A_XV,5.227440357208252,1997,1,22
M_031_A_XV,7.082132458686829,1997,1,23
M_031_A_XV,8.054101476445794,1997,1,24
M_031_A_XV,7.594849735498428,1997,1,25
M_031_A_XV,7.884170614182949,1997,1,26
M_031_A_XV,9.884837239980698,1997,1,27
M_031_A_XV,18.58543679490685,1997,1,28
M_031_A_XV,3.88966778665781,1997,1,29
M_031_A_XV,26.55272191762924,1997,1,30
M_031_A_XV,9.631534785032272,1997,1,31
M_031_A_XV,0.1358830630779266,1997,2,1
M_031_A_XV,0.1614325195550918,1997,2,2
M_031_A_XV,2.717652410268784,1997,2,3
M_031_A_XV,4.493907988071442,1997,2,4
M_031_A_XV,6.9425985142588615,1997,2,5
M_031_A_XV,20.61265218257904,1997,2,6
M_031_A_XV,7.833196021616459,1997,2,7
M_031_A_XV,12.97070014476776,1997,2,8
M_031_A_XV,12.224834233522415,1997,2,9
M_031_A_XV,17.376139402389526,1997,2,10
M_031_A_XV,8.313491329550743,1997,2,11
M_031_A_XV,8.91349646821618,1997,2,12
M_031_A_XV,8.736379504203796,1997,2,13
M_031_A_XV,11.764814257621763,1997,2,14
M_031_A_XV,8.149348018690944,1997,2,15
M_031_A_XV,16.9023816883564,1997,2,16
M_031_A_XV,13.77551132440567,1997,2,17
M_031_A_XV,4.900711828842759,1997,2,18
M_031_A_XV,8.594770073890686,1997,2,19
M_031_A_XV,4.4200807698071,1997,2,20
M_031_A_XV,4.751374963670969,1997,2,21
M_031_A_XV,10.136856362223623,1997,2,22
M_031_A_XV,2.381203476339578,1997,2,23
M_031_A_XV,2.7193526718765497,1997,2,24
M_031_A_XV,1.9668498816899955,1997,2,25
M_031_A_XV,1.817022442817688,1997,2,26
M_031_A_XV,3.1681287009269,1997,2,27
M_031_A_XV,7.105790495872498,1997,2,28
M_031_A_XV,2.9006593078374863,1997,3,1
M_031_A_XV,8.64636792242527,1997,3,2
M_031_A_XV,6.591702342033386,1997,3,3
M_031_A_XV,3.2227950543165207,1997,3,4
M_031_A_XV,2.58653236925602,1997,3,5
M_031_A_XV,3.579140137881041,1997,3,6
M_031_A_XV,5.75471568852663,1997,3,7
M_031_A_XV,12.574877381324768,1997,3,8
M_031_A_XV,14.328847050666807,1997,3,9
M_031_A_XV,1.972868382930756,1997,3,10
M_031_A_XV,6.760851353406906,1997,3,11
M_031_A_XV,7.237970113754272,1997,3,12
M_031_A_XV,4.05540931224823,1997,3,13
M_031_A_XV,0.2126598954200744,1997,3,14
M_031_A_XV,0.0,1997,3,15
M_031_A_XV,0.0,1997,3,16
M_031_A_XV,0.1501134634017944,1997,3,17
M_031_A_XV,0.0,1997,3,18
M_031_A_XV,0.2499530911445617,1997,3,19
M_031_A_XV,2.4010091684758663,1997,3,20
M_031_A_XV,0.2235051542520523,1997,3,21
M_031_A_XV,0.0687790438532829,1997,3,22
M_031_A_XV,0.6052945852279663,1997,3,23
M_031_A_XV,0.238108292222023,1997,3,24
M_031_A_XV,0.0057005109265446,1997,3,25
M_031_A_XV,0.0,1997,3,26
M_031_A_XV,0.0380034074187278,1997,3,27
M_031_A_XV,9.846613228321075,1997,3,28
M_031_A_XV,5.962126802653074,1997,3,29
M_031_A_XV,12.618127256631851,1997,3,30
M_031_A_XV,0.3601457476615906,1997,3,31
M_031_A_XV,0.7881672531366348,1997,4,1
M_031_A_XV,1.6875178487971425,1997,4,2
M_031_A_XV,7.166402220726013,1997,4,3
M_031_A_XV,4.632063925266266,1997,4,4
M_031_A_XV,3.651591807603836,1997,4,5
M_031_A_XV,1.2150732092559338,1997,4,6
M_031_A_XV,5.561155259609222,1997,4,7
M_031_A_XV,8.927521646022797,1997,4,8
M_031_A_XV,3.700278952717781,1997,4,9
M_031_A_XV,2.658295065164566,1997,4,10
M_031_A_XV,8.344999924302101,1997,4,11
M_031_A_XV,9.439694881439207,1997,4,12
M_031_A_XV,0.7978232319001108,1997,4,13
M_031_A_XV,0.0,1997,4,14
M_031_A_XV,0.0,1997,4,15
M_031_A_XV,0.0,1997,4,16
M_031_A_XV,0.8004258647561073,1997,4,17
M_031_A_XV,1.1537069231271744,1997,4,18
M_031_A_XV,0.0,1997,4,19
M_031_A_XV,0.0,1997,4,20
M_031_A_XV,0.0,1997,4,21
M_031_A_XV,0.0,1997,4,22
M_031_A_XV,0.0,1997,4,23
M_031_A_XV,0.0,1997,4,24
M_031_A_XV,0.0,1997,4,25
M_031_A_XV,0.9900596141815186,1997,4,26
M_031_A_XV,0.0,1997,4,27
M_031_A_XV,1.4572248458862305,1997,4,28
M_031_A_XV,1.7313300631940365,1997,4,29
M_031_A_XV,0.1539102494716644,1997,4,30
M_031_A_XV,0.0,1997,5,1
M_031_A_XV,0.0058825686573982,1997,5,2
M_031_A_XV,0.1633291393518448,1997,5,3
M_031_A_XV,0.6680569276213646,1997,5,4
M_031_A_XV,3.358897477388382,1997,5,5
M_031_A_XV,2.699620693922043,1997,5,6
M_031_A_XV,0.7226441688835621,1997,5,7
M_031_A_XV,0.2751267366111278,1997,5,8
M_031_A_XV,0.1672102622687816,1997,5,9
M_031_A_XV,0.2518352344632149,1997,5,10
M_031_A_XV,0.0,1997,5,11
M_031_A_XV,0.0,1997,5,12
M_031_A_XV,0.0,1997,5,13
M_031_A_XV,0.0,1997,5,14
M_031_A_XV,0.0,1997,5,15
M_031_A_XV,0.0,1997,5,16
M_031_A_XV,0.0,1997,5,17
M_031_A_XV,0.0190017037093639,1997,5,18
M_031_A_XV,0.0190017037093639,1997,5,19
M_031_A_XV,0.0,1997,5,20
M_031_A_XV,0.0,1997,5,21
M_031_A_XV,0.0,1997,5,22
M_031_A_XV,0.0,1997,5,23
M_031_A_XV,0.0,1997,5,24
M_031_A_XV,0.0,1997,5,25
M_031_A_XV,0.0,1997,5,26
M_031_A_XV,0.0,1997,5,27
M_031_A_XV,0.0,1997,5,28
M_031_A_XV,0.0,1997,5,29
M_031_A_XV,0.0,1997,5,30
M_031_A_XV,0.0,1997,5,31
M_031_A_XV,0.0,1997,6,1
M_031_A_XV,0.0,1997,6,2
M_031_A_XV,0.0,1997,6,3
M_031_A_XV,0.0,1997,6,4
M_031_A_XV,0.0,1997,6,5
M_031_A_XV,0.0,1997,6,6
M_031_A_XV,0.0,1997,6,7
M_031_A_XV,0.0,1997,6,8
M_031_A_XV,0.0,1997,6,9
M_031_A_XV,0.0,1997,6,10
M_031_A_XV,0.0,1997,6,11
M_031_A_XV,0.0,1997,6,12
M_031_A_XV,0.0,1997,6,13
M_031_A_XV,0.0,1997,6,14
M_031_A_XV,0.0,1997,6,15
M_031_A_XV,0.0,1997,6,16
M_031_A_XV,0.0,1997,6,17
M_031_A_XV,0.0,1997,6,18
M_031_A_XV,0.0,1997,6,19
M_031_A_XV,0.0,1997,6,20
M_031_A_XV,0.0,1997,6,21
M_031_A_XV,0.0,1997,6,22
M_031_A_XV,0.0,1997,6,23
M_031_A_XV,0.0,1997,6,24
M_031_A_XV,0.0,1997,6,25
M_031_A_XV,0.0,1997,6,26
M_031_A_XV,0.0,1997,6,27
M_031_A_XV,0.0,1997,6,28
M_031_A_XV,0.0,1997,6,29
M_031_A_XV,0.0,1997,6,30
M_031_A_XV,0.0,1997,7,1
M_031_A_XV,0.0,1997,7,2
M_031_A_XV,0.0,1997,7,3
M_031_A_XV,0.0,1997,7,4
M_031_A_XV,0.0,1997,7,5
M_031_A_XV,0.0,1997,7,6
M_031_A_XV,0.0,1997,7,7
M_031_A_XV,0.0,1997,7,8
M_031_A_XV,0.0,1997,7,9
M_031_A_XV,0.0,1997,7,10
M_031_A_XV,0.0,1997,7,11
M_031_A_XV,0.0,1997,7,12
M_031_A_XV,0.0,1997,7,13
M_031_A_XV,0.0,1997,7,14
M_031_A_XV,0.0,1997,7,15
M_031_A_XV,0.0,1997,7,16
M_031_A_XV,0.0,1997,7,17
M_031_A_XV,0.0,1997,7,18
M_031_A_XV,0.0,1997,7,19
M_031_A_XV,0.0,1997,7,20
M_031_A_XV,0.0,1997,7,21
M_031_A_XV,0.0,1997,7,22
M_031_A_XV,0.0,1997,7,23
M_031_A_XV,0.0,1997,7,24
M_031_A_XV,0.001900170231238,1997,7,25
M_031_A_XV,0.0,1997,7,26
M_031_A_XV,0.0,1997,7,27
M_031_A_XV,0.0,1997,7,28
M_031_A_XV,0.0,1997,7,29
M_031_A_XV,0.0,1997,7,30
M_031_A_XV,0.0,1997,7,31
M_031_A_XV,0.0,1997,8,1
M_031_A_XV,0.0,1997,8,2
M_031_A_XV,0.0,1997,8,3
M_031_A_XV,0.0,1997,8,4
M_031_A_XV,0.0,1997,8,5
M_031_A_XV,0.0,1997,8,6
M_031_A_XV,1.843651910778135,1997,8,7
M_031_A_XV,9.302551031112673,1997,8,8
M_031_A_XV,6.054327964782715,1997,8,9
M_031_A_XV,3.153640005737543,1997,8,10
M_031_A_XV,12.0540132522583,1997,8,11
M_031_A_XV,6.347063839435577,1997,8,12
M_031_A_XV,0.1465976359322667,1997,8,13
M_031_A_XV,0.2223416166380047,1997,8,14
M_031_A_XV,0.0,1997,8,15
M_031_A_XV,0.0,1997,8,16
M_031_A_XV,0.0,1997,8,17
M_031_A_XV,0.0,1997,8,18
M_031_A_XV,0.0,1997,8,19
M_031_A_XV,0.0,1997,8,20
M_031_A_XV,0.0,1997,8,21
M_031_A_XV,0.0,1997,8,22
M_031_A_XV,0.0,1997,8,23
M_031_A_XV,0.0,1997,8,24
M_031_A_XV,0.0,1997,8,25
M_031_A_XV,0.4344226717948913,1997,8,26
M_031_A_XV,1.5122845768928528,1997,8,27
M_031_A_XV,0.2637233398854732,1997,8,28
M_031_A_XV,0.5128820762038231,1997,8,29
M_031_A_XV,0.0,1997,8,30
M_031_A_XV,0.0,1997,8,31
M_031_A_XV,0.0,1997,9,1
M_031_A_XV,0.0,1997,9,2
M_031_A_XV,0.0,1997,9,3
M_031_A_XV,0.0,1997,9,4
M_031_A_XV,0.0,1997,9,5
M_031_A_XV,0.0,1997,9,6
M_031_A_XV,0.0,1997,9,7
M_031_A_XV,0.0,1997,9,8
M_031_A_XV,0.0,1997,9,9
M_031_A_XV,0.0,1997,9,10
M_031_A_XV,0.2504233233630657,1997,9,11
M_031_A_XV,0.4193845242261886,1997,9,12
M_031_A_XV,0.235458385432139,1997,9,13
M_031_A_XV,0.4127378687262535,1997,9,14
M_031_A_XV,0.7928035855293274,1997,9,15
M_031_A_XV,0.4959708601236343,1997,9,16
M_031_A_XV,0.0013300009304657,1997,9,17
M_031_A_XV,2.4966385774314404,1997,9,18
M_031_A_XV,9.09709107875824,1997,9,19
M_031_A_XV,0.1291308067739009,1997,9,20
M_031_A_XV,0.0,1997,9,21
M_031_A_XV,0.0,1997,9,22
M_031_A_XV,0.0,1997,9,23
M_031_A_XV,0.1698018051683902,1997,9,24
M_031_A_XV,4.237055540084839,1997,9,25
M_031_A_XV,8.677987098693848,1997,9,26
M_031_A_XV,10.064086556434631,1997,9,27
M_031_A_XV,8.058598518371582,1997,9,28
M_031_A_XV,11.248135566711426,1997,9,29
M_031_A_XV,5.429317993111908,1997,9,30
M_031_A_XV,0.0,1997,10,1
M_031_A_XV,0.0,1997,10,2
M_031_A_XV,0.0,1997,10,3
M_031_A_XV,0.0,1997,10,4
M_031_A_XV,0.0,1997,10,5
M_031_A_XV,0.0,1997,10,6
M_031_A_XV,0.0950085148215293,1997,10,7
M_031_A_XV,0.2546204514801502,1997,10,8
M_031_A_XV,0.1140102185308933,1997,10,9
M_031_A_XV,0.0,1997,10,10
M_031_A_XV,0.0190017037093639,1997,10,11
M_031_A_XV,3.782017752528191,1997,10,12
M_031_A_XV,2.1706098839640617,1997,10,13
M_031_A_XV,1.9696594029665,1997,10,14
M_031_A_XV,0.2032327132765203,1997,10,15
M_031_A_XV,0.0,1997,10,16
M_031_A_XV,0.0,1997,10,17
M_031_A_XV,0.0,1997,10,18
M_031_A_XV,0.0,1997,10,19
M_031_A_XV,0.0,1997,10,20
M_031_A_XV,0.0,1997,10,21
M_031_A_XV,0.001900170231238,1997,10,22
M_031_A_XV,0.1591464283410459,1997,10,23
M_031_A_XV,0.0247022146359086,1997,10,24
M_031_A_XV,0.0,1997,10,25
M_031_A_XV,0.0,1997,10,26
M_031_A_XV,0.0986496657133102,1997,10,27
M_031_A_XV,0.0477887764573097,1997,10,28
M_031_A_XV,0.0190017037093639,1997,10,29
M_031_A_XV,2.729063654318452,1997,10,30
M_031_A_XV,5.156644314527512,1997,10,31
M_031_A_XV,5.613081216812134,1997,11,1
M_031_A_XV,9.200875759124756,1997,11,2
M_031_A_XV,6.719356179237366,1997,11,3
M_031_A_XV,7.26985776424408,1997,11,4
M_031_A_XV,1.105775564908981,1997,11,5
M_031_A_XV,1.0872807502746582,1997,11,6
M_031_A_XV,1.5237520933151243,1997,11,7
M_031_A_XV,3.451895475387573,1997,11,8
M_031_A_XV,3.037564396858216,1997,11,9
M_031_A_XV,1.106340901227668,1997,11,10
M_031_A_XV,0.0588256865739822,1997,11,11
M_031_A_XV,0.0,1997,11,12
M_031_A_XV,0.0,1997,11,13
M_031_A_XV,0.0,1997,11,14
M_031_A_XV,0.1640861630439758,1997,11,15
M_031_A_XV,0.0,1997,11,16
M_031_A_XV,0.0,1997,11,17
M_031_A_XV,0.0,1997,11,18
M_031_A_XV,0.4066340923309326,1997,11,19
M_031_A_XV,1.3248679081443695,1997,11,20
M_031_A_XV,3.734648108482361,1997,11,21
M_031_A_XV,6.175943709909916,1997,11,22
M_031_A_XV,5.785731613636017,1997,11,23
M_031_A_XV,0.1170027367770671,1997,11,24
M_031_A_XV,0.0,1997,11,25
M_031_A_XV,0.0013300009304657,1997,11,26
M_031_A_XV,0.1199685602914542,1997,11,27
M_031_A_XV,0.8432694002985954,1997,11,28
M_031_A_XV,0.7315478064119816,1997,11,29
M_031_A_XV,0.2296605305746197,1997,11,30
M_031_A_XV,0.0738360956311225,1997,12,1
M_031_A_XV,0.0,1997,12,2
M_031_A_XV,0.0,1997,12,3
M_031_A_XV,0.0,1997,12,4
M_031_A_XV,0.0,1997,12,5
M_031_A_XV,0.3913700878620147,1997,12,6
M_031_A_XV,5.766209661960602,1997,12,7
M_031_A_XV,0.4989597722887993,1997,12,8
M_031_A_XV,2.9889024198055267,1997,12,9
M_031_A_XV,0.001900170231238,1997,12,10
M_031_A_XV,0.0,1997,12,11
M_031_A_XV,0.0,1997,12,12
M_031_A_XV,0.0,1997,12,13
M_031_A_XV,0.0,1997,12,14
M_031_A_XV,0.0,1997,12,15
M_031_A_XV,0.0,1997,12,16
M_031_A_XV,0.0,1997,12,17
M_031_A_XV,2.033403970301152,1997,12,18
M_031_A_XV,20.33581906557083,1997,12,19
M_031_A_XV,5.6342570297420025,1997,12,20
M_031_A_XV,5.708977267146111,1997,12,21
M_031_A_XV,1.0891028940677645,1997,12,22
M_031_A_XV,8.225773878395557,1997,12,23
M_031_A_XV,12.171868555247784,1997,12,24
M_031_A_XV,3.8767464086413375,1997,12,25
M_031_A_XV,4.389910966157913,1997,12,26
M_031_A_XV,3.581770740449429,1997,12,27
M_031_A_XV,1.818836688995361,1997,12,28
M_031_A_XV,3.368070401251316,1997,12,29
M_031_A_XV,2.179411981254816,1997,12,30
M_031_A_XV,1.3978143334388733,1997,12,31
M_031_A_XV,2.9440167248249054,1998,1,1
M_031_A_XV,5.530029628425837,1998,1,2
M_031_A_XV,1.876383129041642,1998,1,3
M_031_A_XV,2.657260164618492,1998,1,4
M_031_A_XV,4.971748843789101,1998,1,5
M_031_A_XV,2.6573388278484344,1998,1,6
M_031_A_XV,5.998967066407204,1998,1,7
M_031_A_XV,6.078040540218353,1998,1,8
M_031_A_XV,4.468565613031387,1998,1,9
M_031_A_XV,7.868920862674713,1998,1,10
M_031_A_XV,7.302671074867248,1998,1,11
M_031_A_XV,8.05261242389679,1998,1,12
M_031_A_XV,9.451831340789797,1998,1,13
M_031_A_XV,5.871126931160688,1998,1,14
M_031_A_XV,3.605293639004232,1998,1,15
M_031_A_XV,0.9309357404708862,1998,1,16
M_031_A_XV,2.84861408174038,1998,1,17
M_031_A_XV,3.5456465780735016,1998,1,18
M_031_A_XV,7.632419973611832,1998,1,19
M_031_A_XV,7.617425624281168,1998,1,20
M_031_A_XV,8.9696044921875,1998,1,21
M_031_A_XV,3.721434354782105,1998,1,22
M_031_A_XV,3.012689087539912,1998,1,23
M_031_A_XV,5.442969262599945,1998,1,24
M_031_A_XV,17.114629805088043,1998,1,25
M_031_A_XV,14.203889429569244,1998,1,26
M_031_A_XV,13.725827932357788,1998,1,27
M_031_A_XV,12.309175223112106,1998,1,28
M_031_A_XV,2.359618626534939,1998,1,29
M_031_A_XV,4.504041135311127,1998,1,30
M_031_A_XV,2.58297199010849,1998,1,31
M_031_A_XV,0.0,1998,2,1
M_031_A_XV,0.726730465888977,1998,2,2
M_031_A_XV,1.1810150370001793,1998,2,3
M_031_A_XV,0.2619583010673523,1998,2,4
M_031_A_XV,3.696689449250698,1998,2,5
M_031_A_XV,10.324461698532104,1998,2,6
M_031_A_XV,21.576007544994354,1998,2,7
M_031_A_XV,20.97930642962456,1998,2,8
M_031_A_XV,0.1367291212081909,1998,2,9
M_031_A_XV,1.588769793510437,1998,2,10
M_031_A_XV,11.56494653224945,1998,2,11
M_031_A_XV,26.77697229385376,1998,2,12
M_031_A_XV,15.06228505820036,1998,2,13
M_031_A_XV,12.530030846595764,1998,2,14
M_031_A_XV,12.243895888328552,1998,2,15
M_031_A_XV,9.48587231338024,1998,2,16
M_031_A_XV,2.255378544330597,1998,2,17
M_031_A_XV,0.0380034074187278,1998,2,18
M_031_A_XV,0.1481325030326843,1998,2,19
M_031_A_XV,8.099295526742935,1998,2,20
M_031_A_XV,0.618977963924408,1998,2,21
M_031_A_XV,3.5177937746047974,1998,2,22
M_031_A_XV,0.6326581835746765,1998,2,23
M_031_A_XV,3.976259201765061,1998,2,24
M_031_A_XV,2.9253632687032223,1998,2,25
M_031_A_XV,0.6356009840965271,1998,2,26
M_031_A_XV,1.994335576891899,1998,2,27
M_031_A_XV,5.25114518404007,1998,2,28
M_031_A_XV,2.461434170603752,1998,3,1
M_031_A_XV,0.3071280717849731,1998,3,2
M_031_A_XV,2.5106062181293964,1998,3,3
M_031_A_XV,2.633907489478588,1998,3,4
M_031_A_XV,0.5583713054656982,1998,3,5
M_031_A_XV,1.7335972487926483,1998,3,6
M_031_A_XV,2.139347225427628,1998,3,7
M_031_A_XV,1.7981907427310944,1998,3,8
M_031_A_XV,3.544787541031837,1998,3,9
M_031_A_XV,11.62031501531601,1998,3,10
M_031_A_XV,13.648072957992554,1998,3,11
M_031_A_XV,3.81166448444128,1998,3,12
M_031_A_XV,0.0,1998,3,13
M_031_A_XV,0.4461420178413391,1998,3,14
M_031_A_XV,1.5047482661902905,1998,3,15
M_031_A_XV,8.62548714876175,1998,3,16
M_031_A_XV,0.5409190952777863,1998,3,17
M_031_A_XV,0.0570051111280918,1998,3,18
M_031_A_XV,2.1536561669781804,1998,3,19
M_031_A_XV,3.136508248746395,1998,3,20
M_031_A_XV,1.1159056313335896,1998,3,21
M_031_A_XV,0.0096905138343572,1998,3,22
M_031_A_XV,0.0,1998,3,23
M_031_A_XV,0.0133000090718269,1998,3,24
M_031_A_XV,0.949848871678114,1998,3,25
M_031_A_XV,2.4429088309407234,1998,3,26
M_031_A_XV,2.2669927161186934,1998,3,27
M_031_A_XV,0.9488844238221644,1998,3,28
M_031_A_XV,3.257985197007656,1998,3,29
M_031_A_XV,19.79010397195816,1998,3,30
M_031_A_XV,1.9964820221066475,1998,3,31
M_031_A_XV,4.103857543319464,1998,4,1
M_031_A_XV,1.3836956322193146,1998,4,2
M_031_A_XV,0.0380034074187278,1998,4,3
M_031_A_XV,0.0,1998,4,4
M_031_A_XV,0.0,1998,4,5
M_031_A_XV,0.0,1998,4,6
M_031_A_XV,0.0,1998,4,7
M_031_A_XV,0.0,1998,4,8
M_031_A_XV,0.0,1998,4,9
M_031_A_XV,0.0323017127811908,1998,4,10
M_031_A_XV,1.8792392387986183,1998,4,11
M_031_A_XV,4.606693387031555,1998,4,12
M_031_A_XV,0.2923078536987304,1998,4,13
M_031_A_XV,0.2660238519310951,1998,4,14
M_031_A_XV,0.0,1998,4,15
M_031_A_XV,0.0,1998,4,16
M_031_A_XV,0.0,1998,4,17
M_031_A_XV,0.0,1998,4,18
M_031_A_XV,0.0,1998,4,19
M_031_A_XV,0.0,1998,4,20
M_031_A_XV,0.0,1998,4,21
M_031_A_XV,0.0,1998,4,22
M_031_A_XV,0.0,1998,4,23
M_031_A_XV,0.0,1998,4,24
M_031_A_XV,0.255191870033741,1998,4,25
M_031_A_XV,0.0,1998,4,26
M_031_A_XV,0.0,1998,4,27
M_031_A_XV,0.0,1998,4,28
M_031_A_XV,0.0,1998,4,29
M_031_A_XV,0.0,1998,4,30
M_031_A_XV,0.0,1998,5,1
M_031_A_XV,0.0,1998,5,2
M_031_A_XV,0.0,1998,5,3
M_031_A_XV,0.0,1998,5,4
M_031_A_XV,0.0,1998,5,5
M_031_A_XV,0.0,1998,5,6
M_031_A_XV,0.0,1998,5,7
M_031_A_XV,0.0,1998,5,8
M_031_A_XV,0.0,1998,5,9
M_031_A_XV,0.0,1998,5,10
M_031_A_XV,0.0,1998,5,11
M_031_A_XV,0.0862434993032366,1998,5,12
M_031_A_XV,0.0228020437061786,1998,5,13
M_031_A_XV,0.0,1998,5,14
M_031_A_XV,0.0,1998,5,15
M_031_A_XV,0.0,1998,5,16
M_031_A_XV,0.0,1998,5,17
M_031_A_XV,0.0,1998,5,18
M_031_A_XV,0.0,1998,5,19
M_031_A_XV,0.0,1998,5,20
M_031_A_XV,0.0,1998,5,21
M_031_A_XV,0.0,1998,5,22
M_031_A_XV,0.0,1998,5,23
M_031_A_XV,0.0,1998,5,24
M_031_A_XV,0.0,1998,5,25
M_031_A_XV,0.0,1998,5,26
M_031_A_XV,0.0,1998,5,27
M_031_A_XV,0.0,1998,5,28
M_031_A_XV,0.0,1998,5,29
M_031_A_XV,0.0,1998,5,30
M_031_A_XV,0.0,1998,5,31
M_031_A_XV,0.0,1998,6,1
M_031_A_XV,0.0,1998,6,2
M_031_A_XV,0.0,1998,6,3
M_031_A_XV,0.0,1998,6,4
M_031_A_XV,0.0,1998,6,5
M_031_A_XV,0.0,1998,6,6
M_031_A_XV,0.0,1998,6,7
M_031_A_XV,0.0,1998,6,8
M_031_A_XV,0.0588256865739822,1998,6,9
M_031_A_XV,0.0,1998,6,10
M_031_A_XV,0.0,1998,6,11
M_031_A_XV,0.0,1998,6,12
M_031_A_XV,0.0,1998,6,13
M_031_A_XV,0.0328490678220987,1998,6,14
M_031_A_XV,0.0,1998,6,15
M_031_A_XV,0.0,1998,6,16
M_031_A_XV,0.0,1998,6,17
M_031_A_XV,0.0,1998,6,18
M_031_A_XV,0.0,1998,6,19
M_031_A_XV,0.0,1998,6,20
M_031_A_XV,0.0,1998,6,21
M_031_A_XV,0.0286846123635768,1998,6,22
M_031_A_XV,0.9418877363204956,1998,6,23
M_031_A_XV,3.474144645035267,1998,6,24
M_031_A_XV,5.410918354988098,1998,6,25
M_031_A_XV,0.5508094429969788,1998,6,26
M_031_A_XV,0.0,1998,6,27
M_031_A_XV,0.0,1998,6,28
M_031_A_XV,0.0552869979292154,1998,6,29
M_031_A_XV,0.2335998378694057,1998,6,30
M_031_A_XV,0.1276744045317173,1998,7,1
M_031_A_XV,0.0,1998,7,2
M_031_A_XV,0.0,1998,7,3
M_031_A_XV,0.0,1998,7,4
M_031_A_XV,0.0,1998,7,5
M_031_A_XV,0.0,1998,7,6
M_031_A_XV,0.0,1998,7,7
M_031_A_XV,0.0,1998,7,8
M_031_A_XV,0.0,1998,7,9
M_031_A_XV,0.0,1998,7,10
M_031_A_XV,0.0,1998,7,11
M_031_A_XV,0.0,1998,7,12
M_031_A_XV,0.0,1998,7,13
M_031_A_XV,0.0,1998,7,14
M_031_A_XV,0.0,1998,7,15
M_031_A_XV,0.0,1998,7,16
M_031_A_XV,0.0,1998,7,17
M_031_A_XV,0.0,1998,7,18
M_031_A_XV,0.0,1998,7,19
M_031_A_XV,0.0,1998,7,20
M_031_A_XV,0.0,1998,7,21
M_031_A_XV,0.001900170231238,1998,7,22
M_031_A_XV,0.0176477059721946,1998,7,23
M_031_A_XV,0.0,1998,7,24
M_031_A_XV,0.001900170231238,1998,7,25
M_031_A_XV,0.0,1998,7,26
M_031_A_XV,0.0,1998,7,27
M_031_A_XV,0.0,1998,7,28
M_031_A_XV,0.0,1998,7,29
M_031_A_XV,0.0,1998,7,30
M_031_A_XV,0.0,1998,7,31
M_031_A_XV,0.0,1998,8,1
M_031_A_XV,0.0,1998,8,2
M_031_A_XV,0.0,1998,8,3
M_031_A_XV,0.0,1998,8,4
M_031_A_XV,0.0,1998,8,5
M_031_A_XV,0.0,1998,8,6
M_031_A_XV,0.0,1998,8,7
M_031_A_XV,0.0,1998,8,8
M_031_A_XV,0.0,1998,8,9
M_031_A_XV,0.0,1998,8,10
M_031_A_XV,0.0243141036480665,1998,8,11
M_031_A_XV,0.0419858056120574,1998,8,12
M_031_A_XV,0.106409540399909,1998,8,13
M_031_A_XV,0.0190017037093639,1998,8,14
M_031_A_XV,0.0,1998,8,15
M_031_A_XV,0.0,1998,8,16
M_031_A_XV,0.0,1998,8,17
M_031_A_XV,0.0,1998,8,18
M_031_A_XV,0.0,1998,8,19
M_031_A_XV,0.0,1998,8,20
M_031_A_XV,0.5463723428547382,1998,8,21
M_031_A_XV,0.0190017037093639,1998,8,22
M_031_A_XV,0.0,1998,8,23
M_031_A_XV,0.0,1998,8,24
M_031_A_XV,0.0,1998,8,25
M_031_A_XV,0.0,1998,8,26
M_031_A_XV,0.0,1998,8,27
M_031_A_XV,0.0,1998,8,28
M_031_A_XV,0.0760068148374557,1998,8,29
M_031_A_XV,1.0656473226845264,1998,8,30
M_031_A_XV,0.3077444545924663,1998,8,31
M_031_A_XV,0.1481325142085552,1998,9,1
M_031_A_XV,0.007600680924952,1998,9,2
M_031_A_XV,0.0,1998,9,3
M_031_A_XV,0.0,1998,9,4
M_031_A_XV,0.0570051111280918,1998,9,5
M_031_A_XV,0.1918918713927269,1998,9,6
M_031_A_XV,0.0,1998,9,7
M_031_A_XV,0.0,1998,9,8
M_031_A_XV,0.0,1998,9,9
M_031_A_XV,0.0,1998,9,10
M_031_A_XV,0.0,1998,9,11
M_031_A_XV,0.0,1998,9,12
M_031_A_XV,0.0,1998,9,13
M_031_A_XV,0.5125912758521736,1998,9,14
M_031_A_XV,1.4907944798469543,1998,9,15
M_031_A_XV,0.1302241683006286,1998,9,16
M_031_A_XV,0.1424308121204376,1998,9,17
M_031_A_XV,0.0,1998,9,18
M_031_A_XV,0.0,1998,9,19
M_031_A_XV,0.0,1998,9,20
M_031_A_XV,0.0,1998,9,21
M_031_A_XV,0.0,1998,9,22
M_031_A_XV,0.0380034074187278,1998,9,23
M_031_A_XV,0.2882850170135498,1998,9,24
M_031_A_XV,0.0950085185468196,1998,9,25
M_031_A_XV,0.0,1998,9,26
M_031_A_XV,0.0,1998,9,27
M_031_A_XV,0.0,1998,9,28
M_031_A_XV,0.0,1998,9,29
M_031_A_XV,0.0,1998,9,30
M_031_A_XV,0.0,1998,10,1
M_031_A_XV,0.0,1998,10,2
M_031_A_XV,0.0,1998,10,3
M_031_A_XV,0.0,1998,10,4
M_031_A_XV,0.0,1998,10,5
M_031_A_XV,0.0,1998,10,6
M_031_A_XV,0.0,1998,10,7
M_031_A_XV,0.0,1998,10,8
M_031_A_XV,0.0190017037093639,1998,10,9
M_031_A_XV,0.0,1998,10,10
M_031_A_XV,0.0,1998,10,11
M_031_A_XV,0.0,1998,10,12
M_031_A_XV,1.1390072777867315,1998,10,13
M_031_A_XV,3.408250331878662,1998,10,14
M_031_A_XV,0.174656480550766,1998,10,15
M_031_A_XV,0.0,1998,10,16
M_031_A_XV,0.0,1998,10,17
M_031_A_XV,2.672967594116926,1998,10,18
M_031_A_XV,1.853368788957596,1998,10,19
M_031_A_XV,0.5604682825505733,1998,10,20
M_031_A_XV,4.310975518077612,1998,10,21
M_031_A_XV,1.010403584688902,1998,10,22
M_031_A_XV,2.2559621334075928,1998,10,23
M_031_A_XV,9.449358463287354,1998,10,24
M_031_A_XV,0.5017438791692257,1998,10,25
M_031_A_XV,0.0,1998,10,26
M_031_A_XV,0.0,1998,10,27
M_031_A_XV,1.6533768475055697,1998,10,28
M_031_A_XV,2.774535559117794,1998,10,29
M_031_A_XV,0.7588434498757124,1998,10,30
M_031_A_XV,0.0,1998,10,31
M_031_A_XV,0.0,1998,11,1
M_031_A_XV,0.0,1998,11,2
M_031_A_XV,0.0,1998,11,3
M_031_A_XV,0.0,1998,11,4
M_031_A_XV,0.0,1998,11,5
M_031_A_XV,0.0,1998,11,6
M_031_A_XV,0.0,1998,11,7
M_031_A_XV,0.0190017037093639,1998,11,8
M_031_A_XV,0.0,1998,11,9
M_031_A_XV,0.0,1998,11,10
M_031_A_XV,0.0,1998,11,11
M_031_A_XV,0.0,1998,11,12
M_031_A_XV,0.0968290939927101,1998,11,13
M_031_A_XV,3.9457642436027527,1998,11,14
M_031_A_XV,5.978386402130127,1998,11,15
M_031_A_XV,17.253918886184692,1998,11,16
M_031_A_XV,1.116623405367136,1998,11,17
M_031_A_XV,0.0875787418335676,1998,11,18
M_031_A_XV,1.5905995052307844,1998,11,19
M_031_A_XV,1.03499336540699,1998,11,20
M_031_A_XV,4.945995986461639,1998,11,21
M_031_A_XV,6.221026539802551,1998,11,22
M_031_A_XV,0.0912081766873598,1998,11,23
M_031_A_XV,0.0,1998,11,24
M_031_A_XV,0.0,1998,11,25
M_031_A_XV,0.001900170231238,1998,11,26
M_031_A_XV,0.0,1998,11,27
M_031_A_XV,0.001900170231238,1998,11,28
M_031_A_XV,0.7702956050634384,1998,11,29
M_031_A_XV,0.3621984906494617,1998,11,30
M_031_A_XV,0.0,1998,12,1
M_031_A_XV,0.0,1998,12,2
M_031_A_XV,0.0,1998,12,3
M_031_A_XV,0.0153910238295793,1998,12,4
M_031_A_XV,0.5623684267047793,1998,12,5
M_031_A_XV,0.8417065944522619,1998,12,6
M_031_A_XV,3.562740067020058,1998,12,7
M_031_A_XV,1.5334752837661654,1998,12,8
M_031_A_XV,0.0,1998,12,9
M_031_A_XV,0.5556464605033398,1998,12,10
M_031_A_XV,0.001900170231238,1998,12,11
M_031_A_XV,0.0,1998,12,12
M_031_A_XV,0.8591843470931053,1998,12,13
M_031_A_XV,2.7834664583206177,1998,12,14
M_031_A_XV,0.9135000705718994,1998,12,15
M_031_A_XV,5.9216377476695925,1998,12,16
M_031_A_XV,2.317344810348004,1998,12,17
M_031_A_XV,0.5105692744255066,1998,12,18
M_031_A_XV,0.0039823981933295,1998,12,19
M_031_A_XV,0.632060319185257,1998,12,20
M_031_A_XV,0.7406590506434441,1998,12,21
M_031_A_XV,3.0675531923770905,1998,12,22
M_031_A_XV,6.497501403093338,1998,12,23
M_031_A_XV,4.448307197540999,1998,12,24
M_031_A_XV,4.103880137205124,1998,12,25
M_031_A_XV,1.9894564487040045,1998,12,26
M_031_A_XV,2.2482008668594062,1998,12,27
M_031_A_XV,9.543258786201475,1998,12,28
M_031_A_XV,0.0,1998,12,29
M_031_A_XV,0.1150229722261428,1998,12,30
M_031_A_XV,0.9983453135937452,1998,12,31
M_031_A_XV,1.0966041274368763,1999,1,1
M_031_A_XV,0.8711549490690231,1999,1,2
M_031_A_XV,0.0508608892560005,1999,1,3
M_031_A_XV,0.0,1999,1,4
M_031_A_XV,0.0,1999,1,5
M_031_A_XV,0.0950085148215293,1999,1,6
M_031_A_XV,0.6625226924661547,1999,1,7
M_031_A_XV,0.0,1999,1,8
M_031_A_XV,2.9884760193526745,1999,1,9
M_031_A_XV,3.112521886825561,1999,1,10
M_031_A_XV,2.3468049466609955,1999,1,11
M_031_A_XV,4.230006635189056,1999,1,12
M_031_A_XV,2.027216672897339,1999,1,13
M_031_A_XV,1.4410045444965365,1999,1,14
M_031_A_XV,0.0133000090718269,1999,1,15
M_031_A_XV,0.0,1999,1,16
M_031_A_XV,1.489613864570856,1999,1,17
M_031_A_XV,0.6498914547264576,1999,1,18
M_031_A_XV,0.4720821464434266,1999,1,19
M_031_A_XV,1.1246608793735504,1999,1,20
M_031_A_XV,8.736756712198257,1999,1,21
M_031_A_XV,9.523945808410645,1999,1,22
M_031_A_XV,8.22877810895443,1999,1,23
M_031_A_XV,5.890545010566711,1999,1,24
M_031_A_XV,1.4980319472961128,1999,1,25
M_031_A_XV,0.6473815403878689,1999,1,26
M_031_A_XV,4.647805701941252,1999,1,27
M_031_A_XV,11.172143757343292,1999,1,28
M_031_A_XV,6.494121126830578,1999,1,29
M_031_A_XV,8.351315379142761,1999,1,30
M_031_A_XV,3.1616480983793736,1999,1,31
M_031_A_XV,10.125068306922913,1999,2,1
M_031_A_XV,2.8896448761224747,1999,2,2
M_031_A_XV,5.638100668787956,1999,2,3
M_031_A_XV,7.415340840816498,1999,2,4
M_031_A_XV,13.31268984079361,1999,2,5
M_031_A_XV,7.771070130169392,1999,2,6
M_031_A_XV,3.5165542755275965,1999,2,7
M_031_A_XV,3.058194756507873,1999,2,8
M_031_A_XV,4.853500127792358,1999,2,9
M_031_A_XV,5.207470446825028,1999,2,10
M_031_A_XV,4.22924204915762,1999,2,11
M_031_A_XV,14.791900396347046,1999,2,12
M_031_A_XV,14.396121263504028,1999,2,13
M_031_A_XV,10.311450719833374,1999,2,14
M_031_A_XV,8.998577177524567,1999,2,15
M_031_A_XV,14.41220949590206,1999,2,16
M_031_A_XV,5.005401808768511,1999,2,17
M_031_A_XV,7.357805356383324,1999,2,18
M_031_A_XV,4.093924541026354,1999,2,19
M_031_A_XV,3.751198817044497,1999,2,20
M_031_A_XV,2.9838741421699524,1999,2,21
M_031_A_XV,2.4595276108011603,1999,2,22
M_031_A_XV,3.3690423108637333,1999,2,23
M_031_A_XV,9.18207961320877,1999,2,24
M_031_A_XV,17.69453191757202,1999,2,25
M_031_A_XV,23.520774245262142,1999,2,26
M_031_A_XV,16.941351786255836,1999,2,27
M_031_A_XV,8.967266886495054,1999,2,28
M_031_A_XV,8.47583144903183,1999,3,1
M_031_A_XV,8.60393139719963,1999,3,2
M_031_A_XV,7.463660508394241,1999,3,3
M_031_A_XV,11.661660440266132,1999,3,4
M_031_A_XV,5.598382890224457,1999,3,5
M_031_A_XV,17.28652858734131,1999,3,6
M_031_A_XV,17.348261833190918,1999,3,7
M_031_A_XV,12.316546022891998,1999,3,8
M_031_A_XV,7.933091148734093,1999,3,9
M_031_A_XV,10.558870151638985,1999,3,10
M_031_A_XV,4.560561825986952,1999,3,11
M_031_A_XV,3.33875123038888,1999,3,12
M_031_A_XV,12.65176683664322,1999,3,13
M_031_A_XV,10.560282945632936,1999,3,14
M_031_A_XV,1.435635581612587,1999,3,15
M_031_A_XV,5.045709848403931,1999,3,16
M_031_A_XV,8.194703355431557,1999,3,17
M_031_A_XV,7.760746449232101,1999,3,18
M_031_A_XV,7.160687685012817,1999,3,19
M_031_A_XV,5.660276010632515,1999,3,20
M_031_A_XV,6.090141016989946,1999,3,21
M_031_A_XV,8.366861052811146,1999,3,22
M_031_A_XV,9.297816544771194,1999,3,23
M_031_A_XV,10.88796004652977,1999,3,24
M_031_A_XV,6.431845970451832,1999,3,25
M_031_A_XV,3.8432949781417847,1999,3,26
M_031_A_XV,2.388763342052698,1999,3,27
M_031_A_XV,4.108638364821672,1999,3,28
M_031_A_XV,2.6121718734502792,1999,3,29
M_031_A_XV,1.0295099765062332,1999,3,30
M_031_A_XV,2.539848178625107,1999,3,31
M_031_A_XV,1.9398840479552744,1999,4,1
M_031_A_XV,1.4115658104419708,1999,4,2
M_031_A_XV,5.730045181699097,1999,4,3
M_031_A_XV,1.6052742823958397,1999,4,4
M_031_A_XV,2.88275033980608,1999,4,5
M_031_A_XV,3.379944562911988,1999,4,6
M_031_A_XV,0.3472143616527319,1999,4,7
M_031_A_XV,1.588532254099846,1999,4,8
M_031_A_XV,3.867794722318649,1999,4,9
M_031_A_XV,1.3869813084602356,1999,4,10
M_031_A_XV,2.409962324425578,1999,4,11
M_031_A_XV,1.959875117056072,1999,4,12
M_031_A_XV,0.7263316214084625,1999,4,13
M_031_A_XV,0.0,1999,4,14
M_031_A_XV,0.0,1999,4,15
M_031_A_XV,0.0,1999,4,16
M_031_A_XV,0.0,1999,4,17
M_031_A_XV,0.0,1999,4,18
M_031_A_XV,0.0,1999,4,19
M_031_A_XV,0.2328335344791412,1999,4,20
M_031_A_XV,1.804289698600769,1999,4,21
M_031_A_XV,1.601144403219223,1999,4,22
M_031_A_XV,0.5032447129487991,1999,4,23
M_031_A_XV,0.3785730935633182,1999,4,24
M_031_A_XV,1.4905233643949032,1999,4,25
M_031_A_XV,0.0,1999,4,26
M_031_A_XV,0.540193360298872,1999,4,27
M_031_A_XV,0.4636403769254684,1999,4,28
M_031_A_XV,0.0096829086542129,1999,4,29
M_031_A_XV,1.0046676583588123,1999,4,30
M_031_A_XV,3.1699586510658264,1999,5,1
M_031_A_XV,4.869338512420654,1999,5,2
M_031_A_XV,0.0570051111280918,1999,5,3
M_031_A_XV,0.0,1999,5,4
M_031_A_XV,0.0,1999,5,5
M_031_A_XV,0.0,1999,5,6
M_031_A_XV,0.0,1999,5,7
M_031_A_XV,0.0,1999,5,8
M_031_A_XV,0.0,1999,5,9
M_031_A_XV,0.0,1999,5,10
M_031_A_XV,0.0,1999,5,11
M_031_A_XV,0.0,1999,5,12
M_031_A_XV,0.0,1999,5,13
M_031_A_XV,0.0,1999,5,14
M_031_A_XV,0.0,1999,5,15
M_031_A_XV,0.0,1999,5,16
M_031_A_XV,0.0,1999,5,17
M_031_A_XV,0.0,1999,5,18
M_031_A_XV,0.0,1999,5,19
M_031_A_XV,0.019159763585776,1999,5,20
M_031_A_XV,0.0091127399355173,1999,5,21
M_031_A_XV,0.098974522203207,1999,5,22
M_031_A_XV,0.0190017037093639,1999,5,23
M_031_A_XV,0.0,1999,5,24
M_031_A_XV,0.0,1999,5,25
M_031_A_XV,0.0,1999,5,26
M_031_A_XV,0.0,1999,5,27
M_031_A_XV,0.0,1999,5,28
M_031_A_XV,0.0,1999,5,29
M_031_A_XV,0.0,1999,5,30
M_031_A_XV,0.0,1999,5,31
M_031_A_XV,0.0,1999,6,1
M_031_A_XV,0.0,1999,6,2
M_031_A_XV,0.0174656473100185,1999,6,3
M_031_A_XV,0.0968290939927101,1999,6,4
M_031_A_XV,0.0,1999,6,5
M_031_A_XV,0.0,1999,6,6
M_031_A_XV,0.0,1999,6,7
M_031_A_XV,0.0,1999,6,8
M_031_A_XV,0.0,1999,6,9
M_031_A_XV,0.0,1999,6,10
M_031_A_XV,0.0,1999,6,11
M_031_A_XV,0.0,1999,6,12
M_031_A_XV,0.0,1999,6,13
M_031_A_XV,0.0,1999,6,14
M_031_A_XV,0.0,1999,6,15
M_031_A_XV,0.0,1999,6,16
M_031_A_XV,0.0,1999,6,17
M_031_A_XV,0.0,1999,6,18
M_031_A_XV,0.0,1999,6,19
M_031_A_XV,0.0,1999,6,20
M_031_A_XV,0.0,1999,6,21
M_031_A_XV,0.0,1999,6,22
M_031_A_XV,0.0,1999,6,23
M_031_A_XV,0.0,1999,6,24
M_031_A_XV,0.0,1999,6,25
M_031_A_XV,0.0058825686573982,1999,6,26
M_031_A_XV,0.0539090018719434,1999,6,27
M_031_A_XV,0.0,1999,6,28
M_031_A_XV,0.0,1999,6,29
M_031_A_XV,0.0,1999,6,30
M_031_A_XV,0.0,1999,7,1
M_031_A_XV,0.0,1999,7,2
M_031_A_XV,0.0,1999,7,3
M_031_A_XV,0.0,1999,7,4
M_031_A_XV,0.0,1999,7,5
M_031_A_XV,0.0,1999,7,6
M_031_A_XV,0.0,1999,7,7
M_031_A_XV,0.0057005109265446,1999,7,8
M_031_A_XV,0.0266023846343159,1999,7,9
M_031_A_XV,0.024702213704586,1999,7,10
M_031_A_XV,0.0,1999,7,11
M_031_A_XV,0.0,1999,7,12
M_031_A_XV,0.0,1999,7,13
M_031_A_XV,0.0,1999,7,14
M_031_A_XV,0.0,1999,7,15
M_031_A_XV,0.0,1999,7,16
M_031_A_XV,0.0058825686573982,1999,7,17
M_031_A_XV,0.0354774668812751,1999,7,18
M_031_A_XV,0.0,1999,7,19
M_031_A_XV,0.0,1999,7,20
M_031_A_XV,0.0,1999,7,21
M_031_A_XV,0.0,1999,7,22
M_031_A_XV,0.0057005109265446,1999,7,23
M_031_A_XV,0.0058825686573982,1999,7,24
M_031_A_XV,0.0,1999,7,25
M_031_A_XV,0.0235302746295928,1999,7,26
M_031_A_XV,0.0,1999,7,27
M_031_A_XV,0.0,1999,7,28
M_031_A_XV,0.0,1999,7,29
M_031_A_XV,0.0,1999,7,30
M_031_A_XV,0.001900170231238,1999,7,31
M_031_A_XV,0.1499530971050262,1999,8,1
M_031_A_XV,0.4341609925031662,1999,8,2
M_031_A_XV,0.0190017037093639,1999,8,3
M_031_A_XV,0.0,1999,8,4
M_031_A_XV,0.0,1999,8,5
M_031_A_XV,0.0,1999,8,6
M_031_A_XV,0.0,1999,8,7
M_031_A_XV,0.0,1999,8,8
M_031_A_XV,0.0347492396831512,1999,8,9
M_031_A_XV,0.452497623860836,1999,8,10
M_031_A_XV,0.1291319858282804,1999,8,11
M_031_A_XV,0.0,1999,8,12
M_031_A_XV,0.0,1999,8,13
M_031_A_XV,0.0,1999,8,14
M_031_A_XV,0.0,1999,8,15
M_031_A_XV,0.0,1999,8,16
M_031_A_XV,0.0,1999,8,17
M_031_A_XV,0.0,1999,8,18
M_031_A_XV,0.0,1999,8,19
M_031_A_XV,0.0,1999,8,20
M_031_A_XV,0.0,1999,8,21
M_031_A_XV,0.0,1999,8,22
M_031_A_XV,0.0,1999,8,23
M_031_A_XV,0.0,1999,8,24
M_031_A_XV,0.0,1999,8,25
M_031_A_XV,0.0,1999,8,26
M_031_A_XV,0.0,1999,8,27
M_031_A_XV,0.0,1999,8,28
M_031_A_XV,0.0,1999,8,29
M_031_A_XV,0.0,1999,8,30
M_031_A_XV,0.0,1999,8,31
M_031_A_XV,0.0734568792395293,1999,9,1
M_031_A_XV,0.0740826465189457,1999,9,2
M_031_A_XV,0.1135741174221038,1999,9,3
M_031_A_XV,0.1498670093715191,1999,9,4
M_031_A_XV,0.0,1999,9,5
M_031_A_XV,0.0,1999,9,6
M_031_A_XV,0.0,1999,9,7
M_031_A_XV,0.0,1999,9,8
M_031_A_XV,0.0,1999,9,9
M_031_A_XV,0.0,1999,9,10
M_031_A_XV,0.0,1999,9,11
M_031_A_XV,0.0,1999,9,12
M_031_A_XV,0.0,1999,9,13
M_031_A_XV,0.0,1999,9,14
M_031_A_XV,0.0,1999,9,15
M_031_A_XV,0.0,1999,9,16
M_031_A_XV,0.0,1999,9,17
M_031_A_XV,0.5567868277430534,1999,9,18
M_031_A_XV,3.105287998914718,1999,9,19
M_031_A_XV,0.8491373509168625,1999,9,20
M_031_A_XV,0.0,1999,9,21
M_031_A_XV,0.0,1999,9,22
M_031_A_XV,0.0,1999,9,23
M_031_A_XV,0.0,1999,9,24
M_031_A_XV,0.0,1999,9,25
M_031_A_XV,0.5055987238883972,1999,9,26
M_031_A_XV,0.5505869262851775,1999,9,27
M_031_A_XV,0.0788955241441726,1999,9,28
M_031_A_XV,0.0160646252334117,1999,9,29
M_031_A_XV,0.0079724006354808,1999,9,30
M_031_A_XV,1.8779054880142207,1999,10,1
M_031_A_XV,1.9918229579925537,1999,10,2
M_031_A_XV,3.2517426013946533,1999,10,3
M_031_A_XV,2.769035786390305,1999,10,4
M_031_A_XV,2.546759635210037,1999,10,5
M_031_A_XV,0.0076006811577826,1999,10,6
M_031_A_XV,0.0190017037093639,1999,10,7
M_031_A_XV,0.4520017579197883,1999,10,8
M_031_A_XV,0.0950085148215293,1999,10,9
M_031_A_XV,0.1364241431001573,1999,10,10
M_031_A_XV,0.201915037818253,1999,10,11
M_031_A_XV,2.5062376260757446,1999,10,12
M_031_A_XV,5.775612443685532,1999,10,13
M_031_A_XV,1.6577195525169373,1999,10,14
M_031_A_XV,0.0653556548058986,1999,10,15
M_031_A_XV,0.003230171278119,1999,10,16
M_031_A_XV,0.0,1999,10,17
M_031_A_XV,0.6068191528320312,1999,10,18
M_031_A_XV,1.084286391735077,1999,10,19
M_031_A_XV,0.3193868640810251,1999,10,20
M_031_A_XV,1.2012064047157764,1999,10,21
M_031_A_XV,0.2580819204449653,1999,10,22
M_031_A_XV,0.0,1999,10,23
M_031_A_XV,0.0,1999,10,24
M_031_A_XV,0.0,1999,10,25
M_031_A_XV,0.0,1999,10,26
M_031_A_XV,0.0,1999,10,27
M_031_A_XV,0.0,1999,10,28
M_031_A_XV,0.0190017037093639,1999,10,29
M_031_A_XV,1.180434513837099,1999,10,30
M_031_A_XV,1.9298266023397448,1999,10,31
M_031_A_XV,0.0,1999,11,1
M_031_A_XV,0.1330119222402572,1999,11,2
M_031_A_XV,0.0,1999,11,3
M_031_A_XV,0.0,1999,11,4
M_031_A_XV,0.0,1999,11,5
M_031_A_XV,0.0,1999,11,6
M_031_A_XV,0.0,1999,11,7
M_031_A_XV,0.0,1999,11,8
M_031_A_XV,0.2472270766738802,1999,11,9
M_031_A_XV,0.4253289997577667,1999,11,10
M_031_A_XV,0.3470450583845377,1999,11,11
M_031_A_XV,0.0,1999,11,12
M_031_A_XV,0.0989909097552299,1999,11,13
M_031_A_XV,0.7501393682323396,1999,11,14
M_031_A_XV,0.0133011918514966,1999,11,15
M_031_A_XV,0.0988088585436344,1999,11,16
M_031_A_XV,0.089308006921783,1999,11,17
M_031_A_XV,0.0,1999,11,18
M_031_A_XV,0.0,1999,11,19
M_031_A_XV,0.0,1999,11,20
M_031_A_XV,0.0013300009304657,1999,11,21
M_031_A_XV,0.0322941089980304,1999,11,22
M_031_A_XV,0.6339305639266968,1999,11,23
M_031_A_XV,0.0260322149842977,1999,11,24
M_031_A_XV,0.0,1999,11,25
M_031_A_XV,0.0,1999,11,26
M_031_A_XV,0.0,1999,11,27
M_031_A_XV,0.0,1999,11,28
M_031_A_XV,0.0,1999,11,29
M_031_A_XV,0.0,1999,11,30
M_031_A_XV,0.0,1999,12,1
M_031_A_XV,1.255164884030819,1999,12,2
M_031_A_XV,2.799803242087364,1999,12,3
M_031_A_XV,3.4834635853767395,1999,12,4
M_031_A_XV,0.0,1999,12,5
M_031_A_XV,0.0,1999,12,6
M_031_A_XV,0.0,1999,12,7
M_031_A_XV,0.0783735553268343,1999,12,8
M_031_A_XV,3.716011974494904,1999,12,9
M_031_A_XV,0.3240695856511593,1999,12,10
M_031_A_XV,0.0,1999,12,11
M_031_A_XV,0.0,1999,12,12
M_031_A_XV,0.0,1999,12,13
M_031_A_XV,0.1582631766796112,1999,12,14
M_031_A_XV,0.0,1999,12,15
M_031_A_XV,0.0,1999,12,16
M_031_A_XV,0.0,1999,12,17
M_031_A_XV,0.0,1999,12,18
M_031_A_XV,0.0,1999,12,19
M_031_A_XV,6.769553571939468,1999,12,20
M_031_A_XV,7.5700501929968596,1999,12,21
M_031_A_XV,10.367618024349213,1999,12,22
M_031_A_XV,11.227516576647758,1999,12,23
M_031_A_XV,0.7944010924547911,1999,12,24
M_031_A_XV,0.8711217492818832,1999,12,25
M_031_A_XV,0.8679348877631128,1999,12,26
M_031_A_XV,9.383982956409454,1999,12,27
M_031_A_XV,13.800305277109146,1999,12,28
M_031_A_XV,6.361780472099781,1999,12,29
M_031_A_XV,5.534867286682129,1999,12,30
M_031_A_XV,7.298998951911926,1999,12,31
M_031_A_XV,0.6962650418281555,2000,1,1
M_031_A_XV,7.033934876322746,2000,1,2
M_031_A_XV,8.887578785419464,2000,1,3
M_031_A_XV,0.409018762409687,2000,1,4
M_031_A_XV,0.8327745720744133,2000,1,5
M_031_A_XV,10.184622764587402,2000,1,6
M_031_A_XV,12.398532032966614,2000,1,7
M_031_A_XV,9.613722831010818,2000,1,8
M_031_A_XV,14.529867887496948,2000,1,9
M_031_A_XV,6.386405900120735,2000,1,10
M_031_A_XV,3.615857839584351,2000,1,11
M_031_A_XV,8.464553698897362,2000,1,12
M_031_A_XV,7.288058802485466,2000,1,13
M_031_A_XV,5.232261817902327,2000,1,14
M_031_A_XV,3.9027114510536194,2000,1,15
M_031_A_XV,6.207887411117554,2000,1,16
M_031_A_XV,5.842331800609827,2000,1,17
M_031_A_XV,2.704476095270365,2000,1,18
M_031_A_XV,1.5714246332645416,2000,1,19
M_031_A_XV,7.175670824944973,2000,1,20
M_031_A_XV,6.609790205955505,2000,1,21
M_031_A_XV,4.715539038181305,2000,1,22
M_031_A_XV,4.193612724542618,2000,1,23
M_031_A_XV,7.731739580631256,2000,1,24
M_031_A_XV,5.330526530742645,2000,1,25
M_031_A_XV,12.170857071876526,2000,1,26
M_031_A_XV,3.7993866205215454,2000,1,27
M_031_A_XV,11.984928846359251,2000,1,28
M_031_A_XV,7.975799322128296,2000,1,29
M_031_A_XV,2.3089421037584543,2000,1,30
M_031_A_XV,7.887166611850262,2000,1,31
M_031_A_XV,9.683342423290014,2000,2,1
M_031_A_XV,13.073425829410551,2000,2,2
M_031_A_XV,1.7275908291339874,2000,2,3
M_031_A_XV,0.0,2000,2,4
M_031_A_XV,0.0,2000,2,5
M_031_A_XV,0.8805413842201233,2000,2,6
M_031_A_XV,5.4389965534210205,2000,2,7
M_031_A_XV,6.902919143438339,2000,2,8
M_031_A_XV,1.3884143009781835,2000,2,9
M_031_A_XV,8.205194652080536,2000,2,10
M_031_A_XV,19.70634150505066,2000,2,11
M_031_A_XV,7.085074782371521,2000,2,12
M_031_A_XV,1.8801724910736084,2000,2,13
M_031_A_XV,5.68500317633152,2000,2,14
M_031_A_XV,6.914523390703835,2000,2,15
M_031_A_XV,2.8727082014083862,2000,2,16
M_031_A_XV,4.374538362026215,2000,2,17
M_031_A_XV,4.2967274487018585,2000,2,18
M_031_A_XV,3.620774753391743,2000,2,19
M_031_A_XV,7.848815768957138,2000,2,20
M_031_A_XV,7.3580759558826685,2000,2,21
M_031_A_XV,10.814815610647202,2000,2,22
M_031_A_XV,13.079205006361008,2000,2,23
M_031_A_XV,8.8509192019701,2000,2,24
M_031_A_XV,9.650093268603086,2000,2,25
M_031_A_XV,3.086067570373416,2000,2,26
M_031_A_XV,5.974131524562836,2000,2,27
M_031_A_XV,4.900565311312676,2000,2,28
M_031_A_XV,3.543786138296128,2000,2,29
M_031_A_XV,4.904513046145439,2000,3,1
M_031_A_XV,3.581561263650656,2000,3,2
M_031_A_XV,4.726884573698044,2000,3,3
M_031_A_XV,5.1930369064211845,2000,3,4
M_031_A_XV,3.458986971527338,2000,3,5
M_031_A_XV,6.00992751121521,2000,3,6
M_031_A_XV,13.87270388007164,2000,3,7
M_031_A_XV,16.83827781677246,2000,3,8
M_031_A_XV,4.167058520019054,2000,3,9
M_031_A_XV,2.199820779263973,2000,3,10
M_031_A_XV,0.7694426514208317,2000,3,11
M_031_A_XV,5.868759363889694,2000,3,12
M_031_A_XV,0.0359047865495085,2000,3,13
M_031_A_XV,0.0,2000,3,14
M_031_A_XV,0.0133000090718269,2000,3,15
M_031_A_XV,0.362852931022644,2000,3,16
M_031_A_XV,1.6029530498199165,2000,3,17
M_031_A_XV,7.610035616904497,2000,3,18
M_031_A_XV,4.522745668888092,2000,3,19
M_031_A_XV,1.2369249887997285,2000,3,20
M_031_A_XV,0.922525919508189,2000,3,21
M_031_A_XV,1.3417370710521936,2000,3,22
M_031_A_XV,4.577824026346207,2000,3,23
M_031_A_XV,1.5876795686781406,2000,3,24
M_031_A_XV,2.937693938612938,2000,3,25
M_031_A_XV,9.222698491066694,2000,3,26
M_031_A_XV,1.86569344997406,2000,3,27
M_031_A_XV,0.557376429438591,2000,3,28
M_031_A_XV,2.500125128775835,2000,3,29
M_031_A_XV,0.6740795373916626,2000,3,30
M_031_A_XV,1.0983188599348068,2000,3,31
M_031_A_XV,0.5257454663515091,2000,4,1
M_031_A_XV,0.8674501925706863,2000,4,2
M_031_A_XV,1.7981065511703491,2000,4,3
M_031_A_XV,2.145696207880974,2000,4,4
M_031_A_XV,1.9585008472204208,2000,4,5
M_031_A_XV,2.084745083004236,2000,4,6
M_031_A_XV,1.9940051585435867,2000,4,7
M_031_A_XV,2.956840828061104,2000,4,8
M_031_A_XV,0.1606028974056244,2000,4,9
M_031_A_XV,0.0,2000,4,10
M_031_A_XV,0.0,2000,4,11
M_031_A_XV,0.4513027369976043,2000,4,12
M_031_A_XV,0.5514895431697369,2000,4,13
M_031_A_XV,0.0133000090718269,2000,4,14
M_031_A_XV,1.346676405519247,2000,4,15
M_031_A_XV,2.653541773557663,2000,4,16
M_031_A_XV,0.0,2000,4,17
M_031_A_XV,0.0,2000,4,18
M_031_A_XV,0.0,2000,4,19
M_031_A_XV,0.0,2000,4,20
M_031_A_XV,0.0096829091198742,2000,4,21
M_031_A_XV,1.420405812561512,2000,4,22
M_031_A_XV,2.825817547738552,2000,4,23
M_031_A_XV,0.3819342330098152,2000,4,24
M_031_A_XV,0.0,2000,4,25
M_031_A_XV,0.0133011918514966,2000,4,26
M_031_A_XV,1.383546452969313,2000,4,27
M_031_A_XV,0.075625127647072,2000,4,28
M_031_A_XV,0.6702029346488416,2000,4,29
M_031_A_XV,0.0,2000,4,30
M_031_A_XV,0.0,2000,5,1
M_031_A_XV,0.0,2000,5,2
M_031_A_XV,0.0,2000,5,3
M_031_A_XV,0.0,2000,5,4
M_031_A_XV,0.0,2000,5,5
M_031_A_XV,0.0190017037093639,2000,5,6
M_031_A_XV,1.9746494181454184,2000,5,7
M_031_A_XV,1.6256793271750212,2000,5,8
M_031_A_XV,1.7004709094762802,2000,5,9
M_031_A_XV,0.0,2000,5,10
M_031_A_XV,0.3076684176921844,2000,5,11
M_031_A_XV,0.1900170296430587,2000,5,12
M_031_A_XV,1.3156457543373108,2000,5,13
M_031_A_XV,6.53596043586731,2000,5,14
M_031_A_XV,0.5401986483484507,2000,5,15
M_031_A_XV,0.0,2000,5,16
M_031_A_XV,0.0,2000,5,17
M_031_A_XV,0.0,2000,5,18
M_031_A_XV,0.0,2000,5,19
M_031_A_XV,0.0,2000,5,20
M_031_A_XV,0.0,2000,5,21
M_031_A_XV,0.0,2000,5,22
M_031_A_XV,0.0,2000,5,23
M_031_A_XV,0.0,2000,5,24
M_031_A_XV,0.0,2000,5,25
M_031_A_XV,0.0,2000,5,26
M_031_A_XV,0.0,2000,5,27
M_031_A_XV,0.0,2000,5,28
M_031_A_XV,0.0,2000,5,29
M_031_A_XV,0.0,2000,5,30
M_031_A_XV,0.0,2000,5,31
M_031_A_XV,0.0266000181436538,2000,6,1
M_031_A_XV,0.09321840852499,2000,6,2
M_031_A_XV,0.0,2000,6,3
M_031_A_XV,0.0,2000,6,4
M_031_A_XV,0.0,2000,6,5
M_031_A_XV,0.0778273940086364,2000,6,6
M_031_A_XV,0.1876479666680097,2000,6,7
M_031_A_XV,0.2854821644723415,2000,6,8
M_031_A_XV,0.2032386250793934,2000,6,9
M_031_A_XV,0.0380034074187278,2000,6,10
M_031_A_XV,0.0,2000,6,11
M_031_A_XV,0.0,2000,6,12
M_031_A_XV,0.0,2000,6,13
M_031_A_XV,0.0,2000,6,14
M_031_A_XV,0.0,2000,6,15
M_031_A_XV,0.0,2000,6,16
M_031_A_XV,0.0,2000,6,17
M_031_A_XV,0.0,2000,6,18
M_031_A_XV,0.0,2000,6,19
M_031_A_XV,0.0,2000,6,20
M_031_A_XV,0.0,2000,6,21
M_031_A_XV,0.0,2000,6,22
M_031_A_XV,0.0,2000,6,23
M_031_A_XV,0.0,2000,6,24
M_031_A_XV,0.0,2000,6,25
M_031_A_XV,0.0,2000,6,26
M_031_A_XV,0.0,2000,6,27
M_031_A_XV,0.0,2000,6,28
M_031_A_XV,0.0,2000,6,29
M_031_A_XV,0.0,2000,6,30
M_031_A_XV,0.0,2000,7,1
M_031_A_XV,0.0,2000,7,2
M_031_A_XV,0.0,2000,7,3
M_031_A_XV,0.0,2000,7,4
M_031_A_XV,0.0,2000,7,5
M_031_A_XV,0.0,2000,7,6
M_031_A_XV,0.0,2000,7,7
M_031_A_XV,0.0,2000,7,8
M_031_A_XV,0.0,2000,7,9
M_031_A_XV,0.0,2000,7,10
M_031_A_XV,0.0,2000,7,11
M_031_A_XV,0.0,2000,7,12
M_031_A_XV,0.0,2000,7,13
M_031_A_XV,0.0,2000,7,14
M_031_A_XV,0.0,2000,7,15
M_031_A_XV,0.0,2000,7,16
M_031_A_XV,0.0,2000,7,17
M_031_A_XV,0.0,2000,7,18
M_031_A_XV,0.207212246954441,2000,7,19
M_031_A_XV,0.204425785690546,2000,7,20
M_031_A_XV,0.0,2000,7,21
M_031_A_XV,0.0,2000,7,22
M_031_A_XV,0.0,2000,7,23
M_031_A_XV,0.0,2000,7,24
M_031_A_XV,0.0,2000,7,25
M_031_A_XV,0.2582616209983825,2000,7,26
M_031_A_XV,0.3477299883961677,2000,7,27
M_031_A_XV,0.0418037474155426,2000,7,28
M_031_A_XV,0.0,2000,7,29
M_031_A_XV,0.0,2000,7,30
M_031_A_XV,0.0,2000,7,31
M_031_A_XV,0.0,2000,8,1
M_031_A_XV,0.0,2000,8,2
M_031_A_XV,0.0,2000,8,3
M_031_A_XV,0.0,2000,8,4
M_031_A_XV,0.0,2000,8,5
M_031_A_XV,0.0,2000,8,6
M_031_A_XV,0.0,2000,8,7
M_031_A_XV,0.0,2000,8,8
M_031_A_XV,0.0,2000,8,9
M_031_A_XV,0.0380034074187278,2000,8,10
M_031_A_XV,0.0191837607417255,2000,8,11
M_031_A_XV,0.0,2000,8,12
M_031_A_XV,0.0250739343464374,2000,8,13
M_031_A_XV,0.1082857139408588,2000,8,14
M_031_A_XV,0.4551979843527078,2000,8,15
M_031_A_XV,0.3763742633163929,2000,8,16
M_031_A_XV,0.0,2000,8,17
M_031_A_XV,0.8269391432404518,2000,8,18
M_031_A_XV,0.9645039923489094,2000,8,19
M_031_A_XV,0.8645393662154675,2000,8,20
M_031_A_XV,0.893295630812645,2000,8,21
M_031_A_XV,0.5779580175876617,2000,8,22
M_031_A_XV,0.0057005109265446,2000,8,23
M_031_A_XV,0.0096829086542129,2000,8,24
M_031_A_XV,0.0,2000,8,25
M_031_A_XV,0.0,2000,8,26
M_031_A_XV,0.0,2000,8,27
M_031_A_XV,0.0,2000,8,28
M_031_A_XV,0.0,2000,8,29
M_031_A_XV,0.0,2000,8,30
M_031_A_XV,0.0,2000,8,31
M_031_A_XV,0.0190017037093639,2000,9,1
M_031_A_XV,0.0,2000,9,2
M_031_A_XV,0.0,2000,9,3
M_031_A_XV,0.0,2000,9,4
M_031_A_XV,0.0,2000,9,5
M_031_A_XV,0.0,2000,9,6
M_031_A_XV,0.0,2000,9,7
M_031_A_XV,0.0,2000,9,8
M_031_A_XV,0.0,2000,9,9
M_031_A_XV,0.0893068239092826,2000,9,10
M_031_A_XV,0.0,2000,9,11
M_031_A_XV,0.0,2000,9,12
M_031_A_XV,0.0,2000,9,13
M_031_A_XV,0.0,2000,9,14
M_031_A_XV,0.0039823981933295,2000,9,15
M_031_A_XV,0.0,2000,9,16
M_031_A_XV,0.0,2000,9,17
M_031_A_XV,0.0,2000,9,18
M_031_A_XV,0.7470612898468971,2000,9,19
M_031_A_XV,1.6821016669273376,2000,9,20
M_031_A_XV,0.2941980473697185,2000,9,21
M_031_A_XV,1.1097393538802862,2000,9,22
M_031_A_XV,0.1140102222561836,2000,9,23
M_031_A_XV,0.0,2000,9,24
M_031_A_XV,0.0,2000,9,25
M_031_A_XV,0.0,2000,9,26
M_031_A_XV,0.0,2000,9,27
M_031_A_XV,0.0,2000,9,28
M_031_A_XV,0.0,2000,9,29
M_031_A_XV,0.0875723212957382,2000,9,30
M_031_A_XV,0.0391185637563467,2000,10,1
M_031_A_XV,0.0645566135644912,2000,10,2
M_031_A_XV,0.1140252689365297,2000,10,3
M_031_A_XV,0.0,2000,10,4
M_031_A_XV,0.0,2000,10,5
M_031_A_XV,0.0,2000,10,6
M_031_A_XV,0.1424308121204376,2000,10,7
M_031_A_XV,1.2206108756363392,2000,10,8
M_031_A_XV,0.3560741506516933,2000,10,9
M_031_A_XV,0.1504851691424846,2000,10,10
M_031_A_XV,0.2313899155706167,2000,10,11
M_031_A_XV,0.0,2000,10,12
M_031_A_XV,0.0950085185468196,2000,10,13
M_031_A_XV,6.041035234928131,2000,10,14
M_031_A_XV,10.66696584224701,2000,10,15
M_031_A_XV,4.598924517631531,2000,10,16
M_031_A_XV,0.1140102222561836,2000,10,17
M_031_A_XV,2.416480958461761,2000,10,18
M_031_A_XV,4.715250074863434,2000,10,19
M_031_A_XV,7.126068145036697,2000,10,20
M_031_A_XV,7.229638516902924,2000,10,21
M_031_A_XV,0.725838165730238,2000,10,22
M_031_A_XV,0.0,2000,10,23
M_031_A_XV,0.0,2000,10,24
M_031_A_XV,0.965005598962307,2000,10,25
M_031_A_XV,0.5335574748460203,2000,10,26
M_031_A_XV,1.6396220177412033,2000,10,27
M_031_A_XV,0.1440236493945121,2000,10,28
M_031_A_XV,0.0,2000,10,29
M_031_A_XV,0.0,2000,10,30
M_031_A_XV,0.0,2000,10,31
M_031_A_XV,0.0,2000,11,1
M_031_A_XV,0.0,2000,11,2
M_031_A_XV,0.0,2000,11,3
M_031_A_XV,0.0,2000,11,4
M_031_A_XV,0.0,2000,11,5
M_031_A_XV,0.0,2000,11,6
M_031_A_XV,0.0,2000,11,7
M_031_A_XV,0.0,2000,11,8
M_031_A_XV,0.0,2000,11,9
M_031_A_XV,0.0,2000,11,10
M_031_A_XV,0.0,2000,11,11
M_031_A_XV,0.0,2000,11,12
M_031_A_XV,0.0,2000,11,13
M_031_A_XV,0.0,2000,11,14
M_031_A_XV,0.0,2000,11,15
M_031_A_XV,0.0,2000,11,16
M_031_A_XV,0.0,2000,11,17
M_031_A_XV,0.0,2000,11,18
M_031_A_XV,0.0,2000,11,19
M_031_A_XV,0.0,2000,11,20
M_031_A_XV,0.0138473641127347,2000,11,21
M_031_A_XV,1.5859799981117249,2000,11,22
M_031_A_XV,5.704302310943604,2000,11,23
M_031_A_XV,2.526389330625534,2000,11,24
M_031_A_XV,3.4507138282060623,2000,11,25
M_031_A_XV,0.0190017037093639,2000,11,26
M_031_A_XV,0.0,2000,11,27
M_031_A_XV,0.3529541194438934,2000,11,28
M_031_A_XV,0.019729932770133,2000,11,29
M_031_A_XV,0.0,2000,11,30
M_031_A_XV,0.0,2000,12,1
M_031_A_XV,0.0,2000,12,2
M_031_A_XV,0.0,2000,12,3
M_031_A_XV,0.0,2000,12,4
M_031_A_XV,0.0362841109745204,2000,12,5
M_031_A_XV,5.454344749450684,2000,12,6
M_031_A_XV,2.928906574845314,2000,12,7
M_031_A_XV,3.7405224442482,2000,12,8
M_031_A_XV,0.7979709357023239,2000,12,9
M_031_A_XV,2.93109898455441,2000,12,10
M_031_A_XV,3.0417570769786835,2000,12,11
M_031_A_XV,0.100423380266875,2000,12,12
M_031_A_XV,0.0,2000,12,13
M_031_A_XV,0.0,2000,12,14
M_031_A_XV,0.0,2000,12,15
M_031_A_XV,4.15814444818534,2000,12,16
M_031_A_XV,2.1125182807445526,2000,12,17
M_031_A_XV,5.227541871368885,2000,12,18
M_031_A_XV,0.7797482158057392,2000,12,19
M_031_A_XV,10.614522576332092,2000,12,20
M_031_A_XV,11.207634389400482,2000,12,21
M_031_A_XV,8.174962401390076,2000,12,22
M_031_A_XV,1.2919817343354223,2000,12,23
M_031_A_XV,0.4660474862903356,2000,12,24
M_031_A_XV,1.2672166638076303,2000,12,25
M_031_A_XV,0.6848668418824673,2000,12,26
M_031_A_XV,0.0,2000,12,27
M_031_A_XV,2.6781642958521843,2000,12,28
M_031_A_XV,4.3241705894470215,2000,12,29
M_031_A_XV,7.113227903842926,2000,12,30
M_031_A_XV,7.933021545410156,2000,12,31
M_031_A_XV,5.430240094661713,2001,1,1
M_031_A_XV,4.025812562555075,2001,1,2
M_031_A_XV,6.533562362194061,2001,1,3
M_031_A_XV,9.490874290466309,2001,1,4
M_031_A_XV,1.4910627636127174,2001,1,5
M_031_A_XV,6.177988139912486,2001,1,6
M_031_A_XV,6.904568046331406,2001,1,7
M_031_A_XV,0.843510165810585,2001,1,8
M_031_A_XV,1.5492666587233543,2001,1,9
M_031_A_XV,0.1820329502224922,2001,1,10
M_031_A_XV,1.842297782655805,2001,1,11
M_031_A_XV,11.696884661912918,2001,1,12
M_031_A_XV,0.819768913090229,2001,1,13
M_031_A_XV,8.042342711240053,2001,1,14
M_031_A_XV,8.960986539721489,2001,1,15
M_031_A_XV,0.3194335401058197,2001,1,16
M_031_A_XV,4.465497084893286,2001,1,17
M_031_A_XV,3.390524983406067,2001,1,18
M_031_A_XV,9.650664180517197,2001,1,19
M_031_A_XV,8.93443900346756,2001,1,20
M_031_A_XV,9.84778380393982,2001,1,21
M_031_A_XV,9.134777069091797,2001,1,22
M_031_A_XV,17.90526109933853,2001,1,23
M_031_A_XV,7.992168575525284,2001,1,24
M_031_A_XV,12.991678416728972,2001,1,25
M_031_A_XV,8.069522246718407,2001,1,26
M_031_A_XV,18.25004136562348,2001,1,27
M_031_A_XV,11.153621263802052,2001,1,28
M_031_A_XV,8.013619482517242,2001,1,29
M_031_A_XV,16.726177096366882,2001,1,30
M_031_A_XV,10.091504871845244,2001,1,31
M_031_A_XV,27.08948123455048,2001,2,1
M_031_A_XV,3.8673731684684753,2001,2,2
M_031_A_XV,10.829119078814983,2001,2,3
M_031_A_XV,7.398669367656112,2001,2,4
M_031_A_XV,2.403823971748352,2001,2,5
M_031_A_XV,1.471926361322403,2001,2,6
M_031_A_XV,2.10808564722538,2001,2,7
M_031_A_XV,2.155816614627838,2001,2,8
M_031_A_XV,4.564743593335152,2001,2,9
M_031_A_XV,9.095592640340328,2001,2,10
M_031_A_XV,7.299691557884216,2001,2,11
M_031_A_XV,6.977950930595398,2001,2,12
M_031_A_XV,9.119350850582125,2001,2,13
M_031_A_XV,22.6227822303772,2001,2,14
M_031_A_XV,11.680858194828032,2001,2,15
M_031_A_XV,22.659540355205536,2001,2,16
M_031_A_XV,11.697564959526062,2001,2,17
M_031_A_XV,12.799618691205978,2001,2,18
M_031_A_XV,6.453455954790115,2001,2,19
M_031_A_XV,5.882685154676437,2001,2,20
M_031_A_XV,2.530983505770564,2001,2,21
M_031_A_XV,6.525384187698364,2001,2,22
M_031_A_XV,14.717373251914978,2001,2,23
M_031_A_XV,16.08928942680359,2001,2,24
M_031_A_XV,12.035495206713676,2001,2,25
M_031_A_XV,17.086964964866638,2001,2,26
M_031_A_XV,19.980652570724487,2001,2,27
M_031_A_XV,5.431287457700819,2001,2,28
M_031_A_XV,3.3420997858047485,2001,3,1
M_031_A_XV,4.808798525016755,2001,3,2
M_031_A_XV,14.460107058286669,2001,3,3
M_031_A_XV,5.972227931022644,2001,3,4
M_031_A_XV,16.328834772109985,2001,3,5
M_031_A_XV,3.396504972362891,2001,3,6
M_031_A_XV,4.44550596177578,2001,3,7
M_031_A_XV,4.444863352924585,2001,3,8
M_031_A_XV,9.820395171642303,2001,3,9
M_031_A_XV,6.323021620512009,2001,3,10
M_031_A_XV,18.84550130367279,2001,3,11
M_031_A_XV,2.614120878279209,2001,3,12
M_031_A_XV,1.5372628718614578,2001,3,13
M_031_A_XV,5.126147270202637,2001,3,14
M_031_A_XV,21.45583438873291,2001,3,15
M_031_A_XV,5.23058545589447,2001,3,16
M_031_A_XV,6.16279561072588,2001,3,17
M_031_A_XV,7.675082087516785,2001,3,18
M_031_A_XV,8.684520244598389,2001,3,19
M_031_A_XV,13.918073028326036,2001,3,20
M_031_A_XV,8.474651604890823,2001,3,21
M_031_A_XV,0.5284832455217838,2001,3,22
M_031_A_XV,0.0212800148874521,2001,3,23
M_031_A_XV,0.0,2001,3,24
M_031_A_XV,1.4002938866615295,2001,3,25
M_031_A_XV,0.1710153296589851,2001,3,26
M_031_A_XV,0.2092007994651794,2001,3,27
M_031_A_XV,0.0,2001,3,28
M_031_A_XV,0.0267844423651695,2001,3,29
M_031_A_XV,0.3405970521271229,2001,3,30
M_031_A_XV,0.0380034074187278,2001,3,31
M_031_A_XV,0.304027259349823,2001,4,1
M_031_A_XV,1.975059162825346,2001,4,2
M_031_A_XV,1.0986747443675997,2001,4,3
M_031_A_XV,1.0500636100769043,2001,4,4
M_031_A_XV,1.0595196220092475,2001,4,5
M_031_A_XV,4.296820878982544,2001,4,6
M_031_A_XV,11.681151032447817,2001,4,7
M_031_A_XV,6.323910057544708,2001,4,8
M_031_A_XV,7.286847829818726,2001,4,9
M_031_A_XV,2.2718546837568283,2001,4,10
M_031_A_XV,3.284669268410653,2001,4,11
M_031_A_XV,0.984399139881134,2001,4,12
M_031_A_XV,0.7676925659179688,2001,4,13
M_031_A_XV,0.9693156033754348,2001,4,14
M_031_A_XV,0.1592959314584732,2001,4,15
M_031_A_XV,0.0,2001,4,16
M_031_A_XV,0.0,2001,4,17
M_031_A_XV,0.0,2001,4,18
M_031_A_XV,0.0742886960506439,2001,4,19
M_031_A_XV,0.0096829086542129,2001,4,20
M_031_A_XV,0.0,2001,4,21
M_031_A_XV,0.0,2001,4,22
M_031_A_XV,0.0,2001,4,23
M_031_A_XV,0.0,2001,4,24
M_031_A_XV,0.0,2001,4,25
M_031_A_XV,0.0,2001,4,26
M_031_A_XV,0.0,2001,4,27
M_031_A_XV,1.8642070144414904,2001,4,28
M_031_A_XV,0.771210522390902,2001,4,29
M_031_A_XV,0.134832501411438,2001,4,30
M_031_A_XV,0.0,2001,5,1
M_031_A_XV,0.0570051111280918,2001,5,2
M_031_A_XV,0.1577141406014561,2001,5,3
M_031_A_XV,0.4307815171778202,2001,5,4
M_031_A_XV,1.85544203221798,2001,5,5
M_031_A_XV,0.2249624133110046,2001,5,6
M_031_A_XV,0.0,2001,5,7
M_031_A_XV,0.0,2001,5,8
M_031_A_XV,0.0,2001,5,9
M_031_A_XV,0.0,2001,5,10
M_031_A_XV,0.0,2001,5,11
M_031_A_XV,0.0,2001,5,12
M_031_A_XV,0.0,2001,5,13
M_031_A_XV,0.0780890434980392,2001,5,14
M_031_A_XV,0.5887249857187271,2001,5,15
M_031_A_XV,0.0,2001,5,16
M_031_A_XV,0.0,2001,5,17
M_031_A_XV,0.0133011918514966,2001,5,18
M_031_A_XV,0.1936581917107105,2001,5,19
M_031_A_XV,0.0304027255624532,2001,5,20
M_031_A_XV,0.0,2001,5,21
M_031_A_XV,0.0,2001,5,22
M_031_A_XV,0.0,2001,5,23
M_031_A_XV,0.0,2001,5,24
M_031_A_XV,0.0,2001,5,25
M_031_A_XV,0.0,2001,5,26
M_031_A_XV,0.0,2001,5,27
M_031_A_XV,0.0,2001,5,28
M_031_A_XV,0.0,2001,5,29
M_031_A_XV,0.0,2001,5,30
M_031_A_XV,0.0,2001,5,31
M_031_A_XV,0.0,2001,6,1
M_031_A_XV,0.0,2001,6,2
M_031_A_XV,0.0,2001,6,3
M_031_A_XV,0.0,2001,6,4
M_031_A_XV,0.0,2001,6,5
M_031_A_XV,0.0,2001,6,6
M_031_A_XV,0.0,2001,6,7
M_031_A_XV,0.0,2001,6,8
M_031_A_XV,0.0,2001,6,9
M_031_A_XV,0.0,2001,6,10
M_031_A_XV,0.0,2001,6,11
M_031_A_XV,0.0,2001,6,12
M_031_A_XV,0.0,2001,6,13
M_031_A_XV,0.0,2001,6,14
M_031_A_XV,0.0,2001,6,15
M_031_A_XV,0.0,2001,6,16
M_031_A_XV,0.0,2001,6,17
M_031_A_XV,0.0,2001,6,18
M_031_A_XV,0.0,2001,6,19
M_031_A_XV,0.0,2001,6,20
M_031_A_XV,0.0,2001,6,21
M_031_A_XV,0.0497837513685226,2001,6,22
M_031_A_XV,0.0570051111280918,2001,6,23
M_031_A_XV,0.0,2001,6,24
M_031_A_XV,0.0,2001,6,25
M_031_A_XV,0.0,2001,6,26
M_031_A_XV,0.1615373566746711,2001,6,27
M_031_A_XV,1.9815131463110447,2001,6,28
M_031_A_XV,0.0,2001,6,29
M_031_A_XV,0.0361032336950302,2001,6,30
M_031_A_XV,0.007600680924952,2001,7,1
M_031_A_XV,0.0,2001,7,2
M_031_A_XV,0.0,2001,7,3
M_031_A_XV,0.0,2001,7,4
M_031_A_XV,0.0513034164905548,2001,7,5
M_031_A_XV,3.2571115493774414,2001,7,6
M_031_A_XV,0.9513993337750436,2001,7,7
M_031_A_XV,0.0927202329039573,2001,7,8
M_031_A_XV,0.0,2001,7,9
M_031_A_XV,0.0,2001,7,10
M_031_A_XV,0.0,2001,7,11
M_031_A_XV,0.0,2001,7,12
M_031_A_XV,0.0,2001,7,13
M_031_A_XV,0.0,2001,7,14
M_031_A_XV,0.0,2001,7,15
M_031_A_XV,0.0,2001,7,16
M_031_A_XV,0.0,2001,7,17
M_031_A_XV,0.0,2001,7,18
M_031_A_XV,0.0,2001,7,19
M_031_A_XV,0.0,2001,7,20
M_031_A_XV,0.0,2001,7,21
M_031_A_XV,0.0,2001,7,22
M_031_A_XV,0.0,2001,7,23
M_031_A_XV,0.0,2001,7,24
M_031_A_XV,0.0,2001,7,25
M_031_A_XV,0.0,2001,7,26
M_031_A_XV,0.0,2001,7,27
M_031_A_XV,0.0,2001,7,28
M_031_A_XV,0.0,2001,7,29
M_031_A_XV,0.0,2001,7,30
M_031_A_XV,0.0,2001,7,31
M_031_A_XV,0.0314556509256362,2001,8,1
M_031_A_XV,0.0,2001,8,2
M_031_A_XV,0.0,2001,8,3
M_031_A_XV,0.0,2001,8,4
M_031_A_XV,0.0,2001,8,5
M_031_A_XV,0.0,2001,8,6
M_031_A_XV,0.0209018739406019,2001,8,7
M_031_A_XV,0.0,2001,8,8
M_031_A_XV,0.0157475343439728,2001,8,9
M_031_A_XV,0.0190017037093639,2001,8,10
M_031_A_XV,0.0039823981933295,2001,8,11
M_031_A_XV,0.0190017037093639,2001,8,12
M_031_A_XV,0.0,2001,8,13
M_031_A_XV,0.0,2001,8,14
M_031_A_XV,0.1829537488520145,2001,8,15
M_031_A_XV,2.6179786920547485,2001,8,16
M_031_A_XV,4.533994376659393,2001,8,17
M_031_A_XV,0.0114010218530893,2001,8,18
M_031_A_XV,0.2280204445123672,2001,8,19
M_031_A_XV,4.55370669811964,2001,8,20
M_031_A_XV,6.334232270717621,2001,8,21
M_031_A_XV,2.527051299810409,2001,8,22
M_031_A_XV,0.0190017037093639,2001,8,23
M_031_A_XV,0.0,2001,8,24
M_031_A_XV,0.0,2001,8,25
M_031_A_XV,0.0,2001,8,26
M_031_A_XV,0.0,2001,8,27
M_031_A_XV,0.0,2001,8,28
M_031_A_XV,0.0,2001,8,29
M_031_A_XV,0.0588256865739822,2001,8,30
M_031_A_XV,0.5272745937108994,2001,8,31
M_031_A_XV,1.0040698647499084,2001,9,1
M_031_A_XV,0.001900170231238,2001,9,2
M_031_A_XV,0.6229351162910461,2001,9,3
M_031_A_XV,2.008543588221073,2001,9,4
M_031_A_XV,1.521608941257,2001,9,5
M_031_A_XV,2.287306949496269,2001,9,6
M_031_A_XV,0.0705215781927108,2001,9,7
M_031_A_XV,0.3788439333438873,2001,9,8
M_031_A_XV,1.332900956273079,2001,9,9
M_031_A_XV,0.4380638152360916,2001,9,10
M_031_A_XV,3.167650295421481,2001,9,11
M_031_A_XV,0.8465184718370438,2001,9,12
M_031_A_XV,0.001900170231238,2001,9,13
M_031_A_XV,0.0,2001,9,14
M_031_A_XV,0.0,2001,9,15
M_031_A_XV,0.0,2001,9,16
M_031_A_XV,0.0,2001,9,17
M_031_A_XV,0.0,2001,9,18
M_031_A_XV,0.0,2001,9,19
M_031_A_XV,0.1188865089789033,2001,9,20
M_031_A_XV,0.0,2001,9,21
M_031_A_XV,0.0190017037093639,2001,9,22
M_031_A_XV,0.0,2001,9,23
M_031_A_XV,0.0,2001,9,24
M_031_A_XV,0.0,2001,9,25
M_031_A_XV,0.0,2001,9,26
M_031_A_XV,0.0,2001,9,27
M_031_A_XV,0.0,2001,9,28
M_031_A_XV,0.0,2001,9,29
M_031_A_XV,0.0,2001,9,30
M_031_A_XV,0.0,2001,10,1
M_031_A_XV,0.0,2001,10,2
M_031_A_XV,0.0190017037093639,2001,10,3
M_031_A_XV,0.3836751990020275,2001,10,4
M_031_A_XV,4.054516851902008,2001,10,5
M_031_A_XV,8.734982192516327,2001,10,6
M_031_A_XV,0.007600680924952,2001,10,7
M_031_A_XV,0.0,2001,10,8
M_031_A_XV,0.0,2001,10,9
M_031_A_XV,0.0,2001,10,10
M_031_A_XV,0.0,2001,10,11
M_031_A_XV,0.0760068148374557,2001,10,12
M_031_A_XV,0.0,2001,10,13
M_031_A_XV,0.0,2001,10,14
M_031_A_XV,0.0,2001,10,15
M_031_A_XV,0.2051943987607956,2001,10,16
M_031_A_XV,0.6548534035682678,2001,10,17
M_031_A_XV,0.0,2001,10,18
M_031_A_XV,0.0,2001,10,19
M_031_A_XV,0.0,2001,10,20
M_031_A_XV,0.0,2001,10,21
M_031_A_XV,0.0,2001,10,22
M_031_A_XV,0.0324925577733665,2001,10,23
M_031_A_XV,0.4385394416749477,2001,10,24
M_031_A_XV,0.7615689113736153,2001,10,25
M_031_A_XV,0.1386257410049438,2001,10,26
M_031_A_XV,2.523553282022476,2001,10,27
M_031_A_XV,0.2956187473610043,2001,10,28
M_031_A_XV,0.0,2001,10,29
M_031_A_XV,0.1232494190335273,2001,10,30
M_031_A_XV,6.055211365222931,2001,10,31
M_031_A_XV,6.128728032112122,2001,11,1
M_031_A_XV,0.3528919741511345,2001,11,2
M_031_A_XV,0.0,2001,11,3
M_031_A_XV,0.0,2001,11,4
M_031_A_XV,0.0209018739406019,2001,11,5
M_031_A_XV,0.0190017037093639,2001,11,6
M_031_A_XV,0.0,2001,11,7
M_031_A_XV,1.4243073612451551,2001,11,8
M_031_A_XV,0.4487364143133163,2001,11,9
M_031_A_XV,0.0,2001,11,10
M_031_A_XV,0.0,2001,11,11
M_031_A_XV,0.0,2001,11,12
M_031_A_XV,0.0,2001,11,13
M_031_A_XV,0.0,2001,11,14
M_031_A_XV,0.0,2001,11,15
M_031_A_XV,0.0,2001,11,16
M_031_A_XV,0.0,2001,11,17
M_031_A_XV,0.0,2001,11,18
M_031_A_XV,0.0,2001,11,19
M_031_A_XV,0.1470682024955749,2001,11,20
M_031_A_XV,4.320490822196007,2001,11,21
M_031_A_XV,11.995196238160132,2001,11,22
M_031_A_XV,3.387205198407173,2001,11,23
M_031_A_XV,2.335171550512314,2001,11,24
M_031_A_XV,0.2436410300433635,2001,11,25
M_031_A_XV,1.4362566489726305,2001,11,26
M_031_A_XV,4.774590849876404,2001,11,27
M_031_A_XV,4.876982182264328,2001,11,28
M_031_A_XV,1.4935097098350525,2001,11,29
M_031_A_XV,0.0,2001,11,30
M_031_A_XV,0.0,2001,12,1
M_031_A_XV,0.2298386488109827,2001,12,2
M_031_A_XV,0.0,2001,12,3
M_031_A_XV,0.0,2001,12,4
M_031_A_XV,0.0,2001,12,5
M_031_A_XV,0.6380254030227661,2001,12,6
M_031_A_XV,0.656765453517437,2001,12,7
M_031_A_XV,0.2747854739427566,2001,12,8
M_031_A_XV,0.1339450776576995,2001,12,9
M_031_A_XV,0.0096829086542129,2001,12,10
M_031_A_XV,0.0,2001,12,11
M_031_A_XV,0.4932483434677124,2001,12,12
M_031_A_XV,1.1655781343579292,2001,12,13
M_031_A_XV,4.061859130859375,2001,12,14
M_031_A_XV,3.0869637839496136,2001,12,15
M_031_A_XV,6.2549570351839066,2001,12,16
M_031_A_XV,17.297216594219208,2001,12,17
M_031_A_XV,19.20995342731476,2001,12,18
M_031_A_XV,1.2307748571038246,2001,12,19
M_031_A_XV,0.6270562000572681,2001,12,20
M_031_A_XV,0.0,2001,12,21
M_031_A_XV,1.068397199269384,2001,12,22
M_031_A_XV,1.82477573864162,2001,12,23
M_031_A_XV,0.6636477112770081,2001,12,24
M_031_A_XV,1.3396142721176147,2001,12,25
M_031_A_XV,1.6711805760860443,2001,12,26
M_031_A_XV,0.0,2001,12,27
M_031_A_XV,1.8304862976074217,2001,12,28
M_031_A_XV,15.127806782722471,2001,12,29
M_031_A_XV,3.587763529270888,2001,12,30
M_031_A_XV,0.0,2001,12,31
M_031_A_XV,0.0,2002,1,1
M_031_A_XV,0.7053149938583374,2002,1,2
M_031_A_XV,1.6909341851714998,2002,1,3
M_031_A_XV,0.0,2002,1,4
M_031_A_XV,0.0,2002,1,5
M_031_A_XV,0.0,2002,1,6
M_031_A_XV,0.0,2002,1,7
M_031_A_XV,0.0,2002,1,8
M_031_A_XV,0.0513034164905548,2002,1,9
M_031_A_XV,3.8426871448755264,2002,1,10
M_031_A_XV,4.9372930228710175,2002,1,11
M_031_A_XV,3.3343142569065094,2002,1,12
M_031_A_XV,0.0836051292717456,2002,1,13
M_031_A_XV,1.0382789373397827,2002,1,14
M_031_A_XV,12.462516844272614,2002,1,15
M_031_A_XV,0.8200633525848389,2002,1,16
M_031_A_XV,0.0570051111280918,2002,1,17
M_031_A_XV,4.999186456203461,2002,1,18
M_031_A_XV,1.9497390985488887,2002,1,19
M_031_A_XV,2.082653798162937,2002,1,20
M_031_A_XV,5.97409200668335,2002,1,21
M_031_A_XV,4.762277513742447,2002,1,22
M_031_A_XV,8.387549996376038,2002,1,23
M_031_A_XV,5.669131219387054,2002,1,24
M_031_A_XV,5.771950002759695,2002,1,25
M_031_A_XV,5.520993232727051,2002,1,26
M_031_A_XV,7.037925750017166,2002,1,27
M_031_A_XV,2.752165354788304,2002,1,28
M_031_A_XV,2.194104246795177,2002,1,29
M_031_A_XV,2.8221196681261063,2002,1,30
M_031_A_XV,3.949977479875088,2002,1,31
M_031_A_XV,11.58645362406969,2002,2,1
M_031_A_XV,15.698835462331772,2002,2,2
M_031_A_XV,19.332802031189203,2002,2,3
M_031_A_XV,23.4158433675766,2002,2,4
M_031_A_XV,11.218967080116272,2002,2,5
M_031_A_XV,9.73608410358429,2002,2,6
M_031_A_XV,2.930461637675762,2002,2,7
M_031_A_XV,0.2283409908413887,2002,2,8
M_031_A_XV,1.4227497428655624,2002,2,9
M_031_A_XV,3.3603983856737614,2002,2,10
M_031_A_XV,17.21334433555603,2002,2,11
M_031_A_XV,11.638713419437408,2002,2,12
M_031_A_XV,12.75807535648346,2002,2,13
M_031_A_XV,14.002922534942629,2002,2,14
M_031_A_XV,8.91279000043869,2002,2,15
M_031_A_XV,8.628236800432205,2002,2,16
M_031_A_XV,11.582830429077148,2002,2,17
M_031_A_XV,15.186996817588806,2002,2,18
M_031_A_XV,2.1450490429997444,2002,2,19
M_031_A_XV,0.732192225754261,2002,2,20
M_031_A_XV,0.1462867520749569,2002,2,21
M_031_A_XV,0.0,2002,2,22
M_031_A_XV,0.2610759064555168,2002,2,23
M_031_A_XV,4.071525618433952,2002,2,24
M_031_A_XV,7.190759122371674,2002,2,25
M_031_A_XV,9.52651470899582,2002,2,26
M_031_A_XV,3.129726745188236,2002,2,27
M_031_A_XV,4.08435995131731,2002,2,28
M_031_A_XV,2.5015817284584045,2002,3,1
M_031_A_XV,15.602424561977386,2002,3,2
M_031_A_XV,9.545723363757132,2002,3,3
M_031_A_XV,2.365016736090184,2002,3,4
M_031_A_XV,0.9298313409090042,2002,3,5
M_031_A_XV,7.290074355900288,2002,3,6
M_031_A_XV,12.24730545282364,2002,3,7
M_031_A_XV,5.207366619259119,2002,3,8
M_031_A_XV,17.018484503030777,2002,3,9
M_031_A_XV,13.012703657150269,2002,3,10
M_031_A_XV,1.8408111333847048,2002,3,11
M_031_A_XV,5.541900176554918,2002,3,12
M_031_A_XV,9.260463669896126,2002,3,13
M_031_A_XV,6.869333103299141,2002,3,14
M_031_A_XV,3.8041983023285866,2002,3,15
M_031_A_XV,6.266333173960447,2002,3,16
M_031_A_XV,4.802596837282181,2002,3,17
M_031_A_XV,0.0244251377880573,2002,3,18
M_031_A_XV,0.0,2002,3,19
M_031_A_XV,1.707859754562378,2002,3,20
M_031_A_XV,4.044123332947493,2002,3,21
M_031_A_XV,7.7968510389328,2002,3,22
M_031_A_XV,2.918467104434967,2002,3,23
M_031_A_XV,3.367491498589516,2002,3,24
M_031_A_XV,2.0713228434324265,2002,3,25
M_031_A_XV,2.1768859326839447,2002,3,26
M_031_A_XV,2.9910792112350464,2002,3,27
M_031_A_XV,0.830295741558075,2002,3,28
M_031_A_XV,1.2714984249323606,2002,3,29
M_031_A_XV,2.43616833537817,2002,3,30
M_031_A_XV,3.833056952804327,2002,3,31
M_031_A_XV,1.4359655976295471,2002,4,1
M_031_A_XV,0.0,2002,4,2
M_031_A_XV,3.150479126721621,2002,4,3
M_031_A_XV,3.7109686136245728,2002,4,4
M_031_A_XV,2.9230837523937225,2002,4,5
M_031_A_XV,0.3205585777759552,2002,4,6
M_031_A_XV,0.721114668995142,2002,4,7
M_031_A_XV,1.8465432859957216,2002,4,8
M_031_A_XV,1.4711557775735855,2002,4,9
M_031_A_XV,2.85877189040184,2002,4,10
M_031_A_XV,3.4273566864430904,2002,4,11
M_031_A_XV,8.372920751571655,2002,4,12
M_031_A_XV,3.9437536746263504,2002,4,13
M_031_A_XV,5.757332034409046,2002,4,14
M_031_A_XV,2.643377512693405,2002,4,15
M_031_A_XV,7.145296573638916,2002,4,16
M_031_A_XV,5.402489006519318,2002,4,17
M_031_A_XV,2.985522329807281,2002,4,18
M_031_A_XV,2.7478767037391663,2002,4,19
M_031_A_XV,2.3868451341986656,2002,4,20
M_031_A_XV,8.185239762067795,2002,4,21
M_031_A_XV,9.660915613174438,2002,4,22
M_031_A_XV,6.342602625489235,2002,4,23
M_031_A_XV,0.0,2002,4,24
M_031_A_XV,0.7870123649481684,2002,4,25
M_031_A_XV,3.813449829816818,2002,4,26
M_031_A_XV,4.14748015999794,2002,4,27
M_031_A_XV,0.9814303908497096,2002,4,28
M_031_A_XV,0.0,2002,4,29
M_031_A_XV,0.0,2002,4,30
M_031_A_XV,0.0398239828646183,2002,5,1
M_031_A_XV,0.365265429019928,2002,5,2
M_031_A_XV,0.2220341172069311,2002,5,3
M_031_A_XV,1.9183333665132525,2002,5,4
M_031_A_XV,0.6438112407922745,2002,5,5
M_031_A_XV,1.1638938188552856,2002,5,6
M_031_A_XV,0.9818769991397858,2002,5,7
M_031_A_XV,0.0,2002,5,8
M_031_A_XV,0.2733061611652374,2002,5,9
M_031_A_XV,0.3683146834373474,2002,5,10
M_031_A_XV,0.167681572958827,2002,5,11
M_031_A_XV,0.1728359125554561,2002,5,12
M_031_A_XV,3.174828439950943,2002,5,13
M_031_A_XV,2.2478682920336723,2002,5,14
M_031_A_XV,0.0380034074187278,2002,5,15
M_031_A_XV,0.1140102222561836,2002,5,16
M_031_A_XV,0.0,2002,5,17
M_031_A_XV,0.0,2002,5,18
M_031_A_XV,0.0,2002,5,19
M_031_A_XV,0.0,2002,5,20
M_031_A_XV,0.0,2002,5,21
M_031_A_XV,0.0,2002,5,22
M_031_A_XV,0.0,2002,5,23
M_031_A_XV,0.0189777072519063,2002,5,24
M_031_A_XV,0.7823831513524055,2002,5,25
M_031_A_XV,0.6321754977107048,2002,5,26
M_031_A_XV,0.0,2002,5,27
M_031_A_XV,0.0,2002,5,28
M_031_A_XV,0.0,2002,5,29
M_031_A_XV,0.0,2002,5,30
M_031_A_XV,0.0,2002,5,31
M_031_A_XV,0.0,2002,6,1
M_031_A_XV,0.0,2002,6,2
M_031_A_XV,0.0,2002,6,3
M_031_A_XV,0.0,2002,6,4
M_031_A_XV,0.0,2002,6,5
M_031_A_XV,0.0,2002,6,6
M_031_A_XV,0.0,2002,6,7
M_031_A_XV,0.0,2002,6,8
M_031_A_XV,0.0,2002,6,9
M_031_A_XV,0.0,2002,6,10
M_031_A_XV,0.0,2002,6,11
M_031_A_XV,0.0,2002,6,12
M_031_A_XV,0.0,2002,6,13
M_031_A_XV,0.0,2002,6,14
M_031_A_XV,0.0,2002,6,15
M_031_A_XV,0.001900170231238,2002,6,16
M_031_A_XV,0.0,2002,6,17
M_031_A_XV,0.0,2002,6,18
M_031_A_XV,0.0,2002,6,19
M_031_A_XV,0.0,2002,6,20
M_031_A_XV,0.0,2002,6,21
M_031_A_XV,0.0190017037093639,2002,6,22
M_031_A_XV,0.0,2002,6,23
M_031_A_XV,0.0076006811577826,2002,6,24
M_031_A_XV,0.001900170231238,2002,6,25
M_031_A_XV,0.0190017037093639,2002,6,26
M_031_A_XV,0.8561328053474426,2002,6,27
M_031_A_XV,0.6736923307180405,2002,6,28
M_031_A_XV,1.182923424988985,2002,6,29
M_031_A_XV,1.602426365017891,2002,6,30
M_031_A_XV,0.6313277781009674,2002,7,1
M_031_A_XV,0.822925478219986,2002,7,2
M_031_A_XV,6.007845759391785,2002,7,3
M_031_A_XV,0.2130240015685558,2002,7,4
M_031_A_XV,0.0,2002,7,5
M_031_A_XV,0.0,2002,7,6
M_031_A_XV,0.0,2002,7,7
M_031_A_XV,0.0,2002,7,8
M_031_A_XV,0.0,2002,7,9
M_031_A_XV,0.6896833032369614,2002,7,10
M_031_A_XV,6.337286412715912,2002,7,11
M_031_A_XV,0.1998896114528179,2002,7,12
M_031_A_XV,0.3174133123829961,2002,7,13
M_031_A_XV,0.4970004446804523,2002,7,14
M_031_A_XV,0.0,2002,7,15
M_031_A_XV,0.2521261274814605,2002,7,16
M_031_A_XV,3.7095737755298615,2002,7,17
M_031_A_XV,0.2394214551895856,2002,7,18
M_031_A_XV,0.0,2002,7,19
M_031_A_XV,0.0,2002,7,20
M_031_A_XV,0.0,2002,7,21
M_031_A_XV,0.0,2002,7,22
M_031_A_XV,0.0,2002,7,23
M_031_A_XV,0.0,2002,7,24
M_031_A_XV,0.0057005109265446,2002,7,25
M_031_A_XV,0.0,2002,7,26
M_031_A_XV,0.0,2002,7,27
M_031_A_XV,6.394156515598297,2002,7,28
M_031_A_XV,1.2222867831587791,2002,7,29
M_031_A_XV,0.0,2002,7,30
M_031_A_XV,0.0,2002,7,31
M_031_A_XV,0.0,2002,8,1
M_031_A_XV,0.0,2002,8,2
M_031_A_XV,0.2848423421382904,2002,8,3
M_031_A_XV,0.0096829086542129,2002,8,4
M_031_A_XV,0.0,2002,8,5
M_031_A_XV,0.0190017037093639,2002,8,6
M_031_A_XV,0.2563626114279032,2002,8,7
M_031_A_XV,0.9009074047207832,2002,8,8
M_031_A_XV,0.7453212308464572,2002,8,9
M_031_A_XV,0.1526926839724183,2002,8,10
M_031_A_XV,0.0664240010082721,2002,8,11
M_031_A_XV,0.2828010804951191,2002,8,12
M_031_A_XV,0.7204140312969685,2002,8,13
M_031_A_XV,0.1870549879968166,2002,8,14
M_031_A_XV,0.1690911762416362,2002,8,15
M_031_A_XV,1.2630982398986816,2002,8,16
M_031_A_XV,0.7536382526159286,2002,8,17
M_031_A_XV,0.0,2002,8,18
M_031_A_XV,0.0,2002,8,19
M_031_A_XV,0.0,2002,8,20
M_031_A_XV,0.0,2002,8,21
M_031_A_XV,0.0,2002,8,22
M_031_A_XV,0.0,2002,8,23
M_031_A_XV,0.0,2002,8,24
M_031_A_XV,0.0708436891436576,2002,8,25
M_031_A_XV,0.9723948538303376,2002,8,26
M_031_A_XV,2.037040188908577,2002,8,27
M_031_A_XV,0.0,2002,8,28
M_031_A_XV,0.0,2002,8,29
M_031_A_XV,0.0,2002,8,30
M_031_A_XV,0.0509164854884147,2002,8,31
M_031_A_XV,0.115830797702074,2002,9,1
M_031_A_XV,0.6343266665935516,2002,9,2
M_031_A_XV,0.1489479392766952,2002,9,3
M_031_A_XV,0.1919148433953523,2002,9,4
M_031_A_XV,0.0,2002,9,5
M_031_A_XV,0.0,2002,9,6
M_031_A_XV,0.0,2002,9,7
M_031_A_XV,0.0380034074187278,2002,9,8
M_031_A_XV,1.066181719303131,2002,9,9
M_031_A_XV,2.68008853495121,2002,9,10
M_031_A_XV,1.2044958844780922,2002,9,11
M_031_A_XV,0.1403661519289016,2002,9,12
M_031_A_XV,0.1782657615840435,2002,9,13
M_031_A_XV,0.0,2002,9,14
M_031_A_XV,0.0,2002,9,15
M_031_A_XV,0.0,2002,9,16
M_031_A_XV,0.1216085329651832,2002,9,17
M_031_A_XV,0.6544108986854553,2002,9,18
M_031_A_XV,0.1215301249176263,2002,9,19
M_031_A_XV,0.0,2002,9,20
M_031_A_XV,0.0,2002,9,21
M_031_A_XV,0.0,2002,9,22
M_031_A_XV,0.0,2002,9,23
M_031_A_XV,0.0,2002,9,24
M_031_A_XV,0.0,2002,9,25
M_031_A_XV,0.0,2002,9,26
M_031_A_XV,0.5659300088882446,2002,9,27
M_031_A_XV,1.5021342746913433,2002,9,28
M_031_A_XV,2.828673534095288,2002,9,29
M_031_A_XV,0.0039823981933295,2002,9,30
M_031_A_XV,0.1366530805826187,2002,10,1
M_031_A_XV,0.2972929703537375,2002,10,2
M_031_A_XV,1.357147043570876,2002,10,3
M_031_A_XV,3.109108529984951,2002,10,4
M_031_A_XV,4.060093894600868,2002,10,5
M_031_A_XV,0.3275299738161266,2002,10,6
M_031_A_XV,0.0456017218530178,2002,10,7
M_031_A_XV,3.228480536490679,2002,10,8
M_031_A_XV,9.52877914905548,2002,10,9
M_031_A_XV,0.9214172102510928,2002,10,10
M_031_A_XV,0.0,2002,10,11
M_031_A_XV,1.347365066409111,2002,10,12
M_031_A_XV,3.855444610118866,2002,10,13
M_031_A_XV,0.0,2002,10,14
M_031_A_XV,0.0398239828646183,2002,10,15
M_031_A_XV,0.7223610281944275,2002,10,16
M_031_A_XV,2.759260727092624,2002,10,17
M_031_A_XV,0.0,2002,10,18
M_031_A_XV,0.0,2002,10,19
M_031_A_XV,0.0,2002,10,20
M_031_A_XV,1.1483042389154434,2002,10,21
M_031_A_XV,9.709702372550964,2002,10,22
M_031_A_XV,3.790387749671936,2002,10,23
M_031_A_XV,0.8605367671698332,2002,10,24
M_031_A_XV,2.5743446946144104,2002,10,25
M_031_A_XV,0.1332168579101562,2002,10,26
M_031_A_XV,0.0,2002,10,27
M_031_A_XV,0.0,2002,10,28
M_031_A_XV,0.0760068148374557,2002,10,29
M_031_A_XV,0.4495542459189892,2002,10,30
M_031_A_XV,0.8880836144089699,2002,10,31
M_031_A_XV,0.0210839314386248,2002,11,1
M_031_A_XV,0.3228685895446688,2002,11,2
M_031_A_XV,0.0,2002,11,3
M_031_A_XV,0.0,2002,11,4
M_031_A_XV,0.0,2002,11,5
M_031_A_XV,0.0513034164905548,2002,11,6
M_031_A_XV,2.19655579328537,2002,11,7
M_031_A_XV,1.3536905776709318,2002,11,8
M_031_A_XV,0.0300146136432886,2002,11,9
M_031_A_XV,0.0,2002,11,10
M_031_A_XV,0.0,2002,11,11
M_031_A_XV,0.0,2002,11,12
M_031_A_XV,0.0,2002,11,13
M_031_A_XV,0.7915750723332167,2002,11,14
M_031_A_XV,4.084633409976959,2002,11,15
M_031_A_XV,6.428355902433395,2002,11,16
M_031_A_XV,0.0229841023683547,2002,11,17
M_031_A_XV,1.1582961082458496,2002,11,18
M_031_A_XV,6.449809432029724,2002,11,19
M_031_A_XV,5.364095827564597,2002,11,20
M_031_A_XV,4.367823764681816,2002,11,21
M_031_A_XV,3.184796370565892,2002,11,22
M_031_A_XV,12.496638536453249,2002,11,23
M_031_A_XV,9.546636138111351,2002,11,24
M_031_A_XV,2.324430391192436,2002,11,25
M_031_A_XV,11.000470995903015,2002,11,26
M_031_A_XV,1.0876362137496471,2002,11,27
M_031_A_XV,0.0779069850686937,2002,11,28
M_031_A_XV,0.0,2002,11,29
M_031_A_XV,0.0,2002,11,30
M_031_A_XV,0.0950085148215293,2002,12,1
M_031_A_XV,4.288555383682251,2002,12,2
M_031_A_XV,4.332167863845825,2002,12,3
M_031_A_XV,4.172287367284298,2002,12,4
M_031_A_XV,11.53434693813324,2002,12,5
M_031_A_XV,0.0627056211233139,2002,12,6
M_031_A_XV,0.0,2002,12,7
M_031_A_XV,0.001900170231238,2002,12,8
M_031_A_XV,0.0,2002,12,9
M_031_A_XV,0.0,2002,12,10
M_031_A_XV,0.1177309642080217,2002,12,11
M_031_A_XV,2.673069305717945,2002,12,12
M_031_A_XV,0.629138421267271,2002,12,13
M_031_A_XV,0.0,2002,12,14
M_031_A_XV,0.0,2002,12,15
M_031_A_XV,0.0,2002,12,16
M_031_A_XV,2.205749195069074,2002,12,17
M_031_A_XV,17.054245948791504,2002,12,18
M_031_A_XV,2.74496902897954,2002,12,19
M_031_A_XV,9.602395743131638,2002,12,20
M_031_A_XV,11.892661839723589,2002,12,21
M_031_A_XV,0.89724175282754,2002,12,22
M_031_A_XV,0.0,2002,12,23
M_031_A_XV,0.0723961368203163,2002,12,24
M_031_A_XV,1.693426050245762,2002,12,25
M_031_A_XV,11.097892045974731,2002,12,26
M_031_A_XV,10.862735450267792,2002,12,27
M_031_A_XV,3.360927447676658,2002,12,28
M_031_A_XV,13.46679151058197,2002,12,29
M_031_A_XV,12.713162302970886,2002,12,30
M_031_A_XV,5.248630862683058,2002,12,31
M_031_A_XV,8.335212349891663,2003,1,1
M_031_A_XV,0.4289597272872925,2003,1,2
M_031_A_XV,0.0,2003,1,3
M_031_A_XV,0.0,2003,1,4
M_031_A_XV,0.0,2003,1,5
M_031_A_XV,0.0,2003,1,6
M_031_A_XV,3.983404317870736,2003,1,7
M_031_A_XV,6.890161845367402,2003,1,8
M_031_A_XV,1.0596567392349243,2003,1,9
M_031_A_XV,3.2909980565309525,2003,1,10
M_031_A_XV,17.144447684288025,2003,1,11
M_031_A_XV,7.144378304481506,2003,1,12
M_031_A_XV,2.2910128387156874,2003,1,13
M_031_A_XV,0.161508560180664,2003,1,14
M_031_A_XV,3.4369053267873824,2003,1,15
M_031_A_XV,7.435554035007954,2003,1,16
M_031_A_XV,8.060053944587708,2003,1,17
M_031_A_XV,3.516524970531464,2003,1,18
M_031_A_XV,11.135859727859495,2003,1,19
M_031_A_XV,11.105277508497238,2003,1,20
M_031_A_XV,0.5029954724013805,2003,1,21
M_031_A_XV,0.0380034074187278,2003,1,22
M_031_A_XV,2.5577796432189643,2003,1,23
M_031_A_XV,15.198873728513718,2003,1,24
M_031_A_XV,17.570751905441284,2003,1,25
M_031_A_XV,1.14998971670866,2003,1,26
M_031_A_XV,0.3990357629954815,2003,1,27
M_031_A_XV,2.8970049172639847,2003,1,28
M_031_A_XV,5.664211809635162,2003,1,29
M_031_A_XV,7.291087180376053,2003,1,30
M_031_A_XV,3.595564529299736,2003,1,31
M_031_A_XV,5.825014472007752,2003,2,1
M_031_A_XV,4.349526047706604,2003,2,2
M_031_A_XV,1.1925143487751484,2003,2,3
M_031_A_XV,9.214197516441343,2003,2,4
M_031_A_XV,11.983257532119753,2003,2,5
M_031_A_XV,0.7442357763648033,2003,2,6
M_031_A_XV,3.759358413517475,2003,2,7
M_031_A_XV,1.4936009496450424,2003,2,8
M_031_A_XV,0.3529541194438934,2003,2,9
M_031_A_XV,4.53046528249979,2003,2,10
M_031_A_XV,3.884318470954895,2003,2,11
M_031_A_XV,1.663097821176052,2003,2,12
M_031_A_XV,5.062034989707172,2003,2,13
M_031_A_XV,3.172728784382344,2003,2,14
M_031_A_XV,1.9557514116168024,2003,2,15
M_031_A_XV,2.9860811980906874,2003,2,16
M_031_A_XV,1.1889511346817017,2003,2,17
M_031_A_XV,3.762801783159375,2003,2,18
M_031_A_XV,6.79988219588995,2003,2,19
M_031_A_XV,1.600579235702753,2003,2,20
M_031_A_XV,0.9697519580367951,2003,2,21
M_031_A_XV,3.774100687354803,2003,2,22
M_031_A_XV,12.706963658332825,2003,2,23
M_031_A_XV,17.463507294654846,2003,2,24
M_031_A_XV,14.83733296394348,2003,2,25
M_031_A_XV,13.404626309871674,2003,2,26
M_031_A_XV,8.804813519120216,2003,2,27
M_031_A_XV,19.717866957187653,2003,2,28
M_031_A_XV,10.492394134402277,2003,3,1
M_031_A_XV,4.17217081785202,2003,3,2
M_031_A_XV,5.411504656076431,2003,3,3
M_031_A_XV,10.910495638847353,2003,3,4
M_031_A_XV,10.007607579231262,2003,3,5
M_031_A_XV,4.587291657924652,2003,3,6
M_031_A_XV,5.970795631408691,2003,3,7
M_031_A_XV,1.9535871967673304,2003,3,8
M_031_A_XV,2.5260692462325096,2003,3,9
M_031_A_XV,1.7477112114429474,2003,3,10
M_031_A_XV,1.451445591636002,2003,3,11
M_031_A_XV,2.2676993496716022,2003,3,12
M_031_A_XV,7.528920605778694,2003,3,13
M_031_A_XV,6.827741861343384,2003,3,14
M_031_A_XV,0.0,2003,3,15
M_031_A_XV,0.761044442653656,2003,3,16
M_031_A_XV,15.34325698018074,2003,3,17
M_031_A_XV,13.452196478843687,2003,3,18
M_031_A_XV,3.4035664498806,2003,3,19
M_031_A_XV,8.565287590026855,2003,3,20
M_031_A_XV,13.246025204658508,2003,3,21
M_031_A_XV,24.800917929038405,2003,3,22
M_031_A_XV,8.97230327129364,2003,3,23
M_031_A_XV,9.460386991500854,2003,3,24
M_031_A_XV,2.406694158911705,2003,3,25
M_031_A_XV,1.4248765110969543,2003,3,26
M_031_A_XV,2.017573595046997,2003,3,27
M_031_A_XV,1.7955797910690308,2003,3,28
M_031_A_XV,4.81867653131485,2003,3,29
M_031_A_XV,13.805272340774536,2003,3,30
M_031_A_XV,7.208791330456734,2003,3,31
M_031_A_XV,6.343018811196089,2003,4,1
M_031_A_XV,4.976967852097005,2003,4,2
M_031_A_XV,4.907347679138184,2003,4,3
M_031_A_XV,0.1122920969501137,2003,4,4
M_031_A_XV,0.0,2003,4,5
M_031_A_XV,0.0,2003,4,6
M_031_A_XV,0.0,2003,4,7
M_031_A_XV,0.0,2003,4,8
M_031_A_XV,0.0,2003,4,9
M_031_A_XV,0.0,2003,4,10
M_031_A_XV,0.0,2003,4,11
M_031_A_XV,0.8171537518501282,2003,4,12
M_031_A_XV,0.6783159524202347,2003,4,13
M_031_A_XV,0.1030757762491703,2003,4,14
M_031_A_XV,0.0950085148215293,2003,4,15
M_031_A_XV,1.1487708389759064,2003,4,16
M_031_A_XV,0.0,2003,4,17
M_031_A_XV,0.0,2003,4,18
M_031_A_XV,0.0,2003,4,19
M_031_A_XV,0.0,2003,4,20
M_031_A_XV,0.0,2003,4,21
M_031_A_XV,0.8659082055091858,2003,4,22
M_031_A_XV,0.8148728720843792,2003,4,23
M_031_A_XV,1.106869962066412,2003,4,24
M_031_A_XV,1.1406611315906048,2003,4,25
M_031_A_XV,2.1972814053297043,2003,4,26
M_031_A_XV,0.0039823981933295,2003,4,27
M_031_A_XV,0.1592959314584732,2003,4,28
M_031_A_XV,0.0721256956458091,2003,4,29
M_031_A_XV,0.171243131160736,2003,4,30
M_031_A_XV,0.0,2003,5,1
M_031_A_XV,0.0,2003,5,2
M_031_A_XV,0.0,2003,5,3
M_031_A_XV,0.0,2003,5,4
M_031_A_XV,0.0,2003,5,5
M_031_A_XV,0.0,2003,5,6
M_031_A_XV,0.0,2003,5,7
M_031_A_XV,0.0,2003,5,8
M_031_A_XV,0.0,2003,5,9
M_031_A_XV,0.0,2003,5,10
M_031_A_XV,0.8753916025161743,2003,5,11
M_031_A_XV,2.265780583024025,2003,5,12
M_031_A_XV,0.8048388212919235,2003,5,13
M_031_A_XV,1.113501537591219,2003,5,14
M_031_A_XV,0.5952860224060714,2003,5,15
M_031_A_XV,6.22571787238121,2003,5,16
M_031_A_XV,5.6942495703697205,2003,5,17
M_031_A_XV,2.872667640447617,2003,5,18
M_031_A_XV,2.455513775348664,2003,5,19
M_031_A_XV,0.0476863142102956,2003,5,20
M_031_A_XV,0.0,2003,5,21
M_031_A_XV,0.0,2003,5,22
M_031_A_XV,0.0,2003,5,23
M_031_A_XV,0.0,2003,5,24
M_031_A_XV,0.0,2003,5,25
M_031_A_XV,0.0,2003,5,26
M_031_A_XV,0.0,2003,5,27
M_031_A_XV,0.0,2003,5,28
M_031_A_XV,0.0,2003,5,29
M_031_A_XV,0.0,2003,5,30
M_031_A_XV,0.0,2003,5,31
M_031_A_XV,0.0,2003,6,1
M_031_A_XV,0.0,2003,6,2
M_031_A_XV,0.0,2003,6,3
M_031_A_XV,0.0,2003,6,4
M_031_A_XV,0.0,2003,6,5
M_031_A_XV,0.0,2003,6,6
M_031_A_XV,0.0,2003,6,7
M_031_A_XV,0.0,2003,6,8
M_031_A_XV,0.0,2003,6,9
M_031_A_XV,0.0,2003,6,10
M_031_A_XV,0.0,2003,6,11
M_031_A_XV,0.0,2003,6,12
M_031_A_XV,0.0,2003,6,13
M_031_A_XV,0.0,2003,6,14
M_031_A_XV,0.0,2003,6,15
M_031_A_XV,0.0,2003,6,16
M_031_A_XV,0.0,2003,6,17
M_031_A_XV,0.0,2003,6,18
M_031_A_XV,0.0,2003,6,19
M_031_A_XV,0.6406298279762268,2003,6,20
M_031_A_XV,0.0,2003,6,21
M_031_A_XV,0.0,2003,6,22
M_031_A_XV,0.0,2003,6,23
M_031_A_XV,0.0,2003,6,24
M_031_A_XV,0.0,2003,6,25
M_031_A_XV,0.0,2003,6,26
M_031_A_XV,0.0,2003,6,27
M_031_A_XV,0.0,2003,6,28
M_031_A_XV,0.0,2003,6,29
M_031_A_XV,0.0,2003,6,30
M_031_A_XV,0.0,2003,7,1
M_031_A_XV,0.0,2003,7,2
M_031_A_XV,0.0,2003,7,3
M_031_A_XV,0.0,2003,7,4
M_031_A_XV,0.0,2003,7,5
M_031_A_XV,0.0,2003,7,6
M_031_A_XV,0.0,2003,7,7
M_031_A_XV,0.0,2003,7,8
M_031_A_XV,0.0,2003,7,9
M_031_A_XV,0.0,2003,7,10
M_031_A_XV,0.0,2003,7,11
M_031_A_XV,0.0,2003,7,12
M_031_A_XV,0.0,2003,7,13
M_031_A_XV,0.0,2003,7,14
M_031_A_XV,0.0,2003,7,15
M_031_A_XV,0.0,2003,7,16
M_031_A_XV,0.7213436886668205,2003,7,17
M_031_A_XV,2.591126464307308,2003,7,18
M_031_A_XV,0.7598338285461068,2003,7,19
M_031_A_XV,0.8582459762692451,2003,7,20
M_031_A_XV,0.2389439046382904,2003,7,21
M_031_A_XV,0.0570051111280918,2003,7,22
M_031_A_XV,0.0,2003,7,23
M_031_A_XV,0.1158307939767837,2003,7,24
M_031_A_XV,0.0570051111280918,2003,7,25
M_031_A_XV,0.0380034074187278,2003,7,26
M_031_A_XV,0.0799892134964466,2003,7,27
M_031_A_XV,1.1161271035671234,2003,7,28
M_031_A_XV,0.1710153333842754,2003,7,29
M_031_A_XV,0.0305847823619842,2003,7,30
M_031_A_XV,0.0,2003,7,31
M_031_A_XV,0.0,2003,8,1
M_031_A_XV,0.8148618321865797,2003,8,2
M_031_A_XV,4.68474280834198,2003,8,3
M_031_A_XV,0.6395365465432405,2003,8,4
M_031_A_XV,0.0,2003,8,5
M_031_A_XV,0.0,2003,8,6
M_031_A_XV,0.001900170231238,2003,8,7
M_031_A_XV,0.0824431600049138,2003,8,8
M_031_A_XV,1.3288331851363182,2003,8,9
M_031_A_XV,0.9387759156525136,2003,8,10
M_031_A_XV,0.0190017037093639,2003,8,11
M_031_A_XV,0.0,2003,8,12
M_031_A_XV,0.0,2003,8,13
M_031_A_XV,0.0,2003,8,14
M_031_A_XV,0.0,2003,8,15
M_031_A_XV,0.0,2003,8,16
M_031_A_XV,0.0,2003,8,17
M_031_A_XV,0.0,2003,8,18
M_031_A_XV,0.0,2003,8,19
M_031_A_XV,0.0,2003,8,20
M_031_A_XV,0.0,2003,8,21
M_031_A_XV,0.0,2003,8,22
M_031_A_XV,0.0,2003,8,23
M_031_A_XV,0.0,2003,8,24
M_031_A_XV,0.0,2003,8,25
M_031_A_XV,0.0,2003,8,26
M_031_A_XV,0.0821104850620031,2003,8,27
M_031_A_XV,0.0,2003,8,28
M_031_A_XV,0.0,2003,8,29
M_031_A_XV,0.0,2003,8,30
M_031_A_XV,0.0,2003,8,31
M_031_A_XV,0.0,2003,9,1
M_031_A_XV,0.0556511096656322,2003,9,2
M_031_A_XV,0.3703728262335062,2003,9,3
M_031_A_XV,0.0,2003,9,4
M_031_A_XV,0.1728359125554561,2003,9,5
M_031_A_XV,0.0,2003,9,6
M_031_A_XV,0.0,2003,9,7
M_031_A_XV,0.0,2003,9,8
M_031_A_XV,0.0,2003,9,9
M_031_A_XV,0.0,2003,9,10
M_031_A_XV,0.0779058011248707,2003,9,11
M_031_A_XV,0.0589052813593298,2003,9,12
M_031_A_XV,0.0,2003,9,13
M_031_A_XV,0.0385495796799659,2003,9,14
M_031_A_XV,0.0,2003,9,15
M_031_A_XV,0.0,2003,9,16
M_031_A_XV,0.0,2003,9,17
M_031_A_XV,0.1309513747692108,2003,9,18
M_031_A_XV,0.4215895505622029,2003,9,19
M_031_A_XV,1.1469674427062273,2003,9,20
M_031_A_XV,2.160207986831665,2003,9,21
M_031_A_XV,0.4769522752612829,2003,9,22
M_031_A_XV,2.9327758587896824,2003,9,23
M_031_A_XV,0.7791135497391224,2003,9,24
M_031_A_XV,0.001900170231238,2003,9,25
M_031_A_XV,0.0,2003,9,26
M_031_A_XV,0.0,2003,9,27
M_031_A_XV,0.0,2003,9,28
M_031_A_XV,0.2161189615726471,2003,9,29
M_031_A_XV,2.2771047055721283,2003,9,30
M_031_A_XV,2.0395558550953865,2003,10,1
M_031_A_XV,3.777070701122284,2003,10,2
M_031_A_XV,3.888186573982239,2003,10,3
M_031_A_XV,0.0114010218530893,2003,10,4
M_031_A_XV,0.0,2003,10,5
M_031_A_XV,0.0,2003,10,6
M_031_A_XV,0.0,2003,10,7
M_031_A_XV,0.0,2003,10,8
M_031_A_XV,0.0,2003,10,9
M_031_A_XV,0.0,2003,10,10
M_031_A_XV,0.0,2003,10,11
M_031_A_XV,0.290726039558649,2003,10,12
M_031_A_XV,0.4764844104647636,2003,10,13
M_031_A_XV,0.4379855990409851,2003,10,14
M_031_A_XV,0.0,2003,10,15
M_031_A_XV,0.0,2003,10,16
M_031_A_XV,0.0,2003,10,17
M_031_A_XV,0.0,2003,10,18
M_031_A_XV,0.0,2003,10,19
M_031_A_XV,0.0,2003,10,20
M_031_A_XV,0.0,2003,10,21
M_031_A_XV,0.0,2003,10,22
M_031_A_XV,0.0,2003,10,23
M_031_A_XV,0.0,2003,10,24
M_031_A_XV,0.3968113102018833,2003,10,25
M_031_A_XV,0.0,2003,10,26
M_031_A_XV,0.0,2003,10,27
M_031_A_XV,3.028542157262564,2003,10,28
M_031_A_XV,1.1082839779555798,2003,10,29
M_031_A_XV,0.1520136259496212,2003,10,30
M_031_A_XV,0.0209018739406019,2003,10,31
M_031_A_XV,0.0190017037093639,2003,11,1
M_031_A_XV,0.0,2003,11,2
M_031_A_XV,0.0,2003,11,3
M_031_A_XV,0.0,2003,11,4
M_031_A_XV,0.0,2003,11,5
M_031_A_XV,0.0,2003,11,6
M_031_A_XV,0.0,2003,11,7
M_031_A_XV,1.863391473889351,2003,11,8
M_031_A_XV,3.094470340758562,2003,11,9
M_031_A_XV,5.466769695281982,2003,11,10
M_031_A_XV,0.1864092801697552,2003,11,11
M_031_A_XV,0.0799892097711563,2003,11,12
M_031_A_XV,2.699923675507307,2003,11,13
M_031_A_XV,0.4970901533961296,2003,11,14
M_031_A_XV,0.0,2003,11,15
M_031_A_XV,0.0,2003,11,16
M_031_A_XV,0.0,2003,11,17
M_031_A_XV,0.0,2003,11,18
M_031_A_XV,0.0,2003,11,19
M_031_A_XV,2.016333170235157,2003,11,20
M_031_A_XV,1.4268847443163395,2003,11,21
M_031_A_XV,0.5362432338297367,2003,11,22
M_031_A_XV,0.5198483467102051,2003,11,23
M_031_A_XV,0.8733489857986569,2003,11,24
M_031_A_XV,0.0209018739406019,2003,11,25
M_031_A_XV,0.0,2003,11,26
M_031_A_XV,4.280346058309078,2003,11,27
M_031_A_XV,0.1316339264158159,2003,11,28
M_031_A_XV,0.0950085148215293,2003,11,29
M_031_A_XV,0.3819342295173555,2003,11,30
M_031_A_XV,1.9961170982569456,2003,12,1
M_031_A_XV,0.0380034074187278,2003,12,2
M_031_A_XV,0.0,2003,12,3
M_031_A_XV,0.0,2003,12,4
M_031_A_XV,0.0411743149161338,2003,12,5
M_031_A_XV,7.193128101527691,2003,12,6
M_031_A_XV,1.8710382170975208,2003,12,7
M_031_A_XV,3.802397176623344,2003,12,8
M_031_A_XV,1.3319774800911546,2003,12,9
M_031_A_XV,0.1520136296749115,2003,12,10
M_031_A_XV,0.0,2003,12,11
M_031_A_XV,1.930678525939584,2003,12,12
M_031_A_XV,6.730827748775482,2003,12,13
M_031_A_XV,0.0,2003,12,14
M_031_A_XV,0.001900170231238,2003,12,15
M_031_A_XV,4.976608097553253,2003,12,16
M_031_A_XV,6.494022965431213,2003,12,17
M_031_A_XV,5.464840903878212,2003,12,18
M_031_A_XV,3.787441290915013,2003,12,19
M_031_A_XV,3.1295830085873604,2003,12,20
M_031_A_XV,3.1607623249292374,2003,12,21
M_031_A_XV,2.836745293810964,2003,12,22
M_031_A_XV,10.473732948303224,2003,12,23
M_031_A_XV,3.978982730768621,2003,12,24
M_031_A_XV,10.093826785683632,2003,12,25
M_031_A_XV,10.962011575698853,2003,12,26
M_031_A_XV,0.0178297627717256,2003,12,27
M_031_A_XV,0.0,2003,12,28
M_031_A_XV,10.70071280002594,2003,12,29
M_031_A_XV,3.6247411221265793,2003,12,30
M_031_A_XV,1.111993920058012,2003,12,31
M_031_A_XV,9.116306394338608,2004,1,1
M_031_A_XV,4.658940494060516,2004,1,2
M_031_A_XV,2.381472699344158,2004,1,3
M_031_A_XV,4.273196309804916,2004,1,4
M_031_A_XV,6.285672143101692,2004,1,5
M_031_A_XV,14.18948620557785,2004,1,6
M_031_A_XV,8.386511504650116,2004,1,7
M_031_A_XV,19.114678025245667,2004,1,8
M_031_A_XV,2.742565631866455,2004,1,9
M_031_A_XV,16.132637977600098,2004,1,10
M_031_A_XV,10.959239900112152,2004,1,11
M_031_A_XV,21.66394114494324,2004,1,12
M_031_A_XV,15.528175711631777,2004,1,13
M_031_A_XV,2.10737681388855,2004,1,14
M_031_A_XV,0.0402436978183686,2004,1,15
M_031_A_XV,1.745286799967289,2004,1,16
M_031_A_XV,4.292817503213882,2004,1,17
M_031_A_XV,5.472895979881287,2004,1,18
M_031_A_XV,2.176965449238196,2004,1,19
M_031_A_XV,0.175258258357644,2004,1,20
M_031_A_XV,0.0436799206072464,2004,1,21
M_031_A_XV,3.608746141195297,2004,1,22
M_031_A_XV,3.21650293469429,2004,1,23
M_031_A_XV,13.449307829141617,2004,1,24
M_031_A_XV,14.997324168682098,2004,1,25
M_031_A_XV,5.920461397618055,2004,1,26
M_031_A_XV,6.464047718793154,2004,1,27
M_031_A_XV,9.466056823730469,2004,1,28
M_031_A_XV,2.984670639038086,2004,1,29
M_031_A_XV,2.644160807132721,2004,1,30
M_031_A_XV,10.538628935813904,2004,1,31
M_031_A_XV,5.169153273105621,2004,2,1
M_031_A_XV,9.440560132265093,2004,2,2
M_031_A_XV,5.576167225837708,2004,2,3
M_031_A_XV,0.6628587204031646,2004,2,4
M_031_A_XV,13.658116817474363,2004,2,5
M_031_A_XV,10.250955820083618,2004,2,6
M_031_A_XV,12.150950867682695,2004,2,7
M_031_A_XV,22.6755919456482,2004,2,8
M_031_A_XV,22.57388734817505,2004,2,9
M_031_A_XV,20.437991678714752,2004,2,10
M_031_A_XV,15.07553118467331,2004,2,11
M_031_A_XV,14.277124926447868,2004,2,12
M_031_A_XV,4.821620248258114,2004,2,13
M_031_A_XV,1.92057740688324,2004,2,14
M_031_A_XV,0.6221501501277089,2004,2,15
M_031_A_XV,0.0,2004,2,16
M_031_A_XV,0.0,2004,2,17
M_031_A_XV,0.9274988174438475,2004,2,18
M_031_A_XV,8.102635893970728,2004,2,19
M_031_A_XV,18.770600080490112,2004,2,20
M_031_A_XV,1.1895164847373962,2004,2,21
M_031_A_XV,0.0,2004,2,22
M_031_A_XV,0.3666989803314209,2004,2,23
M_031_A_XV,0.5885668175760657,2004,2,24
M_031_A_XV,0.9233232140541076,2004,2,25
M_031_A_XV,2.2849439810961485,2004,2,26
M_031_A_XV,0.2371233142912387,2004,2,27
M_031_A_XV,0.1991199143230915,2004,2,28
M_031_A_XV,0.7009021043777466,2004,2,29
M_031_A_XV,0.9466727115213872,2004,3,1
M_031_A_XV,2.8926866948604584,2004,3,2
M_031_A_XV,5.242007255554199,2004,3,3
M_031_A_XV,0.5222284535411745,2004,3,4
M_031_A_XV,4.472847759723663,2004,3,5
M_031_A_XV,7.064306080341339,2004,3,6
M_031_A_XV,4.187821447849274,2004,3,7
M_031_A_XV,8.289519563317299,2004,3,8
M_031_A_XV,7.58109799772501,2004,3,9
M_031_A_XV,7.98385351896286,2004,3,10
M_031_A_XV,8.225414872169495,2004,3,11
M_031_A_XV,1.2001194134354591,2004,3,12
M_031_A_XV,2.488233059644699,2004,3,13
M_031_A_XV,4.669098123908043,2004,3,14
M_031_A_XV,8.16387489438057,2004,3,15
M_031_A_XV,4.740542888641357,2004,3,16
M_031_A_XV,3.197550132870674,2004,3,17
M_031_A_XV,2.8151117861270905,2004,3,18
M_031_A_XV,4.443033289164305,2004,3,19
M_031_A_XV,5.662937641143799,2004,3,20
M_031_A_XV,5.977836787700653,2004,3,21
M_031_A_XV,2.0409618467092514,2004,3,22
M_031_A_XV,6.390455603599548,2004,3,23
M_031_A_XV,5.14468820206821,2004,3,24
M_031_A_XV,0.9693820849061012,2004,3,25
M_031_A_XV,0.0,2004,3,26
M_031_A_XV,0.0,2004,3,27
M_031_A_XV,0.1729155033826828,2004,3,28
M_031_A_XV,3.026354532688856,2004,3,29
M_031_A_XV,9.2035071849823,2004,3,30
M_031_A_XV,2.718004912137985,2004,3,31
M_031_A_XV,6.062220435589552,2004,4,1
M_031_A_XV,4.901690021157265,2004,4,2
M_031_A_XV,8.92041027545929,2004,4,3
M_031_A_XV,3.394396223127842,2004,4,4
M_031_A_XV,4.900707319378853,2004,4,5
M_031_A_XV,1.556383728981018,2004,4,6
M_031_A_XV,0.9034575186669828,2004,4,7
M_031_A_XV,2.44135557115078,2004,4,8
M_031_A_XV,2.556266322731972,2004,4,9
M_031_A_XV,0.5197164919227362,2004,4,10
M_031_A_XV,0.0,2004,4,11
M_031_A_XV,0.0,2004,4,12
M_031_A_XV,0.1140102222561836,2004,4,13
M_031_A_XV,0.6702813506126404,2004,4,14
M_031_A_XV,2.4445211589336395,2004,4,15
M_031_A_XV,3.48025481402874,2004,4,16
M_031_A_XV,2.388919581659138,2004,4,17
M_031_A_XV,2.2795499861240387,2004,4,18
M_031_A_XV,0.0760068148374557,2004,4,19
M_031_A_XV,0.0057005109265446,2004,4,20
M_031_A_XV,0.0,2004,4,21
M_031_A_XV,0.0,2004,4,22
M_031_A_XV,0.0,2004,4,23
M_031_A_XV,0.0513034164905548,2004,4,24
M_031_A_XV,4.867541015148163,2004,4,25
M_031_A_XV,2.456060230731964,2004,4,26
M_031_A_XV,0.0,2004,4,27
M_031_A_XV,0.410448670387268,2004,4,28
M_031_A_XV,1.1065376438200474,2004,4,29
M_031_A_XV,0.0,2004,4,30
M_031_A_XV,0.0,2004,5,1
M_031_A_XV,0.0,2004,5,2
M_031_A_XV,0.0,2004,5,3
M_031_A_XV,0.0,2004,5,4
M_031_A_XV,0.0,2004,5,5
M_031_A_XV,0.0,2004,5,6
M_031_A_XV,0.0,2004,5,7
M_031_A_XV,0.0,2004,5,8
M_031_A_XV,0.0,2004,5,9
M_031_A_XV,0.0,2004,5,10
M_031_A_XV,0.0,2004,5,11
M_031_A_XV,0.0,2004,5,12
M_031_A_XV,0.0,2004,5,13
M_031_A_XV,0.0,2004,5,14
M_031_A_XV,0.0,2004,5,15
M_031_A_XV,0.0,2004,5,16
M_031_A_XV,0.0,2004,5,17
M_031_A_XV,0.0,2004,5,18
M_031_A_XV,0.0,2004,5,19
M_031_A_XV,0.0,2004,5,20
M_031_A_XV,0.0,2004,5,21
M_031_A_XV,0.0,2004,5,22
M_031_A_XV,0.0,2004,5,23
M_031_A_XV,0.0,2004,5,24
M_031_A_XV,0.0,2004,5,25
M_031_A_XV,0.0,2004,5,26
M_031_A_XV,0.0,2004,5,27
M_031_A_XV,0.0,2004,5,28
M_031_A_XV,0.0,2004,5,29
M_031_A_XV,0.0,2004,5,30
M_031_A_XV,0.0,2004,5,31
M_031_A_XV,0.0,2004,6,1
M_031_A_XV,0.0,2004,6,2
M_031_A_XV,0.0,2004,6,3
M_031_A_XV,0.0,2004,6,4
M_031_A_XV,0.0,2004,6,5
M_031_A_XV,0.0,2004,6,6
M_031_A_XV,0.14243318233639,2004,6,7
M_031_A_XV,0.001900170231238,2004,6,8
M_031_A_XV,0.0,2004,6,9
M_031_A_XV,0.0,2004,6,10
M_031_A_XV,0.0,2004,6,11
M_031_A_XV,0.0,2004,6,12
M_031_A_XV,0.0,2004,6,13
M_031_A_XV,0.0,2004,6,14
M_031_A_XV,0.0,2004,6,15
M_031_A_XV,0.0,2004,6,16
M_031_A_XV,0.0,2004,6,17
M_031_A_XV,0.0,2004,6,18
M_031_A_XV,0.0,2004,6,19
M_031_A_XV,0.0,2004,6,20
M_031_A_XV,0.0,2004,6,21
M_031_A_XV,0.0,2004,6,22
M_031_A_XV,0.0380034074187278,2004,6,23
M_031_A_XV,0.2175502032041549,2004,6,24
M_031_A_XV,0.0,2004,6,25
M_031_A_XV,0.0,2004,6,26
M_031_A_XV,0.0570051111280918,2004,6,27
M_031_A_XV,0.0,2004,6,28
M_031_A_XV,0.0307744443416595,2004,6,29
M_031_A_XV,0.3044347278773784,2004,6,30
M_031_A_XV,0.8440877944231033,2004,7,1
M_031_A_XV,4.667341828346252,2004,7,2
M_031_A_XV,6.294181942939758,2004,7,3
M_031_A_XV,2.0324770510196686,2004,7,4
M_031_A_XV,1.2347748610191047,2004,7,5
M_031_A_XV,1.5290150120854378,2004,7,6
M_031_A_XV,0.0,2004,7,7
M_031_A_XV,0.0,2004,7,8
M_031_A_XV,0.0,2004,7,9
M_031_A_XV,0.0,2004,7,10
M_031_A_XV,0.0,2004,7,11
M_031_A_XV,0.0,2004,7,12
M_031_A_XV,0.0,2004,7,13
M_031_A_XV,0.0,2004,7,14
M_031_A_XV,0.0,2004,7,15
M_031_A_XV,0.0,2004,7,16
M_031_A_XV,0.1500326732639223,2004,7,17
M_031_A_XV,0.0570051111280918,2004,7,18
M_031_A_XV,0.0,2004,7,19
M_031_A_XV,0.0,2004,7,20
M_031_A_XV,0.0,2004,7,21
M_031_A_XV,0.0,2004,7,22
M_031_A_XV,0.0,2004,7,23
M_031_A_XV,0.0171015337109565,2004,7,24
M_031_A_XV,0.1041212484706193,2004,7,25
M_031_A_XV,0.573572691064328,2004,7,26
M_031_A_XV,0.4088644841685891,2004,7,27
M_031_A_XV,0.0,2004,7,28
M_031_A_XV,0.0,2004,7,29
M_031_A_XV,0.0,2004,7,30
M_031_A_XV,0.0,2004,7,31
M_031_A_XV,0.0,2004,8,1
M_031_A_XV,0.0,2004,8,2
M_031_A_XV,0.0,2004,8,3
M_031_A_XV,0.0307744443416595,2004,8,4
M_031_A_XV,0.0058825686573982,2004,8,5
M_031_A_XV,0.0,2004,8,6
M_031_A_XV,0.7644710689783096,2004,8,7
M_031_A_XV,3.014275178313256,2004,8,8
M_031_A_XV,4.1209908202290535,2004,8,9
M_031_A_XV,5.04577898979187,2004,8,10
M_031_A_XV,8.064720630645752,2004,8,11
M_031_A_XV,0.9906059093773364,2004,8,12
M_031_A_XV,1.1190286725759506,2004,8,13
M_031_A_XV,0.3795793689787388,2004,8,14
M_031_A_XV,1.1085261348634958,2004,8,15
M_031_A_XV,1.7113283388316631,2004,8,16
M_031_A_XV,0.279083888977766,2004,8,17
M_031_A_XV,2.530690796673298,2004,8,18
M_031_A_XV,3.9290482699871054,2004,8,19
M_031_A_XV,1.6209310442209244,2004,8,20
M_031_A_XV,1.7164584025740623,2004,8,21
M_031_A_XV,0.5217016953974962,2004,8,22
M_031_A_XV,0.4863542281091213,2004,8,23
M_031_A_XV,3.753850694745779,2004,8,24
M_031_A_XV,2.089190114289522,2004,8,25
M_031_A_XV,0.0703063011169433,2004,8,26
M_031_A_XV,0.0,2004,8,27
M_031_A_XV,0.0,2004,8,28
M_031_A_XV,0.0709459334611892,2004,8,29
M_031_A_XV,0.6630361825227737,2004,8,30
M_031_A_XV,1.4756077751517296,2004,8,31
M_031_A_XV,1.718476690351963,2004,9,1
M_031_A_XV,2.5579428896307945,2004,9,2
M_031_A_XV,0.2433405742049217,2004,9,3
M_031_A_XV,0.0190017037093639,2004,9,4
M_031_A_XV,0.0568054765462875,2004,9,5
M_031_A_XV,0.0539546310901641,2004,9,6
M_031_A_XV,0.0,2004,9,7
M_031_A_XV,0.0968290939927101,2004,9,8
M_031_A_XV,2.840143531560898,2004,9,9
M_031_A_XV,0.999876287067309,2004,9,10
M_031_A_XV,0.0666880197823047,2004,9,11
M_031_A_XV,0.0,2004,9,12
M_031_A_XV,0.0,2004,9,13
M_031_A_XV,0.0,2004,9,14
M_031_A_XV,0.0,2004,9,15
M_031_A_XV,0.0,2004,9,16
M_031_A_XV,0.0,2004,9,17
M_031_A_XV,0.0,2004,9,18
M_031_A_XV,0.0,2004,9,19
M_031_A_XV,0.0352954119443893,2004,9,20
M_031_A_XV,0.0685858237557113,2004,9,21
M_031_A_XV,0.792088012676686,2004,9,22
M_031_A_XV,1.5565533968620002,2004,9,23
M_031_A_XV,1.1659249365329742,2004,9,24
M_031_A_XV,0.2052224949002266,2004,9,25
M_031_A_XV,4.259350210428238,2004,9,26
M_031_A_XV,5.165812432765961,2004,9,27
M_031_A_XV,0.0133011918514966,2004,9,28
M_031_A_XV,0.0,2004,9,29
M_031_A_XV,0.0,2004,9,30
M_031_A_XV,0.0,2004,10,1
M_031_A_XV,0.0,2004,10,2
M_031_A_XV,0.0,2004,10,3
M_031_A_XV,0.0273306146264076,2004,10,4
M_031_A_XV,1.499426782131195,2004,10,5
M_031_A_XV,4.748036894481629,2004,10,6
M_031_A_XV,0.2387047223746776,2004,10,7
M_031_A_XV,0.0,2004,10,8
M_031_A_XV,0.0,2004,10,9
M_031_A_XV,0.0,2004,10,10
M_031_A_XV,0.0,2004,10,11
M_031_A_XV,0.0,2004,10,12
M_031_A_XV,0.0,2004,10,13
M_031_A_XV,0.0,2004,10,14
M_031_A_XV,0.3070402219891548,2004,10,15
M_031_A_XV,0.0,2004,10,16
M_031_A_XV,0.0,2004,10,17
M_031_A_XV,0.0,2004,10,18
M_031_A_XV,0.2506632804870605,2004,10,19
M_031_A_XV,0.2033170498907566,2004,10,20
M_031_A_XV,0.0,2004,10,21
M_031_A_XV,0.0,2004,10,22
M_031_A_XV,0.0,2004,10,23
M_031_A_XV,0.0,2004,10,24
M_031_A_XV,0.0,2004,10,25
M_031_A_XV,0.0,2004,10,26
M_031_A_XV,0.001900170231238,2004,10,27
M_031_A_XV,1.5755376294255257,2004,10,28
M_031_A_XV,2.967645920813084,2004,10,29
M_031_A_XV,0.5085210204124451,2004,10,30
M_031_A_XV,1.6635599583387377,2004,10,31
M_031_A_XV,1.7473037540912628,2004,11,1
M_031_A_XV,0.0057005109265446,2004,11,2
M_031_A_XV,0.0096905138343572,2004,11,3
M_031_A_XV,0.2300786881241947,2004,11,4
M_031_A_XV,0.0760068148374557,2004,11,5
M_031_A_XV,6.6891979575157166,2004,11,6
M_031_A_XV,0.1331775858998298,2004,11,7
M_031_A_XV,0.0419858060777187,2004,11,8
M_031_A_XV,0.0190017037093639,2004,11,9
M_031_A_XV,0.0,2004,11,10
M_031_A_XV,0.0,2004,11,11
M_031_A_XV,0.0,2004,11,12
M_031_A_XV,0.0,2004,11,13
M_031_A_XV,0.001900170231238,2004,11,14
M_031_A_XV,0.0,2004,11,15
M_031_A_XV,0.0,2004,11,16
M_031_A_XV,0.1140102222561836,2004,11,17
M_031_A_XV,0.0,2004,11,18
M_031_A_XV,0.0,2004,11,19
M_031_A_XV,0.0,2004,11,20
M_031_A_XV,0.0,2004,11,21
M_031_A_XV,0.0,2004,11,22
M_031_A_XV,0.0,2004,11,23
M_031_A_XV,0.0,2004,11,24
M_031_A_XV,0.0058825686573982,2004,11,25
M_031_A_XV,0.0,2004,11,26
M_031_A_XV,0.0,2004,11,27
M_031_A_XV,0.0,2004,11,28
M_031_A_XV,0.0,2004,11,29
M_031_A_XV,1.132866512518376,2004,11,30
M_031_A_XV,2.268543541431427,2004,12,1
M_031_A_XV,0.1556547880172729,2004,12,2
M_031_A_XV,1.137953720986843,2004,12,3
M_031_A_XV,2.7102773864753544,2004,12,4
M_031_A_XV,3.7936086654663086,2004,12,5
M_031_A_XV,2.373682387173176,2004,12,6
M_031_A_XV,0.0456017218530178,2004,12,7
M_031_A_XV,0.0,2004,12,8
M_031_A_XV,1.238405305892229,2004,12,9
M_031_A_XV,6.3262510150671005,2004,12,10
M_031_A_XV,7.328462336212397,2004,12,11
M_031_A_XV,2.6336267236620188,2004,12,12
M_031_A_XV,3.689068328589201,2004,12,13
M_031_A_XV,0.7456963360309601,2004,12,14
M_031_A_XV,1.1253431113436818,2004,12,15
M_031_A_XV,1.7856894694268703,2004,12,16
M_031_A_XV,0.0778262065723538,2004,12,17
M_031_A_XV,1.52622839063406,2004,12,18
M_031_A_XV,6.876559961587191,2004,12,19
M_031_A_XV,3.6019307672977448,2004,12,20
M_031_A_XV,1.0475302264094353,2004,12,21
M_031_A_XV,0.143366664648056,2004,12,22
M_031_A_XV,0.0,2004,12,23
M_031_A_XV,0.0,2004,12,24
M_031_A_XV,0.1112540180329233,2004,12,25
M_031_A_XV,0.1254112422466278,2004,12,26
M_031_A_XV,0.7523831333965063,2004,12,27
M_031_A_XV,4.965256936848164,2004,12,28
M_031_A_XV,13.689276933670044,2004,12,29
M_031_A_XV,7.6962732672691345,2004,12,30
M_031_A_XV,8.507094964385033,2004,12,31
M_031_A_XV,3.886054497212172,2005,1,1
M_031_A_XV,4.039025962352753,2005,1,2
M_031_A_XV,12.639185726642609,2005,1,3
M_031_A_XV,10.775476098060608,2005,1,4
M_031_A_XV,0.4041050896048546,2005,1,5
M_031_A_XV,4.706309624016285,2005,1,6
M_031_A_XV,17.158087253570557,2005,1,7
M_031_A_XV,8.688971996307373,2005,1,8
M_031_A_XV,9.931302309036257,2005,1,9
M_031_A_XV,12.825424909591677,2005,1,10
M_031_A_XV,3.458587899804116,2005,1,11
M_031_A_XV,7.614998146891594,2005,1,12
M_031_A_XV,9.318195283412932,2005,1,13
M_031_A_XV,0.0508068539202213,2005,1,14
M_031_A_XV,0.0551363788545131,2005,1,15
M_031_A_XV,0.1366530805826187,2005,1,16
M_031_A_XV,1.2054744213819504,2005,1,17
M_031_A_XV,2.1027919203042984,2005,1,18
M_031_A_XV,7.392452925443649,2005,1,19
M_031_A_XV,9.956985354423525,2005,1,20
M_031_A_XV,3.95217696018517,2005,1,21
M_031_A_XV,1.0581521093845367,2005,1,22
M_031_A_XV,4.0347764529287815,2005,1,23
M_031_A_XV,2.323488414287567,2005,1,24
M_031_A_XV,2.402189321815968,2005,1,25
M_031_A_XV,3.09992303326726,2005,1,26
M_031_A_XV,0.1295985705219209,2005,1,27
M_031_A_XV,4.435799792408943,2005,1,28
M_031_A_XV,3.250222958624363,2005,1,29
M_031_A_XV,1.7610821723937988,2005,1,30
M_031_A_XV,5.871113508939743,2005,1,31
M_031_A_XV,14.38382363319397,2005,2,1
M_031_A_XV,9.797872304916382,2005,2,2
M_031_A_XV,14.72322952747345,2005,2,3
M_031_A_XV,3.2939839959144592,2005,2,4
M_031_A_XV,1.658050213009119,2005,2,5
M_031_A_XV,3.7218232452869415,2005,2,6
M_031_A_XV,5.307250618934631,2005,2,7
M_031_A_XV,6.847203452140093,2005,2,8
M_031_A_XV,15.84545922279358,2005,2,9
M_031_A_XV,14.568413436412811,2005,2,10
M_031_A_XV,20.20544326305389,2005,2,11
M_031_A_XV,13.032847046852112,2005,2,12
M_031_A_XV,14.24490451812744,2005,2,13
M_031_A_XV,14.478642046451569,2005,2,14
M_031_A_XV,12.117786228656769,2005,2,15
M_031_A_XV,7.456056125462055,2005,2,16
M_031_A_XV,7.440319880843162,2005,2,17
M_031_A_XV,4.404916331171989,2005,2,18
M_031_A_XV,10.17315051332116,2005,2,19
M_031_A_XV,9.446564048528671,2005,2,20
M_031_A_XV,12.526318669319153,2005,2,21
M_031_A_XV,6.124980837106705,2005,2,22
M_031_A_XV,2.1391588039696217,2005,2,23
M_031_A_XV,2.056453689932823,2005,2,24
M_031_A_XV,4.851724196225405,2005,2,25
M_031_A_XV,3.908013850450516,2005,2,26
M_031_A_XV,0.0513034164905548,2005,2,27
M_031_A_XV,0.0,2005,2,28
M_031_A_XV,1.1097716093063354,2005,3,1
M_031_A_XV,2.854086510837078,2005,3,2
M_031_A_XV,6.628917190711945,2005,3,3
M_031_A_XV,5.408908173441887,2005,3,4
M_031_A_XV,2.022343260818161,2005,3,5
M_031_A_XV,0.6413108110427856,2005,3,6
M_031_A_XV,0.8553007040172815,2005,3,7
M_031_A_XV,1.7960202991962433,2005,3,8
M_031_A_XV,3.4688356332480907,2005,3,9
M_031_A_XV,6.43282675743103,2005,3,10
M_031_A_XV,3.011189997196197,2005,3,11
M_031_A_XV,1.477846272289753,2005,3,12
M_031_A_XV,0.1159068420529365,2005,3,13
M_031_A_XV,2.4918035501614213,2005,3,14
M_031_A_XV,0.0380034074187278,2005,3,15
M_031_A_XV,0.0900590419769287,2005,3,16
M_031_A_XV,1.095149666070938,2005,3,17
M_031_A_XV,0.9298640340566636,2005,3,18
M_031_A_XV,1.8607919216156008,2005,3,19
M_031_A_XV,4.06815105676651,2005,3,20
M_031_A_XV,2.322378432378173,2005,3,21
M_031_A_XV,8.161793231964111,2005,3,22
M_031_A_XV,4.768589857965708,2005,3,23
M_031_A_XV,5.139613293111324,2005,3,24
M_031_A_XV,4.662712353747338,2005,3,25
M_031_A_XV,2.401453632861376,2005,3,26
M_031_A_XV,3.99481737613678,2005,3,27
M_031_A_XV,5.869830191135407,2005,3,28
M_031_A_XV,9.06779184192419,2005,3,29
M_031_A_XV,4.526900722645223,2005,3,30
M_031_A_XV,4.804844975471497,2005,3,31
M_031_A_XV,2.72283273935318,2005,4,1
M_031_A_XV,1.257707517594099,2005,4,2
M_031_A_XV,1.54244945012033,2005,4,3
M_031_A_XV,0.5307623147964478,2005,4,4
M_031_A_XV,2.6831781454384327,2005,4,5
M_031_A_XV,3.088209941983223,2005,4,6
M_031_A_XV,5.407537221908569,2005,4,7
M_031_A_XV,2.7240667529404163,2005,4,8
M_031_A_XV,6.7869585156440735,2005,4,9
M_031_A_XV,6.426499485969544,2005,4,10
M_031_A_XV,5.089448809623718,2005,4,11
M_031_A_XV,6.189696550369263,2005,4,12
M_031_A_XV,3.8256951570510864,2005,4,13
M_031_A_XV,1.272227607667446,2005,4,14
M_031_A_XV,3.682128563523293,2005,4,15
M_031_A_XV,5.835872828960419,2005,4,16
M_031_A_XV,0.8222153931856155,2005,4,17
M_031_A_XV,0.0,2005,4,18
M_031_A_XV,0.0,2005,4,19
M_031_A_XV,0.0,2005,4,20
M_031_A_XV,0.0,2005,4,21
M_031_A_XV,0.0,2005,4,22
M_031_A_XV,0.0,2005,4,23
M_031_A_XV,0.0013300009304657,2005,4,24
M_031_A_XV,0.001900170231238,2005,4,25
M_031_A_XV,0.0,2005,4,26
M_031_A_XV,0.0,2005,4,27
M_031_A_XV,0.0,2005,4,28
M_031_A_XV,0.0,2005,4,29
M_031_A_XV,0.0,2005,4,30
M_031_A_XV,0.0,2005,5,1
M_031_A_XV,0.0,2005,5,2
M_031_A_XV,0.0,2005,5,3
M_031_A_XV,0.0,2005,5,4
M_031_A_XV,0.1787184700369835,2005,5,5
M_031_A_XV,0.0,2005,5,6
M_031_A_XV,0.0,2005,5,7
M_031_A_XV,0.0,2005,5,8
M_031_A_XV,0.0,2005,5,9
M_031_A_XV,0.0,2005,5,10
M_031_A_XV,0.0,2005,5,11
M_031_A_XV,0.0114010218530893,2005,5,12
M_031_A_XV,0.0380034074187278,2005,5,13
M_031_A_XV,0.0,2005,5,14
M_031_A_XV,0.0,2005,5,15
M_031_A_XV,0.0,2005,5,16
M_031_A_XV,0.0398239828646183,2005,5,17
M_031_A_XV,0.0760068148374557,2005,5,18
M_031_A_XV,0.0,2005,5,19
M_031_A_XV,0.0,2005,5,20
M_031_A_XV,0.0,2005,5,21
M_031_A_XV,0.0,2005,5,22
M_031_A_XV,0.0,2005,5,23
M_031_A_XV,0.0,2005,5,24
M_031_A_XV,0.0,2005,5,25
M_031_A_XV,0.0,2005,5,26
M_031_A_XV,0.0,2005,5,27
M_031_A_XV,0.0,2005,5,28
M_031_A_XV,0.0,2005,5,29
M_031_A_XV,0.0,2005,5,30
M_031_A_XV,0.0,2005,5,31
M_031_A_XV,0.0,2005,6,1
M_031_A_XV,0.0,2005,6,2
M_031_A_XV,0.0,2005,6,3
M_031_A_XV,0.0,2005,6,4
M_031_A_XV,0.0,2005,6,5
M_031_A_XV,0.0,2005,6,6
M_031_A_XV,0.0,2005,6,7
M_031_A_XV,0.0,2005,6,8
M_031_A_XV,0.0,2005,6,9
M_031_A_XV,0.0,2005,6,10
M_031_A_XV,0.0,2005,6,11
M_031_A_XV,0.0,2005,6,12
M_031_A_XV,0.0,2005,6,13
M_031_A_XV,0.0,2005,6,14
M_031_A_XV,0.0,2005,6,15
M_031_A_XV,0.0,2005,6,16
M_031_A_XV,0.0,2005,6,17
M_031_A_XV,0.0,2005,6,18
M_031_A_XV,0.0,2005,6,19
M_031_A_XV,0.0,2005,6,20
M_031_A_XV,0.0,2005,6,21
M_031_A_XV,0.0,2005,6,22
M_031_A_XV,0.0,2005,6,23
M_031_A_XV,0.0,2005,6,24
M_031_A_XV,0.0,2005,6,25
M_031_A_XV,0.0,2005,6,26
M_031_A_XV,0.0,2005,6,27
M_031_A_XV,0.0,2005,6,28
M_031_A_XV,0.0,2005,6,29
M_031_A_XV,0.0,2005,6,30
M_031_A_XV,0.0,2005,7,1
M_031_A_XV,0.0,2005,7,2
M_031_A_XV,0.0,2005,7,3
M_031_A_XV,0.0,2005,7,4
M_031_A_XV,0.0,2005,7,5
M_031_A_XV,0.0,2005,7,6
M_031_A_XV,0.0,2005,7,7
M_031_A_XV,0.0,2005,7,8
M_031_A_XV,0.0,2005,7,9
M_031_A_XV,0.0,2005,7,10
M_031_A_XV,0.0,2005,7,11
M_031_A_XV,0.0,2005,7,12
M_031_A_XV,0.0,2005,7,13
M_031_A_XV,0.0,2005,7,14
M_031_A_XV,0.0,2005,7,15
M_031_A_XV,0.0,2005,7,16
M_031_A_XV,0.0,2005,7,17
M_031_A_XV,0.0,2005,7,18
M_031_A_XV,0.0,2005,7,19
M_031_A_XV,0.0,2005,7,20
M_031_A_XV,0.0,2005,7,21
M_031_A_XV,0.003800340462476,2005,7,22
M_031_A_XV,0.0057005109265446,2005,7,23
M_031_A_XV,0.0,2005,7,24
M_031_A_XV,0.0,2005,7,25
M_031_A_XV,0.0,2005,7,26
M_031_A_XV,0.0,2005,7,27
M_031_A_XV,0.0,2005,7,28
M_031_A_XV,0.0,2005,7,29
M_031_A_XV,0.0,2005,7,30
M_031_A_XV,0.0,2005,7,31
M_031_A_XV,0.0,2005,8,1
M_031_A_XV,0.0,2005,8,2
M_031_A_XV,0.0,2005,8,3
M_031_A_XV,0.0,2005,8,4
M_031_A_XV,0.0,2005,8,5
M_031_A_XV,0.0190017037093639,2005,8,6
M_031_A_XV,0.0516687147319316,2005,8,7
M_031_A_XV,0.0,2005,8,8
M_031_A_XV,0.0,2005,8,9
M_031_A_XV,0.0,2005,8,10
M_031_A_XV,0.0,2005,8,11
M_031_A_XV,0.0,2005,8,12
M_031_A_XV,0.0,2005,8,13
M_031_A_XV,0.0,2005,8,14
M_031_A_XV,0.0,2005,8,15
M_031_A_XV,0.0,2005,8,16
M_031_A_XV,0.0,2005,8,17
M_031_A_XV,0.0,2005,8,18
M_031_A_XV,0.0190017037093639,2005,8,19
M_031_A_XV,0.1183795407414436,2005,8,20
M_031_A_XV,0.0,2005,8,21
M_031_A_XV,0.0,2005,8,22
M_031_A_XV,0.0,2005,8,23
M_031_A_XV,0.0,2005,8,24
M_031_A_XV,0.0,2005,8,25
M_031_A_XV,0.0,2005,8,26
M_031_A_XV,0.0,2005,8,27
M_031_A_XV,0.0,2005,8,28
M_031_A_XV,0.0,2005,8,29
M_031_A_XV,0.0,2005,8,30
M_031_A_XV,0.0,2005,8,31
M_031_A_XV,0.0,2005,9,1
M_031_A_XV,0.0,2005,9,2
M_031_A_XV,0.0,2005,9,3
M_031_A_XV,0.0,2005,9,4
M_031_A_XV,0.0,2005,9,5
M_031_A_XV,0.0,2005,9,6
M_031_A_XV,0.0,2005,9,7
M_031_A_XV,0.0190017037093639,2005,9,8
M_031_A_XV,0.1140102185308933,2005,9,9
M_031_A_XV,0.007600680924952,2005,9,10
M_031_A_XV,0.4737746571190655,2005,9,11
M_031_A_XV,2.3365346491336823,2005,9,12
M_031_A_XV,1.762555792927742,2005,9,13
M_031_A_XV,2.8975307568907738,2005,9,14
M_031_A_XV,1.7337210178375244,2005,9,15
M_031_A_XV,2.391284942626953,2005,9,16
M_031_A_XV,0.1333596259355545,2005,9,17
M_031_A_XV,0.007600680924952,2005,9,18
M_031_A_XV,0.5679869689047337,2005,9,19
M_031_A_XV,1.0353253409266472,2005,9,20
M_031_A_XV,0.0057005109265446,2005,9,21
M_031_A_XV,0.0,2005,9,22
M_031_A_XV,0.0,2005,9,23
M_031_A_XV,0.0,2005,9,24
M_031_A_XV,0.0,2005,9,25
M_031_A_XV,0.0,2005,9,26
M_031_A_XV,0.0,2005,9,27
M_031_A_XV,0.0,2005,9,28
M_031_A_XV,0.0,2005,9,29
M_031_A_XV,0.0,2005,9,30
M_031_A_XV,0.0,2005,10,1
M_031_A_XV,0.0,2005,10,2
M_031_A_XV,0.1539102494716644,2005,10,3
M_031_A_XV,0.1552426209673285,2005,10,4
M_031_A_XV,0.0380034074187278,2005,10,5
M_031_A_XV,0.144783467054367,2005,10,6
M_031_A_XV,0.0300146136432886,2005,10,7
M_031_A_XV,0.963513609021902,2005,10,8
M_031_A_XV,9.859838247299194,2005,10,9
M_031_A_XV,3.072062775492668,2005,10,10
M_031_A_XV,0.0,2005,10,11
M_031_A_XV,0.0,2005,10,12
M_031_A_XV,0.0,2005,10,13
M_031_A_XV,0.0,2005,10,14
M_031_A_XV,0.1304063946008682,2005,10,15
M_031_A_XV,0.0233482159674167,2005,10,16
M_031_A_XV,0.1796995662152767,2005,10,17
M_031_A_XV,0.0,2005,10,18
M_031_A_XV,0.007600680924952,2005,10,19
M_031_A_XV,0.0,2005,10,20
M_031_A_XV,0.0,2005,10,21
M_031_A_XV,0.0,2005,10,22
M_031_A_XV,0.0,2005,10,23
M_031_A_XV,0.0,2005,10,24
M_031_A_XV,0.0,2005,10,25
M_031_A_XV,0.0,2005,10,26
M_031_A_XV,0.0,2005,10,27
M_031_A_XV,0.0,2005,10,28
M_031_A_XV,0.0,2005,10,29
M_031_A_XV,0.0,2005,10,30
M_031_A_XV,0.0,2005,10,31
M_031_A_XV,0.0,2005,11,1
M_031_A_XV,0.0,2005,11,2
M_031_A_XV,0.0,2005,11,3
M_031_A_XV,0.0612402148544788,2005,11,4
M_031_A_XV,4.186461240053177,2005,11,5
M_031_A_XV,2.742301173508168,2005,11,6
M_031_A_XV,7.159361779689789,2005,11,7
M_031_A_XV,18.883544087409973,2005,11,8
M_031_A_XV,7.094949960708618,2005,11,9
M_031_A_XV,2.498007211368531,2005,11,10
M_031_A_XV,0.0,2005,11,11
M_031_A_XV,0.0,2005,11,12
M_031_A_XV,0.0,2005,11,13
M_031_A_XV,0.0,2005,11,14
M_031_A_XV,0.2773681357502937,2005,11,15
M_031_A_XV,0.0,2005,11,16
M_031_A_XV,0.0,2005,11,17
M_031_A_XV,0.0,2005,11,18
M_031_A_XV,0.3038668672088533,2005,11,19
M_031_A_XV,6.994281455874443,2005,11,20
M_031_A_XV,0.9424040804151446,2005,11,21
M_031_A_XV,0.2609708397649228,2005,11,22
M_031_A_XV,0.0,2005,11,23
M_031_A_XV,0.0,2005,11,24
M_031_A_XV,0.0588256865739822,2005,11,25
M_031_A_XV,0.0575512798968702,2005,11,26
M_031_A_XV,0.0,2005,11,27
M_031_A_XV,0.0,2005,11,28
M_031_A_XV,0.0,2005,11,29
M_031_A_XV,0.6093509616330266,2005,11,30
M_031_A_XV,1.1502619329839945,2005,12,1
M_031_A_XV,3.405934125185013,2005,12,2
M_031_A_XV,1.3342657461762428,2005,12,3
M_031_A_XV,0.1141126784496009,2005,12,4
M_031_A_XV,0.0,2005,12,5
M_031_A_XV,0.0,2005,12,6
M_031_A_XV,0.0,2005,12,7
M_031_A_XV,0.0,2005,12,8
M_031_A_XV,0.1031876278575509,2005,12,9
M_031_A_XV,0.4904399255756289,2005,12,10
M_031_A_XV,9.977144479751589,2005,12,11
M_031_A_XV,10.900722056627274,2005,12,12
M_031_A_XV,14.86077117919922,2005,12,13
M_031_A_XV,7.309320449829102,2005,12,14
M_031_A_XV,0.9793845228850842,2005,12,15
M_031_A_XV,0.7884864211082458,2005,12,16
M_031_A_XV,0.3182463347911834,2005,12,17
M_031_A_XV,1.3175016284221783,2005,12,18
M_031_A_XV,11.130248922854662,2005,12,19
M_031_A_XV,5.956453502178192,2005,12,20
M_031_A_XV,4.039916500449181,2005,12,21
M_031_A_XV,5.390679687261581,2005,12,22
M_031_A_XV,2.891956090927124,2005,12,23
M_031_A_XV,14.128221362829208,2005,12,24
M_031_A_XV,9.298824787139893,2005,12,25
M_031_A_XV,18.643423050642014,2005,12,26
M_031_A_XV,18.74112367630005,2005,12,27
M_031_A_XV,6.0325526893138885,2005,12,28
M_031_A_XV,10.217221230268478,2005,12,29
M_031_A_XV,11.284144401550291,2005,12,30
M_031_A_XV,16.368766620755196,2005,12,31
M_031_A_XV,5.950449526309967,2006,1,1
M_031_A_XV,2.0786772053688765,2006,1,2
M_031_A_XV,2.7014739215374,2006,1,3
M_031_A_XV,11.904686778783798,2006,1,4
M_031_A_XV,11.12822687625885,2006,1,5
M_031_A_XV,3.0991177782416344,2006,1,6
M_031_A_XV,0.2269966974854469,2006,1,7
M_031_A_XV,0.4270524978637695,2006,1,8
M_031_A_XV,1.2499729990959167,2006,1,9
M_031_A_XV,0.5352089107036591,2006,1,10
M_031_A_XV,3.568748451769352,2006,1,11
M_031_A_XV,11.321820184588432,2006,1,12
M_031_A_XV,18.176843985915184,2006,1,13
M_031_A_XV,20.526969730854034,2006,1,14
M_031_A_XV,11.810296967625618,2006,1,15
M_031_A_XV,25.654856979846954,2006,1,16
M_031_A_XV,19.77312183380127,2006,1,17
M_031_A_XV,10.418129742145538,2006,1,18
M_031_A_XV,0.1889394260942936,2006,1,19
M_031_A_XV,2.751151403412223,2006,1,20
M_031_A_XV,7.780333518981934,2006,1,21
M_031_A_XV,8.047423243522644,2006,1,22
M_031_A_XV,12.837971031665802,2006,1,23
M_031_A_XV,8.243974566459656,2006,1,24
M_031_A_XV,10.731323063373566,2006,1,25
M_031_A_XV,17.154675036668777,2006,1,26
M_031_A_XV,8.609991542994976,2006,1,27
M_031_A_XV,6.648002637550235,2006,1,28
M_031_A_XV,18.83885389566421,2006,1,29
M_031_A_XV,25.227052986621857,2006,1,30
M_031_A_XV,14.6183510273695,2006,1,31
M_031_A_XV,20.99726495146752,2006,2,1
M_031_A_XV,22.186938405036926,2006,2,2
M_031_A_XV,11.103751882910728,2006,2,3
M_031_A_XV,12.96026974916458,2006,2,4
M_031_A_XV,18.682883381843567,2006,2,5
M_031_A_XV,17.14759111404419,2006,2,6
M_031_A_XV,19.82652950286865,2006,2,7
M_031_A_XV,12.991629660129547,2006,2,8
M_031_A_XV,31.12059497833252,2006,2,9
M_031_A_XV,19.58858752250672,2006,2,10
M_031_A_XV,9.865502446889876,2006,2,11
M_031_A_XV,6.290984187275171,2006,2,12
M_031_A_XV,0.0,2006,2,13
M_031_A_XV,0.0,2006,2,14
M_031_A_XV,0.0,2006,2,15
M_031_A_XV,0.0,2006,2,16
M_031_A_XV,0.6603825427591801,2006,2,17
M_031_A_XV,5.416006952524185,2006,2,18
M_031_A_XV,5.449503213167191,2006,2,19
M_031_A_XV,8.64810636639595,2006,2,20
M_031_A_XV,7.089517898391932,2006,2,21
M_031_A_XV,5.989220887422562,2006,2,22
M_031_A_XV,8.549745321273804,2006,2,23
M_031_A_XV,5.814238935709,2006,2,24
M_031_A_XV,2.098784290254116,2006,2,25
M_031_A_XV,0.0817073257640004,2006,2,26
M_031_A_XV,0.0,2006,2,27
M_031_A_XV,6.895108598750085,2006,2,28
M_031_A_XV,10.620502769947052,2006,3,1
M_031_A_XV,15.747414708137512,2006,3,2
M_031_A_XV,10.873511247336864,2006,3,3
M_031_A_XV,16.234851598739624,2006,3,4
M_031_A_XV,6.133869975805283,2006,3,5
M_031_A_XV,11.897547714412212,2006,3,6
M_031_A_XV,3.10212972946465,2006,3,7
M_031_A_XV,4.025081790983677,2006,3,8
M_031_A_XV,1.4572109580039978,2006,3,9
M_031_A_XV,2.81438285112381,2006,3,10
M_031_A_XV,9.231061697006226,2006,3,11
M_031_A_XV,5.179009661078453,2006,3,12
M_031_A_XV,1.5597979798913002,2006,3,13
M_031_A_XV,3.966944319196045,2006,3,14
M_031_A_XV,3.8592512011528015,2006,3,15
M_031_A_XV,5.546898365020752,2006,3,16
M_031_A_XV,4.5487240254879,2006,3,17
M_031_A_XV,3.8545448407530793,2006,3,18
M_031_A_XV,5.023277051746845,2006,3,19
M_031_A_XV,14.740276217460632,2006,3,20
M_031_A_XV,22.0883309841156,2006,3,21
M_031_A_XV,14.838366508483888,2006,3,22
M_031_A_XV,12.71520322561264,2006,3,23
M_031_A_XV,16.445445895195007,2006,3,24
M_031_A_XV,11.423948764801024,2006,3,25
M_031_A_XV,12.020563125610352,2006,3,26
M_031_A_XV,15.97739528119564,2006,3,27
M_031_A_XV,17.387283980846405,2006,3,28
M_031_A_XV,6.580199554562569,2006,3,29
M_031_A_XV,15.180850386619568,2006,3,30
M_031_A_XV,4.805653810501099,2006,3,31
M_031_A_XV,11.429298102855682,2006,4,1
M_031_A_XV,11.642765998840332,2006,4,2
M_031_A_XV,15.060356736183168,2006,4,3
M_031_A_XV,2.2238015234470367,2006,4,4
M_031_A_XV,3.2069798186421394,2006,4,5
M_031_A_XV,4.884270176291466,2006,4,6
M_031_A_XV,0.7999934628605843,2006,4,7
M_031_A_XV,0.0361032336950302,2006,4,8
M_031_A_XV,0.5193095626309514,2006,4,9
M_031_A_XV,0.012731022783555,2006,4,10
M_031_A_XV,0.3242710657650605,2006,4,11
M_031_A_XV,0.594426654279232,2006,4,12
M_031_A_XV,0.9431650787591934,2006,4,13
M_031_A_XV,3.308149605989456,2006,4,14
M_031_A_XV,1.2055991371162236,2006,4,15
M_031_A_XV,4.0816994830966,2006,4,16
M_031_A_XV,5.764432370662689,2006,4,17
M_031_A_XV,0.3249255828559398,2006,4,18
M_031_A_XV,0.0,2006,4,19
M_031_A_XV,0.0,2006,4,20
M_031_A_XV,0.0,2006,4,21
M_031_A_XV,0.0,2006,4,22
M_031_A_XV,0.0,2006,4,23
M_031_A_XV,0.0,2006,4,24
M_031_A_XV,0.0961213037371635,2006,4,25
M_031_A_XV,0.0792117975652217,2006,4,26
M_031_A_XV,0.6633803281001747,2006,4,27
M_031_A_XV,0.6733665466308594,2006,4,28
M_031_A_XV,1.5138904377818108,2006,4,29
M_031_A_XV,3.8808354288339615,2006,4,30
M_031_A_XV,4.00783608853817,2006,5,1
M_031_A_XV,1.9153721407055853,2006,5,2
M_031_A_XV,1.8149074912071228,2006,5,3
M_031_A_XV,0.3913531268481165,2006,5,4
M_031_A_XV,0.0,2006,5,5
M_031_A_XV,0.0,2006,5,6
M_031_A_XV,0.0,2006,5,7
M_031_A_XV,0.0,2006,5,8
M_031_A_XV,0.0,2006,5,9
M_031_A_XV,0.0,2006,5,10
M_031_A_XV,0.0,2006,5,11
M_031_A_XV,0.0,2006,5,12
M_031_A_XV,0.0,2006,5,13
M_031_A_XV,0.0,2006,5,14
M_031_A_XV,0.0,2006,5,15
M_031_A_XV,0.0,2006,5,16
M_031_A_XV,0.0,2006,5,17
M_031_A_XV,0.0,2006,5,18
M_031_A_XV,0.0,2006,5,19
M_031_A_XV,0.0,2006,5,20
M_031_A_XV,0.0,2006,5,21
M_031_A_XV,0.0,2006,5,22
M_031_A_XV,0.0,2006,5,23
M_031_A_XV,0.0,2006,5,24
M_031_A_XV,0.0,2006,5,25
M_031_A_XV,0.0,2006,5,26
M_031_A_XV,0.0,2006,5,27
M_031_A_XV,0.0,2006,5,28
M_031_A_XV,0.0,2006,5,29
M_031_A_XV,0.0,2006,5,30
M_031_A_XV,0.0172835905104875,2006,5,31
M_031_A_XV,0.2098722960799932,2006,6,1
M_031_A_XV,0.1459858883172273,2006,6,2
M_031_A_XV,0.0,2006,6,3
M_031_A_XV,0.0,2006,6,4
M_031_A_XV,0.0,2006,6,5
M_031_A_XV,0.0,2006,6,6
M_031_A_XV,0.0,2006,6,7
M_031_A_XV,0.0,2006,6,8
M_031_A_XV,0.0,2006,6,9
M_031_A_XV,0.0,2006,6,10
M_031_A_XV,0.0,2006,6,11
M_031_A_XV,0.0,2006,6,12
M_031_A_XV,0.0,2006,6,13
M_031_A_XV,0.0,2006,6,14
M_031_A_XV,0.0,2006,6,15
M_031_A_XV,0.0,2006,6,16
M_031_A_XV,0.0,2006,6,17
M_031_A_XV,0.0,2006,6,18
M_031_A_XV,0.0,2006,6,19
M_031_A_XV,0.0,2006,6,20
M_031_A_XV,0.0,2006,6,21
M_031_A_XV,0.0,2006,6,22
M_031_A_XV,0.001900170231238,2006,6,23
M_031_A_XV,0.0136729106307029,2006,6,24
M_031_A_XV,0.0,2006,6,25
M_031_A_XV,0.0,2006,6,26
M_031_A_XV,0.0190017037093639,2006,6,27
M_031_A_XV,0.0,2006,6,28
M_031_A_XV,0.0,2006,6,29
M_031_A_XV,0.0,2006,6,30
M_031_A_XV,0.0,2006,7,1
M_031_A_XV,0.0,2006,7,2
M_031_A_XV,0.0,2006,7,3
M_031_A_XV,0.0,2006,7,4
M_031_A_XV,0.0,2006,7,5
M_031_A_XV,0.0,2006,7,6
M_031_A_XV,0.0,2006,7,7
M_031_A_XV,0.0,2006,7,8
M_031_A_XV,0.0,2006,7,9
M_031_A_XV,0.0,2006,7,10
M_031_A_XV,0.0,2006,7,11
M_031_A_XV,0.0,2006,7,12
M_031_A_XV,0.0,2006,7,13
M_031_A_XV,0.0,2006,7,14
M_031_A_XV,0.0,2006,7,15
M_031_A_XV,0.0,2006,7,16
M_031_A_XV,0.0,2006,7,17
M_031_A_XV,0.0,2006,7,18
M_031_A_XV,0.0,2006,7,19
M_031_A_XV,0.0,2006,7,20
M_031_A_XV,0.0,2006,7,21
M_031_A_XV,0.0,2006,7,22
M_031_A_XV,0.0,2006,7,23
M_031_A_XV,0.0,2006,7,24
M_031_A_XV,0.0,2006,7,25
M_031_A_XV,0.0,2006,7,26
M_031_A_XV,0.0,2006,7,27
M_031_A_XV,0.0,2006,7,28
M_031_A_XV,0.0,2006,7,29
M_031_A_XV,0.0,2006,7,30
M_031_A_XV,0.0,2006,7,31
M_031_A_XV,0.0,2006,8,1
M_031_A_XV,0.0,2006,8,2
M_031_A_XV,0.0,2006,8,3
M_031_A_XV,0.001900170231238,2006,8,4
M_031_A_XV,0.0,2006,8,5
M_031_A_XV,0.0,2006,8,6
M_031_A_XV,0.0,2006,8,7
M_031_A_XV,0.0,2006,8,8
M_031_A_XV,0.0,2006,8,9
M_031_A_XV,0.0986496657133102,2006,8,10
M_031_A_XV,0.3987958095967769,2006,8,11
M_031_A_XV,0.3460903316736221,2006,8,12
M_031_A_XV,1.1792141497135162,2006,8,13
M_031_A_XV,0.7869028225541115,2006,8,14
M_031_A_XV,0.2203225903213024,2006,8,15
M_031_A_XV,0.0133011920843273,2006,8,16
M_031_A_XV,0.0,2006,8,17
M_031_A_XV,0.0,2006,8,18
M_031_A_XV,0.0,2006,8,19
M_031_A_XV,0.0,2006,8,20
M_031_A_XV,0.0,2006,8,21
M_031_A_XV,0.0,2006,8,22
M_031_A_XV,0.0,2006,8,23
M_031_A_XV,0.1538342088460922,2006,8,24
M_031_A_XV,0.0,2006,8,25
M_031_A_XV,0.0,2006,8,26
M_031_A_XV,0.0,2006,8,27
M_031_A_XV,0.0380034074187278,2006,8,28
M_031_A_XV,0.2596964342519641,2006,8,29
M_031_A_XV,0.2127151153981685,2006,8,30
M_031_A_XV,0.0,2006,8,31
M_031_A_XV,0.0,2006,9,1
M_031_A_XV,0.0,2006,9,2
M_031_A_XV,0.0,2006,9,3
M_031_A_XV,0.0,2006,9,4
M_031_A_XV,0.0,2006,9,5
M_031_A_XV,0.0,2006,9,6
M_031_A_XV,0.0,2006,9,7
M_031_A_XV,0.0,2006,9,8
M_031_A_XV,0.0,2006,9,9
M_031_A_XV,0.0,2006,9,10
M_031_A_XV,0.0,2006,9,11
M_031_A_XV,0.0,2006,9,12
M_031_A_XV,0.3717158511281013,2006,9,13
M_031_A_XV,0.0,2006,9,14
M_031_A_XV,0.0,2006,9,15
M_031_A_XV,0.0057005109265446,2006,9,16
M_031_A_XV,0.0,2006,9,17
M_031_A_XV,1.3813034072518349,2006,9,18
M_031_A_XV,1.184194192290306,2006,9,19
M_031_A_XV,0.0,2006,9,20
M_031_A_XV,0.0,2006,9,21
M_031_A_XV,0.0,2006,9,22
M_031_A_XV,0.0,2006,9,23
M_031_A_XV,0.0,2006,9,24
M_031_A_XV,2.013382196426392,2006,9,25
M_031_A_XV,2.41766220331192,2006,9,26
M_031_A_XV,8.531888365745544,2006,9,27
M_031_A_XV,12.23505198955536,2006,9,28
M_031_A_XV,1.057673692703247,2006,9,29
M_031_A_XV,0.0,2006,9,30
M_031_A_XV,0.0,2006,10,1
M_031_A_XV,0.019547875970602,2006,10,2
M_031_A_XV,0.0190017037093639,2006,10,3
M_031_A_XV,0.0,2006,10,4
M_031_A_XV,0.0,2006,10,5
M_031_A_XV,0.0,2006,10,6
M_031_A_XV,0.0,2006,10,7
M_031_A_XV,0.0,2006,10,8
M_031_A_XV,0.0398239828646183,2006,10,9
M_031_A_XV,0.0,2006,10,10
M_031_A_XV,0.0,2006,10,11
M_031_A_XV,0.0570051111280918,2006,10,12
M_031_A_XV,0.0,2006,10,13
M_031_A_XV,0.0,2006,10,14
M_031_A_XV,0.0,2006,10,15
M_031_A_XV,0.0380034074187278,2006,10,16
M_031_A_XV,0.0704883600119501,2006,10,17
M_031_A_XV,0.0,2006,10,18
M_031_A_XV,0.0892360135912895,2006,10,19
M_031_A_XV,1.4527424909174442,2006,10,20
M_031_A_XV,4.968817177694291,2006,10,21
M_031_A_XV,7.6220343708992,2006,10,22
M_031_A_XV,0.1936581879854202,2006,10,23
M_031_A_XV,0.0,2006,10,24
M_031_A_XV,1.626320719718933,2006,10,25
M_031_A_XV,5.121890000998974,2006,10,26
M_031_A_XV,5.102187931537628,2006,10,27
M_031_A_XV,4.36743038892746,2006,10,28
M_031_A_XV,1.860727146267891,2006,10,29
M_031_A_XV,1.7898617386817932,2006,10,30
M_031_A_XV,2.13624594733119,2006,10,31
M_031_A_XV,0.2506632804870605,2006,11,1
M_031_A_XV,0.0618977956473827,2006,11,2
M_031_A_XV,0.837485371157527,2006,11,3
M_031_A_XV,3.280145972967148,2006,11,4
M_031_A_XV,2.121923074126244,2006,11,5
M_031_A_XV,1.0136908143758774,2006,11,6
M_031_A_XV,9.218154147267342,2006,11,7
M_031_A_XV,2.6451607942581177,2006,11,8
M_031_A_XV,0.1502943243831396,2006,11,9
M_031_A_XV,0.0,2006,11,10
M_031_A_XV,0.0,2006,11,11
M_031_A_XV,3.371769066900015,2006,11,12
M_031_A_XV,1.407862747088075,2006,11,13
M_031_A_XV,3.4083724915981293,2006,11,14
M_031_A_XV,2.5585791766643524,2006,11,15
M_031_A_XV,0.3162780478596687,2006,11,16
M_031_A_XV,0.7812809348106384,2006,11,17
M_031_A_XV,1.2168885136488825,2006,11,18
M_031_A_XV,1.9123523570597167,2006,11,19
M_031_A_XV,7.365388035774231,2006,11,20
M_031_A_XV,5.750778913497925,2006,11,21
M_031_A_XV,2.3154670000076294,2006,11,22
M_031_A_XV,0.0476863160729408,2006,11,23
M_031_A_XV,0.0,2006,11,24
M_031_A_XV,1.9802211821079247,2006,11,25
M_031_A_XV,3.756674885749817,2006,11,26
M_031_A_XV,0.2228801215533167,2006,11,27
M_031_A_XV,0.0,2006,11,28
M_031_A_XV,0.0039823981933295,2006,11,29
M_031_A_XV,2.078169656917453,2006,11,30
M_031_A_XV,0.2381991595029831,2006,12,1
M_031_A_XV,0.0,2006,12,2
M_031_A_XV,0.3515255749225616,2006,12,3
M_031_A_XV,6.934643079526722,2006,12,4
M_031_A_XV,6.679018951952457,2006,12,5
M_031_A_XV,1.4665321800857782,2006,12,6
M_031_A_XV,5.351548135280609,2006,12,7
M_031_A_XV,0.1456785518676042,2006,12,8
M_031_A_XV,0.0,2006,12,9
M_031_A_XV,0.0159295927733182,2006,12,10
M_031_A_XV,0.2463167756795883,2006,12,11
M_031_A_XV,0.0327892079949379,2006,12,12
M_031_A_XV,0.0278743058443069,2006,12,13
M_031_A_XV,0.3448692485690117,2006,12,14
M_031_A_XV,3.8862657472491264,2006,12,15
M_031_A_XV,9.609799206256866,2006,12,16
M_031_A_XV,6.253085166215897,2006,12,17
M_031_A_XV,11.76497346162796,2006,12,18
M_031_A_XV,15.728720843791962,2006,12,19
M_031_A_XV,9.003590822219849,2006,12,20
M_031_A_XV,8.593539409339428,2006,12,21
M_031_A_XV,4.118573237210512,2006,12,22
M_031_A_XV,0.824560028500855,2006,12,23
M_031_A_XV,0.0,2006,12,24
M_031_A_XV,0.0,2006,12,25
M_031_A_XV,8.883649706840515,2006,12,26
M_031_A_XV,8.840041160583496,2006,12,27
M_031_A_XV,6.94518905878067,2006,12,28
M_031_A_XV,14.59997147321701,2006,12,29
M_031_A_XV,4.21569861471653,2006,12,30
M_031_A_XV,19.32738277316093,2006,12,31
M_031_A_XV,14.364041030406952,2007,1,1
M_031_A_XV,0.0,2007,1,2
M_031_A_XV,0.0,2007,1,3
M_031_A_XV,1.7222378738224506,2007,1,4
M_031_A_XV,10.983186274766922,2007,1,5
M_031_A_XV,11.807342767715454,2007,1,6
M_031_A_XV,14.59126615524292,2007,1,7
M_031_A_XV,7.980728242080659,2007,1,8
M_031_A_XV,9.4738921681419,2007,1,9
M_031_A_XV,16.58241617679596,2007,1,10
M_031_A_XV,5.036308288574219,2007,1,11
M_031_A_XV,7.891831256449223,2007,1,12
M_031_A_XV,14.000095129013062,2007,1,13
M_031_A_XV,14.802143573760986,2007,1,14
M_031_A_XV,9.177383303642271,2007,1,15
M_031_A_XV,5.317982405424118,2007,1,16
M_031_A_XV,0.0,2007,1,17
M_031_A_XV,0.5429347157478333,2007,1,18
M_031_A_XV,0.5625528581440449,2007,1,19
M_031_A_XV,1.2381840124726295,2007,1,20
M_031_A_XV,1.480300895869732,2007,1,21
M_031_A_XV,6.351979300379753,2007,1,22
M_031_A_XV,13.188331007957458,2007,1,23
M_031_A_XV,0.3634207546710968,2007,1,24
M_031_A_XV,0.0,2007,1,25
M_031_A_XV,0.0,2007,1,26
M_031_A_XV,1.8970268815755844,2007,1,27
M_031_A_XV,0.0133000090718269,2007,1,28
M_031_A_XV,0.0,2007,1,29
M_031_A_XV,0.0,2007,1,30
M_031_A_XV,0.0,2007,1,31
M_031_A_XV,0.0,2007,2,1
M_031_A_XV,1.0911979898810389,2007,2,2
M_031_A_XV,0.0,2007,2,3
M_031_A_XV,0.0,2007,2,4
M_031_A_XV,0.7613190859556198,2007,2,5
M_031_A_XV,0.003800340462476,2007,2,6
M_031_A_XV,2.475010316818953,2007,2,7
M_031_A_XV,2.8631057292222977,2007,2,8
M_031_A_XV,9.173163294792175,2007,2,9
M_031_A_XV,12.317423030734062,2007,2,10
M_031_A_XV,14.533332493156196,2007,2,11
M_031_A_XV,11.148999854922296,2007,2,12
M_031_A_XV,15.53024297952652,2007,2,13
M_031_A_XV,1.344693649560213,2007,2,14
M_031_A_XV,0.218736175680533,2007,2,15
M_031_A_XV,0.0267844425980001,2007,2,16
M_031_A_XV,0.0039823981933295,2007,2,17
M_031_A_XV,0.0306642167270183,2007,2,18
M_031_A_XV,0.0,2007,2,19
M_031_A_XV,0.0588256865739822,2007,2,20
M_031_A_XV,9.463368594646454,2007,2,21
M_031_A_XV,9.045394375920296,2007,2,22
M_031_A_XV,4.0298001463525,2007,2,23
M_031_A_XV,2.5182790756225586,2007,2,24
M_031_A_XV,6.4185616709291935,2007,2,25
M_031_A_XV,2.738738626241684,2007,2,26
M_031_A_XV,3.5531642213463783,2007,2,27
M_031_A_XV,3.3403783291578293,2007,2,28
M_031_A_XV,7.557322025299072,2007,3,1
M_031_A_XV,10.71302342414856,2007,3,2
M_031_A_XV,15.54553723335266,2007,3,3
M_031_A_XV,9.226522490382196,2007,3,4
M_031_A_XV,10.745134055614471,2007,3,5
M_031_A_XV,13.71015227586031,2007,3,6
M_031_A_XV,12.893720090389252,2007,3,7
M_031_A_XV,19.833120703697205,2007,3,8
M_031_A_XV,4.605078190565109,2007,3,9
M_031_A_XV,2.0386827513575554,2007,3,10
M_031_A_XV,0.3608731660060584,2007,3,11
M_031_A_XV,3.5893049277365208,2007,3,12
M_031_A_XV,5.061763912439346,2007,3,13
M_031_A_XV,10.417590379714966,2007,3,14
M_031_A_XV,26.92982575297356,2007,3,15
M_031_A_XV,10.232834577560425,2007,3,16
M_031_A_XV,4.912439674139023,2007,3,17
M_031_A_XV,15.253610372543337,2007,3,18
M_031_A_XV,8.837358057498932,2007,3,19
M_031_A_XV,1.802909761667252,2007,3,20
M_031_A_XV,1.987354477867484,2007,3,21
M_031_A_XV,1.8820392386987803,2007,3,22
M_031_A_XV,1.6474231407046318,2007,3,23
M_031_A_XV,1.8886780478060248,2007,3,24
M_031_A_XV,1.1519672870635986,2007,3,25
M_031_A_XV,1.4352157125249505,2007,3,26
M_031_A_XV,2.0466363504529,2007,3,27
M_031_A_XV,4.859809100627899,2007,3,28
M_031_A_XV,12.601665675640106,2007,3,29
M_031_A_XV,1.7386241257190704,2007,3,30
M_031_A_XV,6.791812691837549,2007,3,31
M_031_A_XV,10.991685271263124,2007,4,1
M_031_A_XV,12.65662133693695,2007,4,2
M_031_A_XV,0.9063800536096096,2007,4,3
M_031_A_XV,0.5227288901805878,2007,4,4
M_031_A_XV,0.001900170231238,2007,4,5
M_031_A_XV,0.0380034074187278,2007,4,6
M_031_A_XV,0.0,2007,4,7
M_031_A_XV,0.0588256865739822,2007,4,8
M_031_A_XV,1.2037398528773338,2007,4,9
M_031_A_XV,0.9115825574845076,2007,4,10
M_031_A_XV,4.185691982507706,2007,4,11
M_031_A_XV,4.177815765142441,2007,4,12
M_031_A_XV,4.494984656572342,2007,4,13
M_031_A_XV,0.0058825686573982,2007,4,14
M_031_A_XV,0.0611671973019838,2007,4,15
M_031_A_XV,0.5150569081306458,2007,4,16
M_031_A_XV,0.1035423502326011,2007,4,17
M_031_A_XV,0.0,2007,4,18
M_031_A_XV,0.0,2007,4,19
M_031_A_XV,0.0,2007,4,20
M_031_A_XV,0.0,2007,4,21
M_031_A_XV,0.0096829086542129,2007,4,22
M_031_A_XV,0.0248842723667621,2007,4,23
M_031_A_XV,0.0380034074187278,2007,4,24
M_031_A_XV,0.0780890360474586,2007,4,25
M_031_A_XV,0.0780890360474586,2007,4,26
M_031_A_XV,0.312616690993309,2007,4,27
M_031_A_XV,0.1639508530497551,2007,4,28
M_031_A_XV,0.2052172163967043,2007,4,29
M_031_A_XV,0.5168439354747534,2007,4,30
M_031_A_XV,0.0761941114906221,2007,5,1
M_031_A_XV,0.5097192488610744,2007,5,2
M_031_A_XV,1.0793184265494349,2007,5,3
M_031_A_XV,1.1534105986356735,2007,5,4
M_031_A_XV,1.7187044769525528,2007,5,5
M_031_A_XV,0.1366530805826187,2007,5,6
M_031_A_XV,0.4519197978079319,2007,5,7
M_031_A_XV,0.0,2007,5,8
M_031_A_XV,0.0,2007,5,9
M_031_A_XV,0.0,2007,5,10
M_031_A_XV,0.0,2007,5,11
M_031_A_XV,0.0,2007,5,12
M_031_A_XV,0.0,2007,5,13
M_031_A_XV,0.0,2007,5,14
M_031_A_XV,0.0190017037093639,2007,5,15
M_031_A_XV,0.0,2007,5,16
M_031_A_XV,0.0,2007,5,17
M_031_A_XV,0.0,2007,5,18
M_031_A_XV,0.0,2007,5,19
M_031_A_XV,0.0,2007,5,20
M_031_A_XV,0.0,2007,5,21
M_031_A_XV,0.0,2007,5,22
M_031_A_XV,0.0,2007,5,23
M_031_A_XV,0.0,2007,5,24
M_031_A_XV,0.0,2007,5,25
M_031_A_XV,0.0,2007,5,26
M_031_A_XV,0.0,2007,5,27
M_031_A_XV,0.0,2007,5,28
M_031_A_XV,0.0,2007,5,29
M_031_A_XV,0.0,2007,5,30
M_031_A_XV,0.0,2007,5,31
M_031_A_XV,0.0,2007,6,1
M_031_A_XV,0.0,2007,6,2
M_031_A_XV,0.0,2007,6,3
M_031_A_XV,0.0,2007,6,4
M_031_A_XV,0.001900170231238,2007,6,5
M_031_A_XV,0.0,2007,6,6
M_031_A_XV,0.0740258658770471,2007,6,7
M_031_A_XV,0.0176477059721946,2007,6,8
M_031_A_XV,0.0,2007,6,9
M_031_A_XV,0.0,2007,6,10
M_031_A_XV,0.0,2007,6,11
M_031_A_XV,0.0,2007,6,12
M_031_A_XV,0.0,2007,6,13
M_031_A_XV,0.0,2007,6,14
M_031_A_XV,0.0,2007,6,15
M_031_A_XV,0.0,2007,6,16
M_031_A_XV,0.0,2007,6,17
M_031_A_XV,0.0,2007,6,18
M_031_A_XV,0.0,2007,6,19
M_031_A_XV,0.0822131093591451,2007,6,20
M_031_A_XV,0.1889386065304279,2007,6,21
M_031_A_XV,0.0352954119443893,2007,6,22
M_031_A_XV,0.0,2007,6,23
M_031_A_XV,0.1026876643300056,2007,6,24
M_031_A_XV,0.569786075502634,2007,6,25
M_031_A_XV,0.0,2007,6,26
M_031_A_XV,0.0,2007,6,27
M_031_A_XV,0.0,2007,6,28
M_031_A_XV,0.0,2007,6,29
M_031_A_XV,0.0,2007,6,30
M_031_A_XV,0.0,2007,7,1
M_031_A_XV,0.0,2007,7,2
M_031_A_XV,0.0,2007,7,3
M_031_A_XV,0.0,2007,7,4
M_031_A_XV,0.0,2007,7,5
M_031_A_XV,0.0,2007,7,6
M_031_A_XV,0.0096829086542129,2007,7,7
M_031_A_XV,0.2768143117427826,2007,7,8
M_031_A_XV,0.5651625022292137,2007,7,9
M_031_A_XV,0.0471161473542451,2007,7,10
M_031_A_XV,0.0,2007,7,11
M_031_A_XV,0.0,2007,7,12
M_031_A_XV,0.0,2007,7,13
M_031_A_XV,0.0,2007,7,14
M_031_A_XV,0.001900170231238,2007,7,15
M_031_A_XV,0.0,2007,7,16
M_031_A_XV,0.0,2007,7,17
M_031_A_XV,0.0,2007,7,18
M_031_A_XV,0.0,2007,7,19
M_031_A_XV,0.0076006811577826,2007,7,20
M_031_A_XV,0.0,2007,7,21
M_031_A_XV,0.0,2007,7,22
M_031_A_XV,0.0,2007,7,23
M_031_A_XV,0.0,2007,7,24
M_031_A_XV,0.0,2007,7,25
M_031_A_XV,0.0,2007,7,26
M_031_A_XV,0.0,2007,7,27
M_031_A_XV,0.0115830786526203,2007,7,28
M_031_A_XV,0.123992858454585,2007,7,29
M_031_A_XV,0.0685085952281951,2007,7,30
M_031_A_XV,0.7332388460636139,2007,7,31
M_031_A_XV,0.459442064166069,2007,8,1
M_031_A_XV,0.172265738248825,2007,8,2
M_031_A_XV,0.0902498951181769,2007,8,3
M_031_A_XV,0.0171015337109565,2007,8,4
M_031_A_XV,0.0,2007,8,5
M_031_A_XV,0.0,2007,8,6
M_031_A_XV,0.0,2007,8,7
M_031_A_XV,0.0,2007,8,8
M_031_A_XV,0.0,2007,8,9
M_031_A_XV,0.0,2007,8,10
M_031_A_XV,0.0,2007,8,11
M_031_A_XV,0.0,2007,8,12
M_031_A_XV,0.0,2007,8,13
M_031_A_XV,0.0,2007,8,14
M_031_A_XV,0.0138473641127347,2007,8,15
M_031_A_XV,0.0,2007,8,16
M_031_A_XV,0.0,2007,8,17
M_031_A_XV,0.0,2007,8,18
M_031_A_XV,0.0,2007,8,19
M_031_A_XV,0.0,2007,8,20
M_031_A_XV,0.0,2007,8,21
M_031_A_XV,0.0,2007,8,22
M_031_A_XV,0.0,2007,8,23
M_031_A_XV,0.0,2007,8,24
M_031_A_XV,0.0,2007,8,25
M_031_A_XV,0.0,2007,8,26
M_031_A_XV,0.0,2007,8,27
M_031_A_XV,0.0,2007,8,28
M_031_A_XV,0.0,2007,8,29
M_031_A_XV,0.0260322149842977,2007,8,30
M_031_A_XV,1.08690738491714,2007,8,31
M_031_A_XV,0.6888082067016512,2007,9,1
M_031_A_XV,0.5805699750781059,2007,9,2
M_031_A_XV,0.0,2007,9,3
M_031_A_XV,0.0,2007,9,4
M_031_A_XV,0.0,2007,9,5
M_031_A_XV,0.1635171175003051,2007,9,6
M_031_A_XV,0.2241405043751001,2007,9,7
M_031_A_XV,0.0,2007,9,8
M_031_A_XV,0.0190017037093639,2007,9,9
M_031_A_XV,0.0133011918514966,2007,9,10
M_031_A_XV,0.001900170231238,2007,9,11
M_031_A_XV,0.1186488571111112,2007,9,12
M_031_A_XV,2.24883596599102,2007,9,13
M_031_A_XV,0.6223613722249866,2007,9,14
M_031_A_XV,1.4155163541436195,2007,9,15
M_031_A_XV,1.8763764798641205,2007,9,16
M_031_A_XV,0.8312158733606339,2007,9,17
M_031_A_XV,0.0,2007,9,18
M_031_A_XV,0.1311105717904865,2007,9,19
M_031_A_XV,0.001900170231238,2007,9,20
M_031_A_XV,0.0190017037093639,2007,9,21
M_031_A_XV,0.7676871418952942,2007,9,22
M_031_A_XV,0.0114010218530893,2007,9,23
M_031_A_XV,1.1882153861224651,2007,9,24
M_031_A_XV,1.4971810318529606,2007,9,25
M_031_A_XV,0.1330119222402572,2007,9,26
M_031_A_XV,0.3759937584400177,2007,9,27
M_031_A_XV,1.916261814534664,2007,9,28
M_031_A_XV,4.18914520740509,2007,9,29
M_031_A_XV,0.3565952777862549,2007,9,30
M_031_A_XV,0.4871805310249328,2007,10,1
M_031_A_XV,1.6151366904377935,2007,10,2
M_031_A_XV,1.8748732656240463,2007,10,3
M_031_A_XV,0.0190017037093639,2007,10,4
M_031_A_XV,0.0,2007,10,5
M_031_A_XV,0.0,2007,10,6
M_031_A_XV,0.0190017037093639,2007,10,7
M_031_A_XV,0.0,2007,10,8
M_031_A_XV,0.0,2007,10,9
M_031_A_XV,0.0153834205120801,2007,10,10
M_031_A_XV,0.001900170231238,2007,10,11
M_031_A_XV,0.0,2007,10,12
M_031_A_XV,0.0,2007,10,13
M_031_A_XV,0.0,2007,10,14
M_031_A_XV,0.0,2007,10,15
M_031_A_XV,3.718730390071869,2007,10,16
M_031_A_XV,6.717577040195465,2007,10,17
M_031_A_XV,0.0281144436448812,2007,10,18
M_031_A_XV,0.0,2007,10,19
M_031_A_XV,0.0190017037093639,2007,10,20
M_031_A_XV,1.6286734752357006,2007,10,21
M_031_A_XV,0.0,2007,10,22
M_031_A_XV,0.003230171278119,2007,10,23
M_031_A_XV,0.3774360306560993,2007,10,24
M_031_A_XV,0.0208930857479572,2007,10,25
M_031_A_XV,0.0,2007,10,26
M_031_A_XV,0.0,2007,10,27
M_031_A_XV,5.066899120807648,2007,10,28
M_031_A_XV,11.451299488544464,2007,10,29
M_031_A_XV,6.877904422581196,2007,10,30
M_031_A_XV,0.0171015337109565,2007,10,31
M_031_A_XV,0.0,2007,11,1
M_031_A_XV,0.0,2007,11,2
M_031_A_XV,0.0,2007,11,3
M_031_A_XV,0.0,2007,11,4
M_031_A_XV,0.0,2007,11,5
M_031_A_XV,0.0,2007,11,6
M_031_A_XV,0.1778310611844062,2007,11,7
M_031_A_XV,0.0,2007,11,8
M_031_A_XV,0.0,2007,11,9
M_031_A_XV,0.0,2007,11,10
M_031_A_XV,0.0,2007,11,11
M_031_A_XV,0.0,2007,11,12
M_031_A_XV,0.0,2007,11,13
M_031_A_XV,0.0,2007,11,14
M_031_A_XV,0.593768727267161,2007,11,15
M_031_A_XV,0.143745606765151,2007,11,16
M_031_A_XV,0.955174658447504,2007,11,17
M_031_A_XV,2.621770918369293,2007,11,18
M_031_A_XV,6.624843239784241,2007,11,19
M_031_A_XV,2.5655066557228565,2007,11,20
M_031_A_XV,7.674947369843721,2007,11,21
M_031_A_XV,9.81949919462204,2007,11,22
M_031_A_XV,0.7338873092085123,2007,11,23
M_031_A_XV,0.003230171278119,2007,11,24
M_031_A_XV,0.0,2007,11,25
M_031_A_XV,0.0,2007,11,26
M_031_A_XV,0.0,2007,11,27
M_031_A_XV,0.3869282528758049,2007,11,28
M_031_A_XV,0.7760146083310246,2007,11,29
M_031_A_XV,0.2401257008314132,2007,11,30
M_031_A_XV,1.3078452087938786,2007,12,1
M_031_A_XV,11.958408415317535,2007,12,2
M_031_A_XV,4.3420517928898335,2007,12,3
M_031_A_XV,0.0039823981933295,2007,12,4
M_031_A_XV,0.0,2007,12,5
M_031_A_XV,0.0,2007,12,6
M_031_A_XV,0.0,2007,12,7
M_031_A_XV,0.0,2007,12,8
M_031_A_XV,0.0373306144028902,2007,12,9
M_031_A_XV,0.0,2007,12,10
M_031_A_XV,0.0,2007,12,11
M_031_A_XV,3.243450339883566,2007,12,12
M_031_A_XV,4.831531208008528,2007,12,13
M_031_A_XV,1.492228865623474,2007,12,14
M_031_A_XV,8.274268180131912,2007,12,15
M_031_A_XV,4.628261253237724,2007,12,16
M_031_A_XV,1.634890079498291,2007,12,17
M_031_A_XV,0.9457410648465155,2007,12,18
M_031_A_XV,4.749577946960926,2007,12,19
M_031_A_XV,7.067602604627609,2007,12,20
M_031_A_XV,6.983558893203735,2007,12,21
M_031_A_XV,8.112210273742676,2007,12,22
M_031_A_XV,10.125449895858765,2007,12,23
M_031_A_XV,0.0969051420688629,2007,12,24
M_031_A_XV,0.0,2007,12,25
M_031_A_XV,0.0,2007,12,26
M_031_A_XV,0.0,2007,12,27
M_031_A_XV,0.0,2007,12,28
M_031_A_XV,0.0190017037093639,2007,12,29
M_031_A_XV,0.7521712630987167,2007,12,30
M_031_A_XV,7.007262594997883,2007,12,31
M_031_A_XV,17.942691922187805,2008,1,1
M_031_A_XV,17.27536815404892,2008,1,2
M_031_A_XV,15.614155858755112,2008,1,3
M_031_A_XV,10.363229274749756,2008,1,4
M_031_A_XV,7.120492447167635,2008,1,5
M_031_A_XV,7.073292002081871,2008,1,6
M_031_A_XV,5.805167347192764,2008,1,7
M_031_A_XV,16.03928332030773,2008,1,8
M_031_A_XV,29.463509798049927,2008,1,9
M_031_A_XV,7.665165275335312,2008,1,10
M_031_A_XV,16.42032790184021,2008,1,11
M_031_A_XV,13.586734473705292,2008,1,12
M_031_A_XV,10.846622228622437,2008,1,13
M_031_A_XV,22.868654645979404,2008,1,14
M_031_A_XV,5.274598333518952,2008,1,15
M_031_A_XV,4.192582234740257,2008,1,16
M_031_A_XV,3.031258746981621,2008,1,17
M_031_A_XV,12.228486776351929,2008,1,18
M_031_A_XV,14.0843905210495,2008,1,19
M_031_A_XV,3.587138056755066,2008,1,20
M_031_A_XV,0.3300713039934635,2008,1,21
M_031_A_XV,0.0796479657292366,2008,1,22
M_031_A_XV,0.0,2008,1,23
M_031_A_XV,6.942162465304136,2008,1,24
M_031_A_XV,5.188602074980736,2008,1,25
M_031_A_XV,0.0,2008,1,26
M_031_A_XV,2.107470435090363,2008,1,27
M_031_A_XV,0.3369878642261028,2008,1,28
M_031_A_XV,6.417970880866051,2008,1,29
M_031_A_XV,6.908237993717194,2008,1,30
M_031_A_XV,0.2103942548856139,2008,1,31
M_031_A_XV,0.0819532312452793,2008,2,1
M_031_A_XV,0.340679869055748,2008,2,2
M_031_A_XV,8.560885548591614,2008,2,3
M_031_A_XV,22.08849087357521,2008,2,4
M_031_A_XV,7.0266014486551285,2008,2,5
M_031_A_XV,6.8190468065440655,2008,2,6
M_031_A_XV,7.65894627571106,2008,2,7
M_031_A_XV,0.0,2008,2,8
M_031_A_XV,0.0,2008,2,9
M_031_A_XV,0.0,2008,2,10
M_031_A_XV,0.4743372201919555,2008,2,11
M_031_A_XV,1.4081877807620913,2008,2,12
M_031_A_XV,1.2648008912801745,2008,2,13
M_031_A_XV,0.0830349549651146,2008,2,14
M_031_A_XV,0.0456017218530178,2008,2,15
M_031_A_XV,2.0809836462140083,2008,2,16
M_031_A_XV,4.885052382946014,2008,2,17
M_031_A_XV,2.408330500125885,2008,2,18
M_031_A_XV,2.1701443195343018,2008,2,19
M_031_A_XV,4.637500347569585,2008,2,20
M_031_A_XV,7.502102017402649,2008,2,21
M_031_A_XV,17.387933492660522,2008,2,22
M_031_A_XV,7.255881354212761,2008,2,23
M_031_A_XV,3.843684852123261,2008,2,24
M_031_A_XV,3.319685459136963,2008,2,25
M_031_A_XV,9.517359018325806,2008,2,26
M_031_A_XV,0.0623175087384879,2008,2,27
M_031_A_XV,0.0,2008,2,28
M_031_A_XV,0.0,2008,2,29
M_031_A_XV,0.0,2008,3,1
M_031_A_XV,0.0190017037093639,2008,3,2
M_031_A_XV,0.0457861460745334,2008,3,3
M_031_A_XV,0.0153834205120801,2008,3,4
M_031_A_XV,0.001900170231238,2008,3,5
M_031_A_XV,0.0,2008,3,6
M_031_A_XV,0.9710578918457032,2008,3,7
M_031_A_XV,2.021679788827896,2008,3,8
M_031_A_XV,5.389072999358177,2008,3,9
M_031_A_XV,12.42184054851532,2008,3,10
M_031_A_XV,12.006966561079023,2008,3,11
M_031_A_XV,14.140551954507828,2008,3,12
M_031_A_XV,6.693627548986115,2008,3,13
M_031_A_XV,4.922345876693726,2008,3,14
M_031_A_XV,4.259088270366192,2008,3,15
M_031_A_XV,0.0588256865739822,2008,3,16
M_031_A_XV,0.0027874305378645,2008,3,17
M_031_A_XV,0.0,2008,3,18
M_031_A_XV,0.3446112368255853,2008,3,19
M_031_A_XV,0.6850290417205542,2008,3,20
M_031_A_XV,0.3888969719409942,2008,3,21
M_031_A_XV,2.720003619790077,2008,3,22
M_031_A_XV,3.345338377635926,2008,3,23
M_031_A_XV,7.422373902052641,2008,3,24
M_031_A_XV,1.4419786185026169,2008,3,25
M_031_A_XV,1.2446410059928894,2008,3,26
M_031_A_XV,2.6679548919200897,2008,3,27
M_031_A_XV,4.156675636768341,2008,3,28
M_031_A_XV,10.089785933494568,2008,3,29
M_031_A_XV,7.2332428097724915,2008,3,30
M_031_A_XV,0.9794521443545818,2008,3,31
M_031_A_XV,0.0737158865667879,2008,4,1
M_031_A_XV,0.1986521035432815,2008,4,2
M_031_A_XV,0.0,2008,4,3
M_031_A_XV,0.0,2008,4,4
M_031_A_XV,0.0,2008,4,5
M_031_A_XV,0.0,2008,4,6
M_031_A_XV,0.0,2008,4,7
M_031_A_XV,0.0,2008,4,8
M_031_A_XV,0.0,2008,4,9
M_031_A_XV,0.0792094320058822,2008,4,10
M_031_A_XV,0.3226832799846306,2008,4,11
M_031_A_XV,1.1984340455383062,2008,4,12
M_031_A_XV,1.303339071571827,2008,4,13
M_031_A_XV,0.1063059449661523,2008,4,14
M_031_A_XV,0.0,2008,4,15
M_031_A_XV,0.0,2008,4,16
M_031_A_XV,0.0950085148215293,2008,4,17
M_031_A_XV,0.0399035776499658,2008,4,18
M_031_A_XV,0.0,2008,4,19
M_031_A_XV,0.0,2008,4,20
M_031_A_XV,0.0,2008,4,21
M_031_A_XV,0.0,2008,4,22
M_031_A_XV,0.0,2008,4,23
M_031_A_XV,0.0,2008,4,24
M_031_A_XV,0.0,2008,4,25
M_031_A_XV,0.0,2008,4,26
M_031_A_XV,0.0,2008,4,27
M_031_A_XV,0.0,2008,4,28
M_031_A_XV,0.012913079932332,2008,4,29
M_031_A_XV,0.0,2008,4,30
M_031_A_XV,0.0,2008,5,1
M_031_A_XV,0.0,2008,5,2
M_031_A_XV,0.0,2008,5,3
M_031_A_XV,0.0,2008,5,4
M_031_A_XV,0.0,2008,5,5
M_031_A_XV,0.0,2008,5,6
M_031_A_XV,0.032278899103403,2008,5,7
M_031_A_XV,0.1242469027638435,2008,5,8
M_031_A_XV,0.0279323859140276,2008,5,9
M_031_A_XV,0.0057005109265446,2008,5,10
M_031_A_XV,0.0,2008,5,11
M_031_A_XV,0.007600680924952,2008,5,12
M_031_A_XV,0.034203065559268,2008,5,13
M_031_A_XV,0.0,2008,5,14
M_031_A_XV,0.0,2008,5,15
M_031_A_XV,0.0,2008,5,16
M_031_A_XV,0.0,2008,5,17
M_031_A_XV,0.0,2008,5,18
M_031_A_XV,0.0,2008,5,19
M_031_A_XV,0.0,2008,5,20
M_031_A_XV,0.0,2008,5,21
M_031_A_XV,0.0,2008,5,22
M_031_A_XV,0.0,2008,5,23
M_031_A_XV,0.0,2008,5,24
M_031_A_XV,0.0,2008,5,25
M_031_A_XV,0.0,2008,5,26
M_031_A_XV,0.0,2008,5,27
M_031_A_XV,0.0,2008,5,28
M_031_A_XV,0.0,2008,5,29
M_031_A_XV,0.0,2008,5,30
M_031_A_XV,0.0,2008,5,31
M_031_A_XV,0.0,2008,6,1
M_031_A_XV,0.0,2008,6,2
M_031_A_XV,0.0,2008,6,3
M_031_A_XV,0.0,2008,6,4
M_031_A_XV,0.0,2008,6,5
M_031_A_XV,0.0,2008,6,6
M_031_A_XV,0.0,2008,6,7
M_031_A_XV,0.0,2008,6,8
M_031_A_XV,0.0,2008,6,9
M_031_A_XV,0.0,2008,6,10
M_031_A_XV,0.1314593106508255,2008,6,11
M_031_A_XV,0.0077827388886362,2008,6,12
M_031_A_XV,0.0,2008,6,13
M_031_A_XV,0.0,2008,6,14
M_031_A_XV,0.0,2008,6,15
M_031_A_XV,0.0117651373147964,2008,6,16
M_031_A_XV,0.0362841109745204,2008,6,17
M_031_A_XV,0.0,2008,6,18
M_031_A_XV,0.0,2008,6,19
M_031_A_XV,0.0,2008,6,20
M_031_A_XV,0.0,2008,6,21
M_031_A_XV,0.0,2008,6,22
M_031_A_XV,0.0,2008,6,23
M_031_A_XV,0.0,2008,6,24
M_031_A_XV,0.029048727825284,2008,6,25
M_031_A_XV,0.0,2008,6,26
M_031_A_XV,0.0,2008,6,27
M_031_A_XV,0.0,2008,6,28
M_031_A_XV,0.0,2008,6,29
M_031_A_XV,0.0,2008,6,30
M_031_A_XV,0.0,2008,7,1
M_031_A_XV,0.0,2008,7,2
M_031_A_XV,0.0,2008,7,3
M_031_A_XV,0.0,2008,7,4
M_031_A_XV,0.0,2008,7,5
M_031_A_XV,0.0,2008,7,6
M_031_A_XV,0.0,2008,7,7
M_031_A_XV,0.0,2008,7,8
M_031_A_XV,0.0,2008,7,9
M_031_A_XV,0.0,2008,7,10
M_031_A_XV,0.0,2008,7,11
M_031_A_XV,0.0,2008,7,12
M_031_A_XV,0.0,2008,7,13
M_031_A_XV,0.001900170231238,2008,7,14
M_031_A_XV,0.0,2008,7,15
M_031_A_XV,0.0,2008,7,16
M_031_A_XV,0.0,2008,7,17
M_031_A_XV,0.0,2008,7,18
M_031_A_XV,0.0,2008,7,19
M_031_A_XV,0.0,2008,7,20
M_031_A_XV,0.0,2008,7,21
M_031_A_XV,0.0,2008,7,22
M_031_A_XV,0.0,2008,7,23
M_031_A_XV,0.0,2008,7,24
M_031_A_XV,0.0,2008,7,25
M_031_A_XV,0.0,2008,7,26
M_031_A_XV,0.0,2008,7,27
M_031_A_XV,0.0115830786526203,2008,7,28
M_031_A_XV,0.0096829086542129,2008,7,29
M_031_A_XV,0.0734884738922119,2008,7,30
M_031_A_XV,0.0,2008,7,31
M_031_A_XV,0.0,2008,8,1
M_031_A_XV,0.0,2008,8,2
M_031_A_XV,0.0,2008,8,3
M_031_A_XV,0.0,2008,8,4
M_031_A_XV,0.0,2008,8,5
M_031_A_XV,0.0,2008,8,6
M_031_A_XV,0.0151773653924465,2008,8,7
M_031_A_XV,1.6632898822426796,2008,8,8
M_031_A_XV,0.0,2008,8,9
M_031_A_XV,0.0,2008,8,10
M_031_A_XV,0.0,2008,8,11
M_031_A_XV,0.0,2008,8,12
M_031_A_XV,0.0,2008,8,13
M_031_A_XV,0.0,2008,8,14
M_031_A_XV,0.0,2008,8,15
M_031_A_XV,0.0,2008,8,16
M_031_A_XV,0.0,2008,8,17
M_031_A_XV,0.0,2008,8,18
M_031_A_XV,0.0,2008,8,19
M_031_A_XV,0.0,2008,8,20
M_031_A_XV,0.0,2008,8,21
M_031_A_XV,0.0,2008,8,22
M_031_A_XV,0.0,2008,8,23
M_031_A_XV,0.0,2008,8,24
M_031_A_XV,0.0,2008,8,25
M_031_A_XV,0.0,2008,8,26
M_031_A_XV,0.0,2008,8,27
M_031_A_XV,0.0,2008,8,28
M_031_A_XV,0.0,2008,8,29
M_031_A_XV,0.0,2008,8,30
M_031_A_XV,0.0,2008,8,31
M_031_A_XV,0.0,2008,9,1
M_031_A_XV,0.0,2008,9,2
M_031_A_XV,0.0,2008,9,3
M_031_A_XV,0.0190017037093639,2008,9,4
M_031_A_XV,0.0,2008,9,5
M_031_A_XV,0.0,2008,9,6
M_031_A_XV,0.0,2008,9,7
M_031_A_XV,0.0,2008,9,8
M_031_A_XV,0.0058825686573982,2008,9,9
M_031_A_XV,0.1771496273577213,2008,9,10
M_031_A_XV,0.0,2008,9,11
M_031_A_XV,0.0,2008,9,12
M_031_A_XV,0.0,2008,9,13
M_031_A_XV,0.0,2008,9,14
M_031_A_XV,0.0,2008,9,15
M_031_A_XV,0.0,2008,9,16
M_031_A_XV,0.0,2008,9,17
M_031_A_XV,0.0,2008,9,18
M_031_A_XV,0.0,2008,9,19
M_031_A_XV,0.0,2008,9,20
M_031_A_XV,0.0,2008,9,21
M_031_A_XV,0.0,2008,9,22
M_031_A_XV,0.0,2008,9,23
M_031_A_XV,0.0,2008,9,24
M_031_A_XV,0.0,2008,9,25
M_031_A_XV,0.0,2008,9,26
M_031_A_XV,0.0,2008,9,27
M_031_A_XV,0.0,2008,9,28
M_031_A_XV,0.0,2008,9,29
M_031_A_XV,0.2714855670928955,2008,9,30
M_031_A_XV,0.0,2008,10,1
M_031_A_XV,0.0,2008,10,2
M_031_A_XV,0.0,2008,10,3
M_031_A_XV,0.0,2008,10,4
M_031_A_XV,0.0,2008,10,5
M_031_A_XV,0.0,2008,10,6
M_031_A_XV,0.0,2008,10,7
M_031_A_XV,0.0380034074187278,2008,10,8
M_031_A_XV,0.0,2008,10,9
M_031_A_XV,0.0,2008,10,10
M_031_A_XV,0.0,2008,10,11
M_031_A_XV,0.0190017037093639,2008,10,12
M_031_A_XV,0.6081785410642624,2008,10,13
M_031_A_XV,1.8951115757226944,2008,10,14
M_031_A_XV,5.547249481081963,2008,10,15
M_031_A_XV,0.6995141468942165,2008,10,16
M_031_A_XV,1.016096604987979,2008,10,17
M_031_A_XV,0.0190017037093639,2008,10,18
M_031_A_XV,0.001900170231238,2008,10,19
M_031_A_XV,0.0,2008,10,20
M_031_A_XV,0.0,2008,10,21
M_031_A_XV,0.0347492396831512,2008,10,22
M_031_A_XV,0.830371618270874,2008,10,23
M_031_A_XV,2.039351262152195,2008,10,24
M_031_A_XV,2.537622295320034,2008,10,25
M_031_A_XV,0.0,2008,10,26
M_031_A_XV,0.2731737098656595,2008,10,27
M_031_A_XV,0.6970754526555538,2008,10,28
M_031_A_XV,0.8534948306623846,2008,10,29
M_031_A_XV,0.2487162556499242,2008,10,30
M_031_A_XV,0.1202569007873535,2008,10,31
M_031_A_XV,0.0,2008,11,1
M_031_A_XV,0.0,2008,11,2
M_031_A_XV,0.0057005109265446,2008,11,3
M_031_A_XV,0.3729795406106859,2008,11,4
M_031_A_XV,0.0,2008,11,5
M_031_A_XV,0.0,2008,11,6
M_031_A_XV,0.0,2008,11,7
M_031_A_XV,0.0,2008,11,8
M_031_A_XV,0.9321060180664062,2008,11,9
M_031_A_XV,0.0190017037093639,2008,11,10
M_031_A_XV,0.0,2008,11,11
M_031_A_XV,0.0,2008,11,12
M_031_A_XV,0.0,2008,11,13
M_031_A_XV,0.9040145259350538,2008,11,14
M_031_A_XV,1.2469339817762377,2008,11,15
M_031_A_XV,0.7237237095832825,2008,11,16
M_031_A_XV,0.0,2008,11,17
M_031_A_XV,0.0190017037093639,2008,11,18
M_031_A_XV,0.0,2008,11,19
M_031_A_XV,0.0,2008,11,20
M_031_A_XV,0.0,2008,11,21
M_031_A_XV,0.0,2008,11,22
M_031_A_XV,0.0323017127811908,2008,11,23
M_031_A_XV,2.5216218568384647,2008,11,24
M_031_A_XV,2.5540734827518463,2008,11,25
M_031_A_XV,0.1273102276027202,2008,11,26
M_031_A_XV,1.0216610431671145,2008,11,27
M_031_A_XV,1.264601891860366,2008,11,28
M_031_A_XV,3.3572889246279374,2008,11,29
M_031_A_XV,5.292846068739891,2008,11,30
M_031_A_XV,3.840825766324997,2008,12,1
M_031_A_XV,0.0190017037093639,2008,12,2
M_031_A_XV,0.0,2008,12,3
M_031_A_XV,0.0,2008,12,4
M_031_A_XV,0.0,2008,12,5
M_031_A_XV,0.8780376315116882,2008,12,6
M_031_A_XV,2.775429241824895,2008,12,7
M_031_A_XV,13.995124578475952,2008,12,8
M_031_A_XV,9.342146217823029,2008,12,9
M_031_A_XV,0.8323331037536263,2008,12,10
M_031_A_XV,0.0,2008,12,11
M_031_A_XV,0.0,2008,12,12
M_031_A_XV,1.3198057413101196,2008,12,13
M_031_A_XV,5.822098135948181,2008,12,14
M_031_A_XV,5.295434005558491,2008,12,15
M_031_A_XV,0.2948969341814518,2008,12,16
M_031_A_XV,0.9924624562263488,2008,12,17
M_031_A_XV,8.514920234680176,2008,12,18
M_031_A_XV,14.686554580926895,2008,12,19
M_031_A_XV,14.329617440700533,2008,12,20
M_031_A_XV,11.777459383010864,2008,12,21
M_031_A_XV,8.852384865283966,2008,12,22
M_031_A_XV,19.32016885280609,2008,12,23
M_031_A_XV,11.814457669854164,2008,12,24
M_031_A_XV,8.510825634002686,2008,12,25
M_031_A_XV,2.096149556338787,2008,12,26
M_031_A_XV,4.091247841715813,2008,12,27
M_031_A_XV,1.812702089548111,2008,12,28
M_031_A_XV,6.499924004077911,2008,12,29
M_031_A_XV,11.688848171383142,2008,12,30
M_031_A_XV,21.71214146912098,2008,12,31
M_033_A_XV,12.478445589542387,1982,1,1
M_033_A_XV,18.37659126520157,1982,1,2
M_033_A_XV,16.944974303245544,1982,1,3
M_033_A_XV,17.526114463806152,1982,1,4
M_033_A_XV,7.5821051597595215,1982,1,5
M_033_A_XV,1.224356630234979,1982,1,6
M_033_A_XV,0.0329513431970553,1982,1,7
M_033_A_XV,0.0,1982,1,8
M_033_A_XV,0.0266222371719777,1982,1,9
M_033_A_XV,13.127373695373535,1982,1,10
M_033_A_XV,4.27362097799778,1982,1,11
M_033_A_XV,0.0826759583760576,1982,1,12
M_033_A_XV,3.674744818359613,1982,1,13
M_033_A_XV,17.152589797973633,1982,1,14
M_033_A_XV,15.819620668888092,1982,1,15
M_033_A_XV,12.261948138475418,1982,1,16
M_033_A_XV,3.8513124883174896,1982,1,17
M_033_A_XV,5.562064833939076,1982,1,18
M_033_A_XV,12.399123847484589,1982,1,19
M_033_A_XV,8.11787897348404,1982,1,20
M_033_A_XV,8.594019711017609,1982,1,21
M_033_A_XV,6.292589232325554,1982,1,22
M_033_A_XV,20.15892553329468,1982,1,23
M_033_A_XV,12.090239644050598,1982,1,24
M_033_A_XV,4.012828782200813,1982,1,25
M_033_A_XV,5.8804585710167885,1982,1,26
M_033_A_XV,6.339364647865295,1982,1,27
M_033_A_XV,5.85587015748024,1982,1,28
M_033_A_XV,2.639802485704422,1982,1,29
M_033_A_XV,1.686283141374588,1982,1,30
M_033_A_XV,3.135285258293152,1982,1,31
M_033_A_XV,1.663071095943451,1982,2,1
M_033_A_XV,5.856695890426636,1982,2,2
M_033_A_XV,14.675901770591736,1982,2,3
M_033_A_XV,10.34182858467102,1982,2,4
M_033_A_XV,8.344359040260315,1982,2,5
M_033_A_XV,4.755681224167347,1982,2,6
M_033_A_XV,3.956714403349906,1982,2,7
M_033_A_XV,2.8758788062259555,1982,2,8
M_033_A_XV,1.788081470876932,1982,2,9
M_033_A_XV,2.689589859219268,1982,2,10
M_033_A_XV,0.9490053803601768,1982,2,11
M_033_A_XV,2.30083092302084,1982,2,12
M_033_A_XV,0.0425298735499382,1982,2,13
M_033_A_XV,1.7148200511874163,1982,2,14
M_033_A_XV,4.590771526098251,1982,2,15
M_033_A_XV,1.973287746310234,1982,2,16
M_033_A_XV,8.341772675514221,1982,2,17
M_033_A_XV,6.362645730376244,1982,2,18
M_033_A_XV,4.845597803592682,1982,2,19
M_033_A_XV,4.897014394402504,1982,2,20
M_033_A_XV,6.352607697248459,1982,2,21
M_033_A_XV,17.31749129295349,1982,2,22
M_033_A_XV,11.526712000370026,1982,2,23
M_033_A_XV,0.1481626695021987,1982,2,24
M_033_A_XV,0.0702729793265461,1982,2,25
M_033_A_XV,6.135208949446678,1982,2,26
M_033_A_XV,13.517971098423004,1982,2,27
M_033_A_XV,4.849570006132126,1982,2,28
M_033_A_XV,13.574225902557371,1982,3,1
M_033_A_XV,11.489751085639,1982,3,2
M_033_A_XV,9.59091779589653,1982,3,3
M_033_A_XV,13.265222817659378,1982,3,4
M_033_A_XV,8.563227355480194,1982,3,5
M_033_A_XV,13.050275564193726,1982,3,6
M_033_A_XV,0.0777987570909317,1982,3,7
M_033_A_XV,0.0,1982,3,8
M_033_A_XV,0.098602645099163,1982,3,9
M_033_A_XV,4.3229008466005325,1982,3,10
M_033_A_XV,15.108233273029327,1982,3,11
M_033_A_XV,6.8968785628676414,1982,3,12
M_033_A_XV,7.8663221299648285,1982,3,13
M_033_A_XV,7.655819058418274,1982,3,14
M_033_A_XV,7.861570909619331,1982,3,15
M_033_A_XV,4.477498948574066,1982,3,16
M_033_A_XV,0.0301734637469053,1982,3,17
M_033_A_XV,4.687591735040769,1982,3,18
M_033_A_XV,8.618442052043974,1982,3,19
M_033_A_XV,7.628928899765015,1982,3,20
M_033_A_XV,12.483762979507446,1982,3,21
M_033_A_XV,6.861976064741612,1982,3,22
M_033_A_XV,2.3979484289884567,1982,3,23
M_033_A_XV,3.4777308970224112,1982,3,24
M_033_A_XV,5.406270295381546,1982,3,25
M_033_A_XV,5.47189711406827,1982,3,26
M_033_A_XV,11.24774843454361,1982,3,27
M_033_A_XV,15.590879648923874,1982,3,28
M_033_A_XV,10.71918487548828,1982,3,29
M_033_A_XV,10.201089777052402,1982,3,30
M_033_A_XV,9.226713426411152,1982,3,31
M_033_A_XV,1.9195964932441711,1982,4,1
M_033_A_XV,1.3164920210838318,1982,4,2
M_033_A_XV,1.0137943029403689,1982,4,3
M_033_A_XV,3.3044193941168487,1982,4,4
M_033_A_XV,10.21482701599598,1982,4,5
M_033_A_XV,18.9761803150177,1982,4,6
M_033_A_XV,10.847629874944689,1982,4,7
M_033_A_XV,6.963691018521786,1982,4,8
M_033_A_XV,18.9887957572937,1982,4,9
M_033_A_XV,3.3254957497119904,1982,4,10
M_033_A_XV,0.0068647456355392,1982,4,11
M_033_A_XV,0.0,1982,4,12
M_033_A_XV,0.0,1982,4,13
M_033_A_XV,0.0,1982,4,14
M_033_A_XV,0.0034092720597982,1982,4,15
M_033_A_XV,8.91732051968e-05,1982,4,16
M_033_A_XV,0.0,1982,4,17
M_033_A_XV,0.0,1982,4,18
M_033_A_XV,2.148262608330697,1982,4,19
M_033_A_XV,2.3284245658178406,1982,4,20
M_033_A_XV,1.889624834060669,1982,4,21
M_033_A_XV,1.4582424759864807,1982,4,22
M_033_A_XV,1.5584366917610168,1982,4,23
M_033_A_XV,0.1379962014470948,1982,4,24
M_033_A_XV,0.197955557188834,1982,4,25
M_033_A_XV,0.9803884369321167,1982,4,26
M_033_A_XV,0.5186817743815482,1982,4,27
M_033_A_XV,0.0268979496322572,1982,4,28
M_033_A_XV,1.7618415243923664,1982,4,29
M_033_A_XV,1.515650276094675,1982,4,30
M_033_A_XV,0.1344897598028183,1982,5,1
M_033_A_XV,1.295568265020847,1982,5,2
M_033_A_XV,0.1373416775350051,1982,5,3
M_033_A_XV,0.0,1982,5,4
M_033_A_XV,0.0,1982,5,5
M_033_A_XV,4.67527170258e-05,1982,5,6
M_033_A_XV,0.0,1982,5,7
M_033_A_XV,0.0,1982,5,8
M_033_A_XV,0.0,1982,5,9
M_033_A_XV,0.0,1982,5,10
M_033_A_XV,0.0,1982,5,11
M_033_A_XV,0.0,1982,5,12
M_033_A_XV,0.0,1982,5,13
M_033_A_XV,0.0,1982,5,14
M_033_A_XV,0.0013781221350654,1982,5,15
M_033_A_XV,0.0,1982,5,16
M_033_A_XV,0.0,1982,5,17
M_033_A_XV,0.0,1982,5,18
M_033_A_XV,0.0,1982,5,19
M_033_A_XV,0.0,1982,5,20
M_033_A_XV,0.0,1982,5,21
M_033_A_XV,0.0,1982,5,22
M_033_A_XV,0.0,1982,5,23
M_033_A_XV,0.0,1982,5,24
M_033_A_XV,0.0,1982,5,25
M_033_A_XV,0.0,1982,5,26
M_033_A_XV,0.0,1982,5,27
M_033_A_XV,0.0,1982,5,28
M_033_A_XV,0.0,1982,5,29
M_033_A_XV,0.0,1982,5,30
M_033_A_XV,0.0,1982,5,31
M_033_A_XV,0.0,1982,6,1
M_033_A_XV,0.0,1982,6,2
M_033_A_XV,0.0,1982,6,3
M_033_A_XV,0.0,1982,6,4
M_033_A_XV,0.0,1982,6,5
M_033_A_XV,0.0,1982,6,6
M_033_A_XV,0.0,1982,6,7
M_033_A_XV,0.0,1982,6,8
M_033_A_XV,0.0,1982,6,9
M_033_A_XV,0.0,1982,6,10
M_033_A_XV,0.0,1982,6,11
M_033_A_XV,0.0,1982,6,12
M_033_A_XV,0.0,1982,6,13
M_033_A_XV,0.0,1982,6,14
M_033_A_XV,0.0,1982,6,15
M_033_A_XV,0.0,1982,6,16
M_033_A_XV,0.0,1982,6,17
M_033_A_XV,0.0004675271920859,1982,6,18
M_033_A_XV,0.0,1982,6,19
M_033_A_XV,0.0,1982,6,20
M_033_A_XV,0.0,1982,6,21
M_033_A_XV,0.0,1982,6,22
M_033_A_XV,0.0,1982,6,23
M_033_A_XV,0.0,1982,6,24
M_033_A_XV,0.0,1982,6,25
M_033_A_XV,0.0,1982,6,26
M_033_A_XV,0.0,1982,6,27
M_033_A_XV,0.0,1982,6,28
M_033_A_XV,0.0,1982,6,29
M_033_A_XV,0.0,1982,6,30
M_033_A_XV,0.0,1982,7,1
M_033_A_XV,0.0,1982,7,2
M_033_A_XV,0.0003495623241178,1982,7,3
M_033_A_XV,0.5443031974136829,1982,7,4
M_033_A_XV,0.4036668329499662,1982,7,5
M_033_A_XV,0.0004207744786981,1982,7,6
M_033_A_XV,0.0,1982,7,7
M_033_A_XV,0.0,1982,7,8
M_033_A_XV,0.0,1982,7,9
M_033_A_XV,0.0,1982,7,10
M_033_A_XV,0.0,1982,7,11
M_033_A_XV,0.0,1982,7,12
M_033_A_XV,0.0,1982,7,13
M_033_A_XV,0.0,1982,7,14
M_033_A_XV,0.0,1982,7,15
M_033_A_XV,0.0,1982,7,16
M_033_A_XV,0.0,1982,7,17
M_033_A_XV,0.0,1982,7,18
M_033_A_XV,0.0,1982,7,19
M_033_A_XV,0.0,1982,7,20
M_033_A_XV,0.0,1982,7,21
M_033_A_XV,0.0,1982,7,22
M_033_A_XV,0.0,1982,7,23
M_033_A_XV,0.0,1982,7,24
M_033_A_XV,0.0,1982,7,25
M_033_A_XV,0.0,1982,7,26
M_033_A_XV,0.0067712403833866,1982,7,27
M_033_A_XV,0.0,1982,7,28
M_033_A_XV,0.0,1982,7,29
M_033_A_XV,0.0,1982,7,30
M_033_A_XV,0.0,1982,7,31
M_033_A_XV,0.6098791360855103,1982,8,1
M_033_A_XV,0.949376255273819,1982,8,2
M_033_A_XV,0.0,1982,8,3
M_033_A_XV,0.0,1982,8,4
M_033_A_XV,0.0,1982,8,5
M_033_A_XV,0.4021665612235665,1982,8,6
M_033_A_XV,0.0070050037465989,1982,8,7
M_033_A_XV,0.0,1982,8,8
M_033_A_XV,0.0,1982,8,9
M_033_A_XV,4.67527170258e-05,1982,8,10
M_033_A_XV,0.0,1982,8,11
M_033_A_XV,0.0684028640389442,1982,8,12
M_033_A_XV,0.3720441740006208,1982,8,13
M_033_A_XV,0.1424873694777488,1982,8,14
M_033_A_XV,3.481308877468109,1982,8,15
M_033_A_XV,1.50419432669878,1982,8,16
M_033_A_XV,0.2161767543293535,1982,8,17
M_033_A_XV,0.0011220652377232,1982,8,18
M_033_A_XV,0.1751171797513961,1982,8,19
M_033_A_XV,0.0020571196400851,1982,8,20
M_033_A_XV,0.0004675271920859,1982,8,21
M_033_A_XV,0.2017346322536468,1982,8,22
M_033_A_XV,0.0,1982,8,23
M_033_A_XV,0.0,1982,8,24
M_033_A_XV,0.0,1982,8,25
M_033_A_XV,0.0,1982,8,26
M_033_A_XV,0.0,1982,8,27
M_033_A_XV,0.0,1982,8,28
M_033_A_XV,0.0,1982,8,29
M_033_A_XV,0.7484943536110222,1982,8,30
M_033_A_XV,0.5632689036428928,1982,8,31
M_033_A_XV,1.6435029655694962,1982,9,1
M_033_A_XV,0.952749378979206,1982,9,2
M_033_A_XV,0.9900451386347412,1982,9,3
M_033_A_XV,0.7719809776172042,1982,9,4
M_033_A_XV,2.943408668041229,1982,9,5
M_033_A_XV,4.136012977920473,1982,9,6
M_033_A_XV,1.5944654643535614,1982,9,7
M_033_A_XV,0.4367639003321528,1982,9,8
M_033_A_XV,0.0079479622654616,1982,9,9
M_033_A_XV,0.0,1982,9,10
M_033_A_XV,0.0,1982,9,11
M_033_A_XV,0.0,1982,9,12
M_033_A_XV,0.0,1982,9,13
M_033_A_XV,0.0,1982,9,14
M_033_A_XV,0.0,1982,9,15
M_033_A_XV,0.0067935334518551,1982,9,16
M_033_A_XV,0.0,1982,9,17
M_033_A_XV,0.1401000916957855,1982,9,18
M_033_A_XV,0.0004675271920859,1982,9,19
M_033_A_XV,0.0618697218596935,1982,9,20
M_033_A_XV,2.509924858808517,1982,9,21
M_033_A_XV,10.462422013282776,1982,9,22
M_033_A_XV,13.063599944114683,1982,9,23
M_033_A_XV,5.438096046447754,1982,9,24
M_033_A_XV,18.68471962213516,1982,9,25
M_033_A_XV,3.100572828669101,1982,9,26
M_033_A_XV,0.0,1982,9,27
M_033_A_XV,0.1419701874256134,1982,9,28
M_033_A_XV,1.936250634491444,1982,9,29
M_033_A_XV,1.703560635447502,1982,9,30
M_033_A_XV,0.0004675271920859,1982,10,1
M_033_A_XV,0.0,1982,10,2
M_033_A_XV,0.0,1982,10,3
M_033_A_XV,0.0,1982,10,4
M_033_A_XV,0.856977641582489,1982,10,5
M_033_A_XV,1.6798846647143364,1982,10,6
M_033_A_XV,0.0,1982,10,7
M_033_A_XV,0.0,1982,10,8
M_033_A_XV,1.590824251587037,1982,10,9
M_033_A_XV,0.693391019362025,1982,10,10
M_033_A_XV,0.0050025410018861,1982,10,11
M_033_A_XV,0.0,1982,10,12
M_033_A_XV,2.9603950306773186,1982,10,13
M_033_A_XV,0.3836935237050056,1982,10,14
M_033_A_XV,5.089027319103479,1982,10,15
M_033_A_XV,6.074338026344776,1982,10,16
M_033_A_XV,0.3468908732756972,1982,10,17
M_033_A_XV,3.0613395934924483,1982,10,18
M_033_A_XV,4.379997760057449,1982,10,19
M_033_A_XV,2.933030519634485,1982,10,20
M_033_A_XV,1.6400586515665054,1982,10,21
M_033_A_XV,0.0241941958665847,1982,10,22
M_033_A_XV,0.2741223275661468,1982,10,23
M_033_A_XV,9.687600711360574,1982,10,24
M_033_A_XV,7.040463924407959,1982,10,25
M_033_A_XV,1.642338201403618,1982,10,26
M_033_A_XV,2.320594608783722,1982,10,27
M_033_A_XV,1.8975006937980647,1982,10,28
M_033_A_XV,5.531879127025604,1982,10,29
M_033_A_XV,0.2951504029333591,1982,10,30
M_033_A_XV,0.0,1982,10,31
M_033_A_XV,6.484197735786438,1982,11,1
M_033_A_XV,4.869438216090202,1982,11,2
M_033_A_XV,0.8603955553844571,1982,11,3
M_033_A_XV,0.0289023369987262,1982,11,4
M_033_A_XV,0.0,1982,11,5
M_033_A_XV,0.0002805163094308,1982,11,6
M_033_A_XV,0.0016038534231483,1982,11,7
M_033_A_XV,2.417602613568306,1982,11,8
M_033_A_XV,10.632960319519045,1982,11,9
M_033_A_XV,1.6838929224177264,1982,11,10
M_033_A_XV,0.0348265059292316,1982,11,11
M_033_A_XV,3.515729862265289,1982,11,12
M_033_A_XV,6.448586761951447,1982,11,13
M_033_A_XV,5.687867045402527,1982,11,14
M_033_A_XV,2.4879156830720603,1982,11,15
M_033_A_XV,7.259427718818188,1982,11,16
M_033_A_XV,4.513370476663113,1982,11,17
M_033_A_XV,2.152914106845856,1982,11,18
M_033_A_XV,2.0466551333665848,1982,11,19
M_033_A_XV,9.951772041618824,1982,11,20
M_033_A_XV,8.424564629793167,1982,11,21
M_033_A_XV,0.991117464378476,1982,11,22
M_033_A_XV,0.9827014431357384,1982,11,23
M_033_A_XV,0.0017521439585834,1982,11,24
M_033_A_XV,0.0013292032272147,1982,11,25
M_033_A_XV,0.0003898166796716,1982,11,26
M_033_A_XV,0.0,1982,11,27
M_033_A_XV,0.0018051252700388,1982,11,28
M_033_A_XV,5.259956239722669,1982,11,29
M_033_A_XV,7.711484782397747,1982,11,30
M_033_A_XV,2.685853966278956,1982,12,1
M_033_A_XV,4.570766925811768,1982,12,2
M_033_A_XV,2.4697494017891586,1982,12,3
M_033_A_XV,9.546369075775146,1982,12,4
M_033_A_XV,12.691573858261108,1982,12,5
M_033_A_XV,2.7229522690176964,1982,12,6
M_033_A_XV,0.0826437133364379,1982,12,7
M_033_A_XV,3.4591821658868867,1982,12,8
M_033_A_XV,8.151003777980804,1982,12,9
M_033_A_XV,0.2180355256859911,1982,12,10
M_033_A_XV,0.0954130483733024,1982,12,11
M_033_A_XV,0.0,1982,12,12
M_033_A_XV,0.0,1982,12,13
M_033_A_XV,0.0,1982,12,14
M_033_A_XV,0.8329804390668869,1982,12,15
M_033_A_XV,0.0,1982,12,16
M_033_A_XV,0.0562455058097839,1982,12,17
M_033_A_XV,4.731596931815147,1982,12,18
M_033_A_XV,3.467940732836724,1982,12,19
M_033_A_XV,2.788598818704486,1982,12,20
M_033_A_XV,6.220399767160416,1982,12,21
M_033_A_XV,0.6544655147008598,1982,12,22
M_033_A_XV,0.0063007865101099,1982,12,23
M_033_A_XV,3.83323339605704,1982,12,24
M_033_A_XV,13.185124397277832,1982,12,25
M_033_A_XV,0.4058068990707397,1982,12,26
M_033_A_XV,0.0004675271920859,1982,12,27
M_033_A_XV,0.0201734621077775,1982,12,28
M_033_A_XV,0.0677124038338661,1982,12,29
M_033_A_XV,0.1413624085835181,1982,12,30
M_033_A_XV,2.3582151234149933,1982,12,31
M_033_A_XV,5.0489553064107895,1983,1,1
M_033_A_XV,4.602477833628655,1983,1,2
M_033_A_XV,1.4890960571356118,1983,1,3
M_033_A_XV,6.820674191694707,1983,1,4
M_033_A_XV,7.229341296479106,1983,1,5
M_033_A_XV,3.432083234190941,1983,1,6
M_033_A_XV,10.63602077960968,1983,1,7
M_033_A_XV,10.201188921928406,1983,1,8
M_033_A_XV,11.409886837005615,1983,1,9
M_033_A_XV,1.7464318871498108,1983,1,10
M_033_A_XV,1.7081284681335092,1983,1,11
M_033_A_XV,1.910000684205443,1983,1,12
M_033_A_XV,5.765011951327324,1983,1,13
M_033_A_XV,8.499784678220749,1983,1,14
M_033_A_XV,11.277274352032691,1983,1,15
M_033_A_XV,8.32132077217102,1983,1,16
M_033_A_XV,3.875957981217653,1983,1,17
M_033_A_XV,0.0011220652559131,1983,1,18
M_033_A_XV,6.9046014687e-05,1983,1,19
M_033_A_XV,1.150844693183899,1983,1,20
M_033_A_XV,4.656977451406419,1983,1,21
M_033_A_XV,8.74256557226181,1983,1,22
M_033_A_XV,4.404038906097412,1983,1,23
M_033_A_XV,0.4205620079301297,1983,1,24
M_033_A_XV,1.599714347627014,1983,1,25
M_033_A_XV,2.496187657117844,1983,1,26
M_033_A_XV,3.805779874324799,1983,1,27
M_033_A_XV,0.0067244875244796,1983,1,28
M_033_A_XV,0.0,1983,1,29
M_033_A_XV,0.0,1983,1,30
M_033_A_XV,4.492716312408447,1983,1,31
M_033_A_XV,17.543505549430847,1983,2,1
M_033_A_XV,3.717112436890602,1983,2,2
M_033_A_XV,12.084159225225449,1983,2,3
M_033_A_XV,17.820958733558655,1983,2,4
M_033_A_XV,20.82935887575149,1983,2,5
M_033_A_XV,5.014407515525818,1983,2,6
M_033_A_XV,2.1907646656036377,1983,2,7
M_033_A_XV,13.742954313755035,1983,2,8
M_033_A_XV,21.92191112041473,1983,2,9
M_033_A_XV,13.322676867246628,1983,2,10
M_033_A_XV,14.741210103034971,1983,2,11
M_033_A_XV,1.8989537358284,1983,2,12
M_033_A_XV,1.407762810587883,1983,2,13
M_033_A_XV,0.0,1983,2,14
M_033_A_XV,0.0,1983,2,15
M_033_A_XV,5.982884883880615,1983,2,16
M_033_A_XV,9.89179864525795,1983,2,17
M_033_A_XV,12.232386499643326,1983,2,18
M_033_A_XV,15.417207479476929,1983,2,19
M_033_A_XV,0.5065190345048904,1983,2,20
M_033_A_XV,1.1838336437940598,1983,2,21
M_033_A_XV,2.3232980966568,1983,2,22
M_033_A_XV,1.4275440275669098,1983,2,23
M_033_A_XV,0.4981515854597091,1983,2,24
M_033_A_XV,0.3277025371789932,1983,2,25
M_033_A_XV,0.5486607253551483,1983,2,26
M_033_A_XV,1.7692899107933044,1983,2,27
M_033_A_XV,7.1872967183589935,1983,2,28
M_033_A_XV,7.878412246704102,1983,3,1
M_033_A_XV,1.064365710830316,1983,3,2
M_033_A_XV,0.0006904602050781,1983,3,3
M_033_A_XV,0.0011363262310624,1983,3,4
M_033_A_XV,0.0,1983,3,5
M_033_A_XV,3.004217267036438,1983,3,6
M_033_A_XV,0.6786268102005124,1983,3,7
M_033_A_XV,0.4088271995133254,1983,3,8
M_033_A_XV,0.1346715912222862,1983,3,9
M_033_A_XV,0.0,1983,3,10
M_033_A_XV,0.1596326977014541,1983,3,11
M_033_A_XV,1.2956678234040735,1983,3,12
M_033_A_XV,1.5137678980827332,1983,3,13
M_033_A_XV,2.515148316975683,1983,3,14
M_033_A_XV,10.098702020943165,1983,3,15
M_033_A_XV,18.28824946284294,1983,3,16
M_033_A_XV,9.862518787384031,1983,3,17
M_033_A_XV,0.0,1983,3,18
M_033_A_XV,0.0,1983,3,19
M_033_A_XV,1.389061814174056,1983,3,20
M_033_A_XV,0.9315954446792604,1983,3,21
M_033_A_XV,0.9423633217811584,1983,3,22
M_033_A_XV,0.0,1983,3,23
M_033_A_XV,0.0,1983,3,24
M_033_A_XV,2.22933012992e-05,1983,3,25
M_033_A_XV,0.7609907388687134,1983,3,26
M_033_A_XV,1.7975786924362185,1983,3,27
M_033_A_XV,4.998086020350456,1983,3,28
M_033_A_XV,0.0,1983,3,29
M_033_A_XV,1.1710950136184692,1983,3,30
M_033_A_XV,4.483490407466888,1983,3,31
M_033_A_XV,7.857658080756664,1983,4,1
M_033_A_XV,13.352692365646362,1983,4,2
M_033_A_XV,8.84720504283905,1983,4,3
M_033_A_XV,8.416542708873749,1983,4,4
M_033_A_XV,16.74768552184105,1983,4,5
M_033_A_XV,4.387060958892107,1983,4,6
M_033_A_XV,2.631503359414637,1983,4,7
M_033_A_XV,4.900081533472985,1983,4,8
M_033_A_XV,3.525248274207115,1983,4,9
M_033_A_XV,0.8244307640452462,1983,4,10
M_033_A_XV,0.0165445264428854,1983,4,11
M_033_A_XV,0.1760370698757469,1983,4,12
M_033_A_XV,0.0067712402415054,1983,4,13
M_033_A_XV,0.2036047428846359,1983,4,14
M_033_A_XV,0.0009133932180702,1983,4,15
M_033_A_XV,0.0201734621077775,1983,4,16
M_033_A_XV,0.0739693674258887,1983,4,17
M_033_A_XV,3.3009291170164943,1983,4,18
M_033_A_XV,8.20002281665802,1983,4,19
M_033_A_XV,0.3053294084966182,1983,4,20
M_033_A_XV,0.3466316176927648,1983,4,21
M_033_A_XV,0.2259075562469661,1983,4,22
M_033_A_XV,0.0,1983,4,23
M_033_A_XV,0.0,1983,4,24
M_033_A_XV,0.0,1983,4,25
M_033_A_XV,0.0,1983,4,26
M_033_A_XV,0.0,1983,4,27
M_033_A_XV,0.0,1983,4,28
M_033_A_XV,0.0,1983,4,29
M_033_A_XV,0.0,1983,4,30
M_033_A_XV,1.6833369731903076,1983,5,1
M_033_A_XV,3.41733767092228,1983,5,2
M_033_A_XV,3.478424906730652,1983,5,3
M_033_A_XV,0.0,1983,5,4
M_033_A_XV,0.0202202145010232,1983,5,5
M_033_A_XV,0.0,1983,5,6
M_033_A_XV,0.0,1983,5,7
M_033_A_XV,0.0,1983,5,8
M_033_A_XV,0.0,1983,5,9
M_033_A_XV,0.0979765504598617,1983,5,10
M_033_A_XV,0.0,1983,5,11
M_033_A_XV,0.0,1983,5,12
M_033_A_XV,0.0037402175366878,1983,5,13
M_033_A_XV,0.0,1983,5,14
M_033_A_XV,0.0,1983,5,15
M_033_A_XV,0.0,1983,5,16
M_033_A_XV,0.0,1983,5,17
M_033_A_XV,0.0,1983,5,18
M_033_A_XV,0.0,1983,5,19
M_033_A_XV,0.0,1983,5,20
M_033_A_XV,0.0,1983,5,21
M_033_A_XV,0.0,1983,5,22
M_033_A_XV,0.0,1983,5,23
M_033_A_XV,0.0,1983,5,24
M_033_A_XV,0.0,1983,5,25
M_033_A_XV,0.0,1983,5,26
M_033_A_XV,0.0,1983,5,27
M_033_A_XV,0.0,1983,5,28
M_033_A_XV,0.0,1983,5,29
M_033_A_XV,0.0,1983,5,30
M_033_A_XV,0.0,1983,5,31
M_033_A_XV,0.0,1983,6,1
M_033_A_XV,0.0,1983,6,2
M_033_A_XV,0.0,1983,6,3
M_033_A_XV,0.0,1983,6,4
M_033_A_XV,0.0,1983,6,5
M_033_A_XV,0.0,1983,6,6
M_033_A_XV,0.0,1983,6,7
M_033_A_XV,0.0,1983,6,8
M_033_A_XV,0.0,1983,6,9
M_033_A_XV,0.0,1983,6,10
M_033_A_XV,0.4123095273971557,1983,6,11
M_033_A_XV,0.0,1983,6,12
M_033_A_XV,0.0,1983,6,13
M_033_A_XV,0.0,1983,6,14
M_033_A_XV,0.0,1983,6,15
M_033_A_XV,0.0,1983,6,16
M_033_A_XV,0.0,1983,6,17
M_033_A_XV,0.0,1983,6,18
M_033_A_XV,0.0,1983,6,19
M_033_A_XV,0.0,1983,6,20
M_033_A_XV,0.0,1983,6,21
M_033_A_XV,0.0,1983,6,22
M_033_A_XV,0.0,1983,6,23
M_033_A_XV,0.0,1983,6,24
M_033_A_XV,0.0,1983,6,25
M_033_A_XV,0.0,1983,6,26
M_033_A_XV,0.0,1983,6,27
M_033_A_XV,0.0,1983,6,28
M_033_A_XV,0.0,1983,6,29
M_033_A_XV,0.0,1983,6,30
M_033_A_XV,0.0271741338074207,1983,7,1
M_033_A_XV,0.0,1983,7,2
M_033_A_XV,0.0,1983,7,3
M_033_A_XV,0.0,1983,7,4
M_033_A_XV,0.0,1983,7,5
M_033_A_XV,0.0,1983,7,6
M_033_A_XV,0.0,1983,7,7
M_033_A_XV,0.0,1983,7,8
M_033_A_XV,0.0,1983,7,9
M_033_A_XV,0.0,1983,7,10
M_033_A_XV,0.0,1983,7,11
M_033_A_XV,0.0,1983,7,12
M_033_A_XV,0.0,1983,7,13
M_033_A_XV,0.0,1983,7,14
M_033_A_XV,0.0,1983,7,15
M_033_A_XV,0.0,1983,7,16
M_033_A_XV,0.0,1983,7,17
M_033_A_XV,0.0,1983,7,18
M_033_A_XV,0.0,1983,7,19
M_033_A_XV,0.0,1983,7,20
M_033_A_XV,0.0,1983,7,21
M_033_A_XV,0.0,1983,7,22
M_033_A_XV,0.0,1983,7,23
M_033_A_XV,0.0,1983,7,24
M_033_A_XV,0.0005610326188616,1983,7,25
M_033_A_XV,0.1912310826592147,1983,7,26
M_033_A_XV,0.0,1983,7,27
M_033_A_XV,0.0,1983,7,28
M_033_A_XV,0.0,1983,7,29
M_033_A_XV,0.0006077853468013,1983,7,30
M_033_A_XV,0.0,1983,7,31
M_033_A_XV,0.0,1983,8,1
M_033_A_XV,0.0,1983,8,2
M_033_A_XV,0.0,1983,8,3
M_033_A_XV,0.0,1983,8,4
M_033_A_XV,0.0,1983,8,5
M_033_A_XV,0.0,1983,8,6
M_033_A_XV,0.0,1983,8,7
M_033_A_XV,0.0,1983,8,8
M_033_A_XV,0.0068647456355392,1983,8,9
M_033_A_XV,0.0,1983,8,10
M_033_A_XV,0.0,1983,8,11
M_033_A_XV,0.0,1983,8,12
M_033_A_XV,0.0,1983,8,13
M_033_A_XV,0.1344897598028183,1983,8,14
M_033_A_XV,1.2127454280853271,1983,8,15
M_033_A_XV,0.1346767731010913,1983,8,16
M_033_A_XV,4.67527170258e-05,1983,8,17
M_033_A_XV,0.0,1983,8,18
M_033_A_XV,0.0,1983,8,19
M_033_A_XV,0.0,1983,8,20
M_033_A_XV,0.0,1983,8,21
M_033_A_XV,0.0,1983,8,22
M_033_A_XV,0.0,1983,8,23
M_033_A_XV,0.0,1983,8,24
M_033_A_XV,0.0,1983,8,25
M_033_A_XV,1.06887413142249,1983,8,26
M_033_A_XV,4.139992415904999,1983,8,27
M_033_A_XV,4.150894366204739,1983,8,28
M_033_A_XV,2.085609823465348,1983,8,29
M_033_A_XV,0.6091976697061909,1983,8,30
M_033_A_XV,0.0004675271920859,1983,8,31
M_033_A_XV,0.0005142799091117,1983,9,1
M_033_A_XV,0.0,1983,9,2
M_033_A_XV,0.0,1983,9,3
M_033_A_XV,0.0005142799091117,1983,9,4
M_033_A_XV,4.67527170258e-05,1983,9,5
M_033_A_XV,0.0,1983,9,6
M_033_A_XV,0.0,1983,9,7
M_033_A_XV,0.0,1983,9,8
M_033_A_XV,0.2734352875013428,1983,9,9
M_033_A_XV,6.73693984746933,1983,9,10
M_033_A_XV,7.612613260746002,1983,9,11
M_033_A_XV,0.0,1983,9,12
M_033_A_XV,0.0,1983,9,13
M_033_A_XV,0.0,1983,9,14
M_033_A_XV,0.0,1983,9,15
M_033_A_XV,0.0,1983,9,16
M_033_A_XV,0.0,1983,9,17
M_033_A_XV,0.0,1983,9,18
M_033_A_XV,0.0,1983,9,19
M_033_A_XV,0.0,1983,9,20
M_033_A_XV,0.0023376359604299,1983,9,21
M_033_A_XV,0.4281309739599237,1983,9,22
M_033_A_XV,0.2106176512315869,1983,9,23
M_033_A_XV,0.0049557881429791,1983,9,24
M_033_A_XV,0.0014025815762579,1983,9,25
M_033_A_XV,0.0028051631525158,1983,9,26
M_033_A_XV,0.8805964226339711,1983,9,27
M_033_A_XV,0.0719201536849141,1983,9,28
M_033_A_XV,0.0714526250958442,1983,9,29
M_033_A_XV,0.0711253564950311,1983,9,30
M_033_A_XV,0.1121268160641193,1983,10,1
M_033_A_XV,0.4067958570085466,1983,10,2
M_033_A_XV,1.4682720061391592,1983,10,3
M_033_A_XV,2.0021114889532328,1983,10,4
M_033_A_XV,4.515428274869919,1983,10,5
M_033_A_XV,1.881687358021736,1983,10,6
M_033_A_XV,0.000423572724685,1983,10,7
M_033_A_XV,0.0,1983,10,8
M_033_A_XV,1.0143303871154783,1983,10,9
M_033_A_XV,5.766529240645468,1983,10,10
M_033_A_XV,4.057133950293064,1983,10,11
M_033_A_XV,0.0009350543841719,1983,10,12
M_033_A_XV,0.0005142799091117,1983,10,13
M_033_A_XV,0.0,1983,10,14
M_033_A_XV,0.2925860583782196,1983,10,15
M_033_A_XV,0.0748109164160268,1983,10,16
M_033_A_XV,0.0,1983,10,17
M_033_A_XV,0.0,1983,10,18
M_033_A_XV,0.0,1983,10,19
M_033_A_XV,0.0,1983,10,20
M_033_A_XV,0.0,1983,10,21
M_033_A_XV,0.0,1983,10,22
M_033_A_XV,0.0,1983,10,23
M_033_A_XV,0.0001402581547154,1983,10,24
M_033_A_XV,0.0004675271920859,1983,10,25
M_033_A_XV,0.0,1983,10,26
M_033_A_XV,0.5615065544843674,1983,10,27
M_033_A_XV,0.0086881015449762,1983,10,28
M_033_A_XV,0.009490801996435,1983,10,29
M_033_A_XV,0.0,1983,10,30
M_033_A_XV,0.0,1983,10,31
M_033_A_XV,0.0,1983,11,1
M_033_A_XV,0.0,1983,11,2
M_033_A_XV,0.0,1983,11,3
M_033_A_XV,0.0,1983,11,4
M_033_A_XV,0.0,1983,11,5
M_033_A_XV,0.0,1983,11,6
M_033_A_XV,0.0,1983,11,7
M_033_A_XV,0.0,1983,11,8
M_033_A_XV,0.0,1983,11,9
M_033_A_XV,0.0,1983,11,10
M_033_A_XV,0.0,1983,11,11
M_033_A_XV,0.0,1983,11,12
M_033_A_XV,0.0,1983,11,13
M_033_A_XV,0.0,1983,11,14
M_033_A_XV,0.0,1983,11,15
M_033_A_XV,0.0,1983,11,16
M_033_A_XV,0.0605671443045139,1983,11,17
M_033_A_XV,1.5207706401124597,1983,11,18
M_033_A_XV,0.0014025815762579,1983,11,19
M_033_A_XV,0.0,1983,11,20
M_033_A_XV,0.0,1983,11,21
M_033_A_XV,0.0,1983,11,22
M_033_A_XV,0.0,1983,11,23
M_033_A_XV,0.0,1983,11,24
M_033_A_XV,6.719548672437668,1983,11,25
M_033_A_XV,9.399119973182678,1983,11,26
M_033_A_XV,3.420277178287506,1983,11,27
M_033_A_XV,0.0,1983,11,28
M_033_A_XV,1.099761904682964,1983,11,29
M_033_A_XV,0.5455934036035615,1983,11,30
M_033_A_XV,4.126654556021094,1983,12,1
M_033_A_XV,7.394427597522736,1983,12,2
M_033_A_XV,12.28036892414093,1983,12,3
M_033_A_XV,8.485891878604889,1983,12,4
M_033_A_XV,0.0443654691334813,1983,12,5
M_033_A_XV,0.0,1983,12,6
M_033_A_XV,0.0,1983,12,7
M_033_A_XV,0.0068381201417651,1983,12,8
M_033_A_XV,1.22045436501503,1983,12,9
M_033_A_XV,0.180073644965887,1983,12,10
M_033_A_XV,1.529999941587448,1983,12,11
M_033_A_XV,10.672520399093628,1983,12,12
M_033_A_XV,13.282001495361328,1983,12,13
M_033_A_XV,10.325784623622894,1983,12,14
M_033_A_XV,3.018177205696702,1983,12,15
M_033_A_XV,10.746688760817053,1983,12,16
M_033_A_XV,7.837559998035431,1983,12,17
M_033_A_XV,8.197776734828949,1983,12,18
M_033_A_XV,0.0069308651582105,1983,12,19
M_033_A_XV,2.756860427882202,1983,12,20
M_033_A_XV,2.177199016092345,1983,12,21
M_033_A_XV,13.81496086716652,1983,12,22
M_033_A_XV,6.696031037718058,1983,12,23
M_033_A_XV,8.82238054415211,1983,12,24
M_033_A_XV,15.130058497190475,1983,12,25
M_033_A_XV,8.286874047131278,1983,12,26
M_033_A_XV,4.75053870677948,1983,12,27
M_033_A_XV,7.088767434004694,1983,12,28
M_033_A_XV,1.5954241454601288,1983,12,29
M_033_A_XV,3.924590232956689,1983,12,30
M_033_A_XV,13.822884678840635,1983,12,31
M_033_A_XV,9.61250376701355,1984,1,1
M_033_A_XV,16.874546468257904,1984,1,2
M_033_A_XV,11.727346122264862,1984,1,3
M_033_A_XV,7.1080547124147415,1984,1,4
M_033_A_XV,15.737502478063108,1984,1,5
M_033_A_XV,19.04999482631684,1984,1,6
M_033_A_XV,12.480057656764984,1984,1,7
M_033_A_XV,5.9983502477407455,1984,1,8
M_033_A_XV,13.231541730463505,1984,1,9
M_033_A_XV,3.0958033385686576,1984,1,10
M_033_A_XV,4.149749159812927,1984,1,11
M_033_A_XV,9.67882114648819,1984,1,12
M_033_A_XV,9.10688030719757,1984,1,13
M_033_A_XV,3.417968675494194,1984,1,14
M_033_A_XV,7.13603201508522,1984,1,15
M_033_A_XV,7.810679957270622,1984,1,16
M_033_A_XV,8.133406434208155,1984,1,17
M_033_A_XV,3.097733072936535,1984,1,18
M_033_A_XV,15.100776076316832,1984,1,19
M_033_A_XV,18.443914115428925,1984,1,20
M_033_A_XV,11.371290743350984,1984,1,21
M_033_A_XV,5.17443560063839,1984,1,22
M_033_A_XV,1.982194535434246,1984,1,23
M_033_A_XV,6.168070625048131,1984,1,24
M_033_A_XV,6.409411370754242,1984,1,25
M_033_A_XV,7.246934980154037,1984,1,26
M_033_A_XV,18.29682964086533,1984,1,27
M_033_A_XV,8.690743505954742,1984,1,28
M_033_A_XV,8.810021668672562,1984,1,29
M_033_A_XV,11.161376670002936,1984,1,30
M_033_A_XV,4.982636213302612,1984,1,31
M_033_A_XV,8.382809072732925,1984,2,1
M_033_A_XV,10.288662925362589,1984,2,2
M_033_A_XV,14.472600392997265,1984,2,3
M_033_A_XV,13.761913537979126,1984,2,4
M_033_A_XV,7.125986896455288,1984,2,5
M_033_A_XV,16.209128643851727,1984,2,6
M_033_A_XV,9.705223798751833,1984,2,7
M_033_A_XV,9.356907944660634,1984,2,8
M_033_A_XV,4.813141703605652,1984,2,9
M_033_A_XV,12.633056476712229,1984,2,10
M_033_A_XV,9.572288319468498,1984,2,11
M_033_A_XV,15.998836047947409,1984,2,12
M_033_A_XV,11.013114899396896,1984,2,13
M_033_A_XV,28.652991771698,1984,2,14
M_033_A_XV,10.182124219834805,1984,2,15
M_033_A_XV,5.156652003526688,1984,2,16
M_033_A_XV,5.897114515304565,1984,2,17
M_033_A_XV,12.0872605368495,1984,2,18
M_033_A_XV,23.378841131925583,1984,2,19
M_033_A_XV,21.582963347435,1984,2,20
M_033_A_XV,19.2582106590271,1984,2,21
M_033_A_XV,22.53967797756195,1984,2,22
M_033_A_XV,12.481650702655315,1984,2,23
M_033_A_XV,16.91282957792282,1984,2,24
M_033_A_XV,18.157891929149628,1984,2,25
M_033_A_XV,7.964728161692619,1984,2,26
M_033_A_XV,3.5767036485485733,1984,2,27
M_033_A_XV,5.380315333604813,1984,2,28
M_033_A_XV,9.853664252907038,1984,2,29
M_033_A_XV,21.55078935623169,1984,3,1
M_033_A_XV,16.38129535317421,1984,3,2
M_033_A_XV,3.672164455056192,1984,3,3
M_033_A_XV,5.0236621499061584,1984,3,4
M_033_A_XV,2.949864313006401,1984,3,5
M_033_A_XV,1.5404848400503397,1984,3,6
M_033_A_XV,1.918454498052597,1984,3,7
M_033_A_XV,1.9238790688104928,1984,3,8
M_033_A_XV,0.5943643369246274,1984,3,9
M_033_A_XV,3.711520984768868,1984,3,10
M_033_A_XV,5.862847685813904,1984,3,11
M_033_A_XV,6.503764867782593,1984,3,12
M_033_A_XV,13.936870366334915,1984,3,13
M_033_A_XV,16.0019348859787,1984,3,14
M_033_A_XV,18.70447874069214,1984,3,15
M_033_A_XV,7.428644865751266,1984,3,16
M_033_A_XV,9.537100613117218,1984,3,17
M_033_A_XV,19.526758149266243,1984,3,18
M_033_A_XV,8.203405506908894,1984,3,19
M_033_A_XV,9.296004941686988,1984,3,20
M_033_A_XV,5.474760899320245,1984,3,21
M_033_A_XV,5.104185447096825,1984,3,22
M_033_A_XV,13.444019973278046,1984,3,23
M_033_A_XV,22.13061010837555,1984,3,24
M_033_A_XV,13.593408584594728,1984,3,25
M_033_A_XV,23.227299451828003,1984,3,26
M_033_A_XV,27.25647735595703,1984,3,27
M_033_A_XV,9.40922997891903,1984,3,28
M_033_A_XV,11.842402063310146,1984,3,29
M_033_A_XV,7.777091324329376,1984,3,30
M_033_A_XV,0.212225142866373,1984,3,31
M_033_A_XV,0.5122764585539699,1984,4,1
M_033_A_XV,1.159296275349334,1984,4,2
M_033_A_XV,0.2295119820628315,1984,4,3
M_033_A_XV,1.2712087854743004,1984,4,4
M_033_A_XV,2.158612605649978,1984,4,5
M_033_A_XV,1.175078256521374,1984,4,6
M_033_A_XV,6.672749102115631,1984,4,7
M_033_A_XV,1.995732915122062,1984,4,8
M_033_A_XV,0.0972178280353546,1984,4,9
M_033_A_XV,0.0,1984,4,10
M_033_A_XV,0.33856201171875,1984,4,11
M_033_A_XV,0.8420649170875549,1984,4,12
M_033_A_XV,0.8539709812757792,1984,4,13
M_033_A_XV,0.2219589648302644,1984,4,14
M_033_A_XV,0.0794354227837175,1984,4,15
M_033_A_XV,0.0006687990389764,1984,4,16
M_033_A_XV,0.0105365142226219,1984,4,17
M_033_A_XV,2.4600739451125264,1984,4,18
M_033_A_XV,7.477856636047363,1984,4,19
M_033_A_XV,0.0060252584517002,1984,4,20
M_033_A_XV,0.7238220605067909,1984,4,21
M_033_A_XV,0.0208279993385076,1984,4,22
M_033_A_XV,0.9535918598994612,1984,4,23
M_033_A_XV,3.691354708513245,1984,4,24
M_033_A_XV,9.9216246008873,1984,4,25
M_033_A_XV,1.9489437588490544,1984,4,26
M_033_A_XV,0.0072588948532938,1984,4,27
M_033_A_XV,0.0,1984,4,28
M_033_A_XV,0.0,1984,4,29
M_033_A_XV,0.0,1984,4,30
M_033_A_XV,0.0,1984,5,1
M_033_A_XV,0.0,1984,5,2
M_033_A_XV,0.0,1984,5,3
M_033_A_XV,0.0,1984,5,4
M_033_A_XV,0.0,1984,5,5
M_033_A_XV,0.0,1984,5,6
M_033_A_XV,0.00820974400267,1984,5,7
M_033_A_XV,1.1562521010637283,1984,5,8
M_033_A_XV,0.0712080323137342,1984,5,9
M_033_A_XV,0.0,1984,5,10
M_033_A_XV,0.0,1984,5,11
M_033_A_XV,0.0,1984,5,12
M_033_A_XV,0.0,1984,5,13
M_033_A_XV,0.0,1984,5,14
M_033_A_XV,0.0,1984,5,15
M_033_A_XV,0.0,1984,5,16
M_033_A_XV,0.0,1984,5,17
M_033_A_XV,0.0,1984,5,18
M_033_A_XV,0.0,1984,5,19
M_033_A_XV,0.5785008668899536,1984,5,20
M_033_A_XV,0.0867796138372796,1984,5,21
M_033_A_XV,1.04722673073411,1984,5,22
M_033_A_XV,1.9005258977413173,1984,5,23
M_033_A_XV,0.1816079318523407,1984,5,24
M_033_A_XV,0.0268979500979185,1984,5,25
M_033_A_XV,0.0,1984,5,26
M_033_A_XV,0.0,1984,5,27
M_033_A_XV,0.0,1984,5,28
M_033_A_XV,0.0,1984,5,29
M_033_A_XV,0.0,1984,5,30
M_033_A_XV,0.1344897598028183,1984,5,31
M_033_A_XV,0.9417302832007408,1984,6,1
M_033_A_XV,0.0742577910423278,1984,6,2
M_033_A_XV,0.0071452620031777,1984,6,3
M_033_A_XV,0.0,1984,6,4
M_033_A_XV,0.0,1984,6,5
M_033_A_XV,0.0,1984,6,6
M_033_A_XV,0.1078723147511482,1984,6,7
M_033_A_XV,0.0067244875244796,1984,6,8
M_033_A_XV,0.0,1984,6,9
M_033_A_XV,0.0,1984,6,10
M_033_A_XV,0.0,1984,6,11
M_033_A_XV,0.0,1984,6,12
M_033_A_XV,0.0,1984,6,13
M_033_A_XV,0.0,1984,6,14
M_033_A_XV,0.0,1984,6,15
M_033_A_XV,0.0,1984,6,16
M_033_A_XV,0.0,1984,6,17
M_033_A_XV,0.0406741946935653,1984,6,18
M_033_A_XV,0.1370503306388855,1984,6,19
M_033_A_XV,0.0681799352169036,1984,6,20
M_033_A_XV,0.0001402581547154,1984,6,21
M_033_A_XV,0.0011579873971641,1984,6,22
M_033_A_XV,1.820243448019028,1984,6,23
M_033_A_XV,3.0575085282325745,1984,6,24
M_033_A_XV,0.3390763107199745,1984,6,25
M_033_A_XV,0.0,1984,6,26
M_033_A_XV,0.0,1984,6,27
M_033_A_XV,0.0,1984,6,28
M_033_A_XV,0.0,1984,6,29
M_033_A_XV,0.0,1984,6,30
M_033_A_XV,0.0,1984,7,1
M_033_A_XV,0.0,1984,7,2
M_033_A_XV,0.0,1984,7,3
M_033_A_XV,0.0,1984,7,4
M_033_A_XV,0.0,1984,7,5
M_033_A_XV,0.0,1984,7,6
M_033_A_XV,0.0,1984,7,7
M_033_A_XV,0.0,1984,7,8
M_033_A_XV,0.0,1984,7,9
M_033_A_XV,0.0,1984,7,10
M_033_A_XV,0.0,1984,7,11
M_033_A_XV,0.0,1984,7,12
M_033_A_XV,0.0,1984,7,13
M_033_A_XV,0.0,1984,7,14
M_033_A_XV,0.0,1984,7,15
M_033_A_XV,0.0,1984,7,16
M_033_A_XV,0.0695608556270599,1984,7,17
M_033_A_XV,0.9422892332077026,1984,7,18
M_033_A_XV,0.2422467335127294,1984,7,19
M_033_A_XV,0.0,1984,7,20
M_033_A_XV,0.0,1984,7,21
M_033_A_XV,0.0,1984,7,22
M_033_A_XV,0.0,1984,7,23
M_033_A_XV,0.0,1984,7,24
M_033_A_XV,0.0,1984,7,25
M_033_A_XV,0.0,1984,7,26
M_033_A_XV,0.0,1984,7,27
M_033_A_XV,0.0,1984,7,28
M_033_A_XV,0.0219033122994005,1984,7,29
M_033_A_XV,0.0138229969888925,1984,7,30
M_033_A_XV,0.0,1984,7,31
M_033_A_XV,0.0,1984,8,1
M_033_A_XV,0.0,1984,8,2
M_033_A_XV,0.0,1984,8,3
M_033_A_XV,0.0,1984,8,4
M_033_A_XV,0.1382299843244254,1984,8,5
M_033_A_XV,1.211062766611576,1984,8,6
M_033_A_XV,0.6946746744215488,1984,8,7
M_033_A_XV,0.0077998000197112,1984,8,8
M_033_A_XV,0.2461490485329704,1984,8,9
M_033_A_XV,0.0009818071011977,1984,8,10
M_033_A_XV,4.67527170258e-05,1984,8,11
M_033_A_XV,0.0,1984,8,12
M_033_A_XV,0.0004675271920859,1984,8,13
M_033_A_XV,0.0,1984,8,14
M_033_A_XV,0.0,1984,8,15
M_033_A_XV,0.0,1984,8,16
M_033_A_XV,0.0,1984,8,17
M_033_A_XV,0.0,1984,8,18
M_033_A_XV,0.0,1984,8,19
M_033_A_XV,0.0,1984,8,20
M_033_A_XV,0.0,1984,8,21
M_033_A_XV,0.0,1984,8,22
M_033_A_XV,0.0,1984,8,23
M_033_A_XV,0.0,1984,8,24
M_033_A_XV,0.0,1984,8,25
M_033_A_XV,0.0,1984,8,26
M_033_A_XV,0.0,1984,8,27
M_033_A_XV,0.0,1984,8,28
M_033_A_XV,0.0,1984,8,29
M_033_A_XV,0.0,1984,8,30
M_033_A_XV,0.0,1984,8,31
M_033_A_XV,0.2713171541690826,1984,9,1
M_033_A_XV,0.2078124927356839,1984,9,2
M_033_A_XV,1.1530715669505298,1984,9,3
M_033_A_XV,1.3995625972747805,1984,9,4
M_033_A_XV,0.0,1984,9,5
M_033_A_XV,0.0,1984,9,6
M_033_A_XV,0.0,1984,9,7
M_033_A_XV,0.0002805163094308,1984,9,8
M_033_A_XV,0.4627352356910705,1984,9,9
M_033_A_XV,0.0020497194491326,1984,9,10
M_033_A_XV,0.0,1984,9,11
M_033_A_XV,0.5267279316612985,1984,9,12
M_033_A_XV,0.2149812686257064,1984,9,13
M_033_A_XV,0.4177905921824276,1984,9,14
M_033_A_XV,0.0,1984,9,15
M_033_A_XV,0.0,1984,9,16
M_033_A_XV,0.0,1984,9,17
M_033_A_XV,0.0,1984,9,18
M_033_A_XV,0.0,1984,9,19
M_033_A_XV,0.0,1984,9,20
M_033_A_XV,0.0,1984,9,21
M_033_A_XV,0.0,1984,9,22
M_033_A_XV,0.0,1984,9,23
M_033_A_XV,0.0,1984,9,24
M_033_A_XV,0.0,1984,9,25
M_033_A_XV,0.0,1984,9,26
M_033_A_XV,0.0,1984,9,27
M_033_A_XV,0.0,1984,9,28
M_033_A_XV,0.0,1984,9,29
M_033_A_XV,0.0,1984,9,30
M_033_A_XV,0.0,1984,10,1
M_033_A_XV,0.0,1984,10,2
M_033_A_XV,0.4737422168254852,1984,10,3
M_033_A_XV,2.189555287361145,1984,10,4
M_033_A_XV,0.8224446177482605,1984,10,5
M_033_A_XV,0.6927164900116622,1984,10,6
M_033_A_XV,1.6651589833199978,1984,10,7
M_033_A_XV,3.6345750838518143,1984,10,8
M_033_A_XV,0.0672448799014091,1984,10,9
M_033_A_XV,0.0,1984,10,10
M_033_A_XV,0.0,1984,10,11
M_033_A_XV,0.1513544917106628,1984,10,12
M_033_A_XV,2.550084179591068,1984,10,13
M_033_A_XV,6.2250654101371765,1984,10,14
M_033_A_XV,2.757171154022217,1984,10,15
M_033_A_XV,4.512407928705216,1984,10,16
M_033_A_XV,0.0050973105244338,1984,10,17
M_033_A_XV,3.3782230224460363,1984,10,18
M_033_A_XV,7.814109563827515,1984,10,19
M_033_A_XV,7.706704646348953,1984,10,20
M_033_A_XV,4.411802679300308,1984,10,21
M_033_A_XV,8.96813952922821,1984,10,22
M_033_A_XV,2.2814683844335377,1984,10,23
M_033_A_XV,6.26873080059886,1984,10,24
M_033_A_XV,7.578397244215012,1984,10,25
M_033_A_XV,19.67213958501816,1984,10,26
M_033_A_XV,7.205388724803925,1984,10,27
M_033_A_XV,13.306205332279204,1984,10,28
M_033_A_XV,0.0,1984,10,29
M_033_A_XV,1.9555811882019043,1984,10,30
M_033_A_XV,10.699186496436596,1984,10,31
M_033_A_XV,7.640111446380615,1984,11,1
M_033_A_XV,0.6445870767347515,1984,11,2
M_033_A_XV,0.0615957044064998,1984,11,3
M_033_A_XV,0.1350975418899906,1984,11,4
M_033_A_XV,0.0,1984,11,5
M_033_A_XV,4.892450362443924,1984,11,6
M_033_A_XV,6.871257036924362,1984,11,7
M_033_A_XV,3.947452738881111,1984,11,8
M_033_A_XV,5.601936399936676,1984,11,9
M_033_A_XV,0.079120069174678,1984,11,10
M_033_A_XV,0.0,1984,11,11
M_033_A_XV,0.2190531803207704,1984,11,12
M_033_A_XV,10.917846823576838,1984,11,13
M_033_A_XV,10.959840893745422,1984,11,14
M_033_A_XV,15.820509314537048,1984,11,15
M_033_A_XV,13.299141466617584,1984,11,16
M_033_A_XV,5.807635515928268,1984,11,17
M_033_A_XV,4.014436945319176,1984,11,18
M_033_A_XV,15.187161043286324,1984,11,19
M_033_A_XV,4.989182148128748,1984,11,20
M_033_A_XV,2.7166728116571903,1984,11,21
M_033_A_XV,6.158122211694717,1984,11,22
M_033_A_XV,0.2838860270567238,1984,11,23
M_033_A_XV,2.8775147888809443,1984,11,24
M_033_A_XV,18.97626686096192,1984,11,25
M_033_A_XV,11.41735927760601,1984,11,26
M_033_A_XV,15.461198307573795,1984,11,27
M_033_A_XV,14.370433501899242,1984,11,28
M_033_A_XV,13.05021035671234,1984,11,29
M_033_A_XV,8.420417368412018,1984,11,30
M_033_A_XV,3.686887502670288,1984,12,1
M_033_A_XV,7.378953814506531,1984,12,2
M_033_A_XV,10.0236407071352,1984,12,3
M_033_A_XV,5.395150855183601,1984,12,4
M_033_A_XV,11.884131625294684,1984,12,5
M_033_A_XV,11.058208703994753,1984,12,6
M_033_A_XV,3.098238862032304,1984,12,7
M_033_A_XV,3.7555702794343233,1984,12,8
M_033_A_XV,17.296892821788788,1984,12,9
M_033_A_XV,15.150331020355225,1984,12,10
M_033_A_XV,4.883862853050232,1984,12,11
M_033_A_XV,0.0938627440482378,1984,12,12
M_033_A_XV,1.8128027352504432,1984,12,13
M_033_A_XV,0.0,1984,12,14
M_033_A_XV,0.0,1984,12,15
M_033_A_XV,0.0,1984,12,16
M_033_A_XV,0.0,1984,12,17
M_033_A_XV,0.0,1984,12,18
M_033_A_XV,2.848263818770647,1984,12,19
M_033_A_XV,15.785671338438988,1984,12,20
M_033_A_XV,6.08651290088892,1984,12,21
M_033_A_XV,16.221897840499878,1984,12,22
M_033_A_XV,0.7908080816268921,1984,12,23
M_033_A_XV,7.943067729473114,1984,12,24
M_033_A_XV,24.26893162727356,1984,12,25
M_033_A_XV,6.614749193191528,1984,12,26
M_033_A_XV,3.928709834814072,1984,12,27
M_033_A_XV,8.091869950294495,1984,12,28
M_033_A_XV,5.929688610136509,1984,12,29
M_033_A_XV,12.403897047042848,1984,12,30
M_033_A_XV,5.374486476182938,1984,12,31
M_033_A_XV,9.731301821768284,1985,1,1
M_033_A_XV,17.228372648358345,1985,1,2
M_033_A_XV,12.790713787078856,1985,1,3
M_033_A_XV,10.57683962583542,1985,1,4
M_033_A_XV,18.62174990773201,1985,1,5
M_033_A_XV,7.588738165795803,1985,1,6
M_033_A_XV,7.446444779634476,1985,1,7
M_033_A_XV,18.164740085601807,1985,1,8
M_033_A_XV,19.544223308563232,1985,1,9
M_033_A_XV,9.84590110182762,1985,1,10
M_033_A_XV,15.085876062512398,1985,1,11
M_033_A_XV,16.4319024682045,1985,1,12
M_033_A_XV,4.737738877534866,1985,1,13
M_033_A_XV,6.653507709503174,1985,1,14
M_033_A_XV,6.146625876426697,1985,1,15
M_033_A_XV,10.626589179039,1985,1,16
M_033_A_XV,18.478966772556305,1985,1,17
M_033_A_XV,13.478398084640505,1985,1,18
M_033_A_XV,5.803786978125572,1985,1,19
M_033_A_XV,3.970572084188461,1985,1,20
M_033_A_XV,5.027881981106475,1985,1,21
M_033_A_XV,5.970325524453074,1985,1,22
M_033_A_XV,14.458164691925049,1985,1,23
M_033_A_XV,12.766892828047276,1985,1,24
M_033_A_XV,12.210687935352324,1985,1,25
M_033_A_XV,18.123279333114624,1985,1,26
M_033_A_XV,14.243109464645386,1985,1,27
M_033_A_XV,3.363272309303284,1985,1,28
M_033_A_XV,5.568860173225403,1985,1,29
M_033_A_XV,6.352579653263092,1985,1,30
M_033_A_XV,3.3876682221889496,1985,1,31
M_033_A_XV,8.039503306150436,1985,2,1
M_033_A_XV,8.044172167778015,1985,2,2
M_033_A_XV,16.905575394630432,1985,2,3
M_033_A_XV,11.622045516967772,1985,2,4
M_033_A_XV,2.0852291798219085,1985,2,5
M_033_A_XV,2.0855038166046143,1985,2,6
M_033_A_XV,0.881706178188324,1985,2,7
M_033_A_XV,0.578974723815918,1985,2,8
M_033_A_XV,0.3296624347567558,1985,2,9
M_033_A_XV,0.9132889807224274,1985,2,10
M_033_A_XV,4.308448498461075,1985,2,11
M_033_A_XV,3.457669645082205,1985,2,12
M_033_A_XV,8.758688438683748,1985,2,13
M_033_A_XV,7.480203703045845,1985,2,14
M_033_A_XV,4.724867597222328,1985,2,15
M_033_A_XV,3.7422222793102256,1985,2,16
M_033_A_XV,5.228360813576728,1985,2,17
M_033_A_XV,12.898715313524008,1985,2,18
M_033_A_XV,6.841243267059326,1985,2,19
M_033_A_XV,5.408294135704637,1985,2,20
M_033_A_XV,2.185732257552445,1985,2,21
M_033_A_XV,0.7738764512796479,1985,2,22
M_033_A_XV,0.9762413874268532,1985,2,23
M_033_A_XV,7.223249047994614,1985,2,24
M_033_A_XV,14.813654214143751,1985,2,25
M_033_A_XV,1.601334003265947,1985,2,26
M_033_A_XV,0.6612704088911414,1985,2,27
M_033_A_XV,1.0793312638998032,1985,2,28
M_033_A_XV,2.4794925674796104,1985,3,1
M_033_A_XV,0.7435268759727478,1985,3,2
M_033_A_XV,0.3398129791021347,1985,3,3
M_033_A_XV,0.4634024575352669,1985,3,4
M_033_A_XV,7.58480504155159,1985,3,5
M_033_A_XV,2.4545419067144394,1985,3,6
M_033_A_XV,2.9779542088508606,1985,3,7
M_033_A_XV,12.913612514734268,1985,3,8
M_033_A_XV,13.277888059616089,1985,3,9
M_033_A_XV,20.79783681035041,1985,3,10
M_033_A_XV,17.427781224250793,1985,3,11
M_033_A_XV,13.457059800624847,1985,3,12
M_033_A_XV,13.392560720443726,1985,3,13
M_033_A_XV,2.3487547184340656,1985,3,14
M_033_A_XV,0.0,1985,3,15
M_033_A_XV,0.0,1985,3,16
M_033_A_XV,0.9205247759819032,1985,3,17
M_033_A_XV,1.7002806779928503,1985,3,18
M_033_A_XV,3.524755787570029,1985,3,19
M_033_A_XV,0.5194791841786355,1985,3,20
M_033_A_XV,2.262438081204891,1985,3,21
M_033_A_XV,9.796048760414124,1985,3,22
M_033_A_XV,11.718804001808168,1985,3,23
M_033_A_XV,10.552191615104675,1985,3,24
M_033_A_XV,6.988407745957375,1985,3,25
M_033_A_XV,8.581502869725227,1985,3,26
M_033_A_XV,5.032361686229706,1985,3,27
M_033_A_XV,0.7001544237136841,1985,3,28
M_033_A_XV,0.1899566389620304,1985,3,29
M_033_A_XV,1.4920716267079115,1985,3,30
M_033_A_XV,3.960488174110651,1985,3,31
M_033_A_XV,2.3389288410544395,1985,4,1
M_033_A_XV,7.797999595291912,1985,4,2
M_033_A_XV,24.800124526023865,1985,4,3
M_033_A_XV,17.25963521003723,1985,4,4
M_033_A_XV,21.362618446350098,1985,4,5
M_033_A_XV,0.9912378095905297,1985,4,6
M_033_A_XV,8.328409492969513,1985,4,7
M_033_A_XV,13.40226924419403,1985,4,8
M_033_A_XV,5.497054450213909,1985,4,9
M_033_A_XV,7.142887592315674,1985,4,10
M_033_A_XV,5.3274891041219234,1985,4,11
M_033_A_XV,4.419155597686768,1985,4,12
M_033_A_XV,1.9406355619430544,1985,4,13
M_033_A_XV,3.8932833671569824,1985,4,14
M_033_A_XV,0.3057479846756905,1985,4,15
M_033_A_XV,0.0,1985,4,16
M_033_A_XV,0.0,1985,4,17
M_033_A_XV,0.7939570681191981,1985,4,18
M_033_A_XV,4.193560123443604,1985,4,19
M_033_A_XV,5.008497551083565,1985,4,20
M_033_A_XV,4.040988150518388,1985,4,21
M_033_A_XV,14.09817849844694,1985,4,22
M_033_A_XV,1.4705473352223637,1985,4,23
M_033_A_XV,1.4510440975427628,1985,4,24
M_033_A_XV,2.5617883261293173,1985,4,25
M_033_A_XV,3.286018617451191,1985,4,26
M_033_A_XV,3.060736656188965,1985,4,27
M_033_A_XV,2.407098174095154,1985,4,28
M_033_A_XV,3.886675916612148,1985,4,29
M_033_A_XV,1.7226690109819174,1985,4,30
M_033_A_XV,0.0496765673160553,1985,5,1
M_033_A_XV,0.081119067966938,1985,5,2
M_033_A_XV,0.6595134381204844,1985,5,3
M_033_A_XV,0.0101179648190736,1985,5,4
M_033_A_XV,0.2420815676450729,1985,5,5
M_033_A_XV,0.295032984111458,1985,5,6
M_033_A_XV,2.550063611008227,1985,5,7
M_033_A_XV,0.0,1985,5,8
M_033_A_XV,0.0,1985,5,9
M_033_A_XV,0.0,1985,5,10
M_033_A_XV,0.0,1985,5,11
M_033_A_XV,0.0,1985,5,12
M_033_A_XV,0.0,1985,5,13
M_033_A_XV,0.0,1985,5,14
M_033_A_XV,0.0,1985,5,15
M_033_A_XV,0.0,1985,5,16
M_033_A_XV,0.0,1985,5,17
M_033_A_XV,0.0,1985,5,18
M_033_A_XV,0.0,1985,5,19
M_033_A_XV,0.0,1985,5,20
M_033_A_XV,0.0,1985,5,21
M_033_A_XV,0.0,1985,5,22
M_033_A_XV,0.0,1985,5,23
M_033_A_XV,0.2856544107198715,1985,5,24
M_033_A_XV,0.2033709734678268,1985,5,25
M_033_A_XV,0.6008349880576134,1985,5,26
M_033_A_XV,0.6981202159076929,1985,5,27
M_033_A_XV,0.296923853456974,1985,5,28
M_033_A_XV,0.6766298659495078,1985,5,29
M_033_A_XV,0.9479519575834274,1985,5,30
M_033_A_XV,0.0032726903446018,1985,5,31
M_033_A_XV,0.0004675271920859,1985,6,1
M_033_A_XV,0.2848228326511162,1985,6,2
M_033_A_XV,0.0218838303117081,1985,6,3
M_033_A_XV,0.0114527408732101,1985,6,4
M_033_A_XV,1.0275175604474498,1985,6,5
M_033_A_XV,5.731606870889664,1985,6,6
M_033_A_XV,3.1975971162319183,1985,6,7
M_033_A_XV,0.0008883016416803,1985,6,8
M_033_A_XV,0.0,1985,6,9
M_033_A_XV,0.0,1985,6,10
M_033_A_XV,0.0,1985,6,11
M_033_A_XV,0.0,1985,6,12
M_033_A_XV,0.0,1985,6,13
M_033_A_XV,0.0004675271920859,1985,6,14
M_033_A_XV,0.0001402581547154,1985,6,15
M_033_A_XV,0.0,1985,6,16
M_033_A_XV,0.0,1985,6,17
M_033_A_XV,0.0067712403833866,1985,6,18
M_033_A_XV,0.3411476540823059,1985,6,19
M_033_A_XV,0.0,1985,6,20
M_033_A_XV,0.0,1985,6,21
M_033_A_XV,0.0,1985,6,22
M_033_A_XV,0.0,1985,6,23
M_033_A_XV,0.0677124038338661,1985,6,24
M_033_A_XV,0.0763070019893348,1985,6,25
M_033_A_XV,0.0,1985,6,26
M_033_A_XV,0.0067712403833866,1985,6,27
M_033_A_XV,0.0,1985,6,28
M_033_A_XV,0.0,1985,6,29
M_033_A_XV,0.0,1985,6,30
M_033_A_XV,0.0,1985,7,1
M_033_A_XV,0.0,1985,7,2
M_033_A_XV,0.0,1985,7,3
M_033_A_XV,0.0,1985,7,4
M_033_A_XV,0.0,1985,7,5
M_033_A_XV,0.0,1985,7,6
M_033_A_XV,0.0069114984944462,1985,7,7
M_033_A_XV,0.0,1985,7,8
M_033_A_XV,0.0,1985,7,9
M_033_A_XV,0.3970720171928406,1985,7,10
M_033_A_XV,0.9807703197002412,1985,7,11
M_033_A_XV,0.3175002667121589,1985,7,12
M_033_A_XV,0.0756818824447691,1985,7,13
M_033_A_XV,0.4423171766102314,1985,7,14
M_033_A_XV,0.0083370059728622,1985,7,15
M_033_A_XV,0.0,1985,7,16
M_033_A_XV,0.0,1985,7,17
M_033_A_XV,0.0,1985,7,18
M_033_A_XV,0.0,1985,7,19
M_033_A_XV,0.0067244875244796,1985,7,20
M_033_A_XV,0.107919067468174,1985,7,21
M_033_A_XV,0.0004675271920859,1985,7,22
M_033_A_XV,0.0,1985,7,23
M_033_A_XV,0.0140768871642649,1985,7,24
M_033_A_XV,0.0,1985,7,25
M_033_A_XV,0.0,1985,7,26
M_033_A_XV,0.0,1985,7,27
M_033_A_XV,0.0,1985,7,28
M_033_A_XV,0.0,1985,7,29
M_033_A_XV,0.0,1985,7,30
M_033_A_XV,0.0,1985,7,31
M_033_A_XV,0.0,1985,8,1
M_033_A_XV,0.0,1985,8,2
M_033_A_XV,0.0,1985,8,3
M_033_A_XV,0.0677124038338661,1985,8,4
M_033_A_XV,1.2505402937531471,1985,8,5
M_033_A_XV,0.0009350543841719,1985,8,6
M_033_A_XV,0.0,1985,8,7
M_033_A_XV,0.0002805163094308,1985,8,8
M_033_A_XV,0.0,1985,8,9
M_033_A_XV,0.0,1985,8,10
M_033_A_XV,0.0,1985,8,11
M_033_A_XV,0.0,1985,8,12
M_033_A_XV,0.0,1985,8,13
M_033_A_XV,0.0,1985,8,14
M_033_A_XV,0.0,1985,8,15
M_033_A_XV,0.0,1985,8,16
M_033_A_XV,0.0,1985,8,17
M_033_A_XV,0.0,1985,8,18
M_033_A_XV,0.0,1985,8,19
M_033_A_XV,0.0,1985,8,20
M_033_A_XV,0.0327887911298603,1985,8,21
M_033_A_XV,0.2743452489376068,1985,8,22
M_033_A_XV,0.1897729617048753,1985,8,23
M_033_A_XV,0.0,1985,8,24
M_033_A_XV,0.0,1985,8,25
M_033_A_XV,0.0,1985,8,26
M_033_A_XV,0.0806938484311103,1985,8,27
M_033_A_XV,0.8610616736114025,1985,8,28
M_033_A_XV,1.9842607248574493,1985,8,29
M_033_A_XV,4.87785542011261,1985,8,30
M_033_A_XV,1.595768578350544,1985,8,31
M_033_A_XV,3.486957460641861,1985,9,1
M_033_A_XV,0.5538332611322403,1985,9,2
M_033_A_XV,0.0,1985,9,3
M_033_A_XV,0.0,1985,9,4
M_033_A_XV,0.0,1985,9,5
M_033_A_XV,4.67527170258e-05,1985,9,6
M_033_A_XV,0.0006904602050781,1985,9,7
M_033_A_XV,0.3380944952368736,1985,9,8
M_033_A_XV,0.0,1985,9,9
M_033_A_XV,0.5700932490144623,1985,9,10
M_033_A_XV,0.1134358933632029,1985,9,11
M_033_A_XV,0.0,1985,9,12
M_033_A_XV,0.4800725281238556,1985,9,13
M_033_A_XV,2.5223741233348846,1985,9,14
M_033_A_XV,0.8931742608547211,1985,9,15
M_033_A_XV,1.6444768570363522,1985,9,16
M_033_A_XV,5.001844376325607,1985,9,17
M_033_A_XV,7.904780745506287,1985,9,18
M_033_A_XV,4.434133529663086,1985,9,19
M_033_A_XV,0.8153540375642478,1985,9,20
M_033_A_XV,3.809049991890788,1985,9,21
M_033_A_XV,0.4126795459051209,1985,9,22
M_033_A_XV,0.0,1985,9,23
M_033_A_XV,0.0,1985,9,24
M_033_A_XV,0.0,1985,9,25
M_033_A_XV,0.0,1985,9,26
M_033_A_XV,0.0,1985,9,27
M_033_A_XV,0.0,1985,9,28
M_033_A_XV,0.0,1985,9,29
M_033_A_XV,0.0,1985,9,30
M_033_A_XV,0.0,1985,10,1
M_033_A_XV,0.0,1985,10,2
M_033_A_XV,0.0611749291419982,1985,10,3
M_033_A_XV,0.0102718286216259,1985,10,4
M_033_A_XV,0.0,1985,10,5
M_033_A_XV,0.00162551458925,1985,10,6
M_033_A_XV,1.550493899732828,1985,10,7
M_033_A_XV,4.604500889778137,1985,10,8
M_033_A_XV,0.2618435504846275,1985,10,9
M_033_A_XV,2.8988728038966656,1985,10,10
M_033_A_XV,0.2129085362394107,1985,10,11
M_033_A_XV,2.063030302670086,1985,10,12
M_033_A_XV,0.1197834210906876,1985,10,13
M_033_A_XV,0.1359469968338089,1985,10,14
M_033_A_XV,1.4375542253255844,1985,10,15
M_033_A_XV,2.19683338701725,1985,10,16
M_033_A_XV,1.4496949399326695,1985,10,17
M_033_A_XV,1.705433338880539,1985,10,18
M_033_A_XV,0.0,1985,10,19
M_033_A_XV,0.0,1985,10,20
M_033_A_XV,0.0,1985,10,21
M_033_A_XV,0.0,1985,10,22
M_033_A_XV,0.4253780725412071,1985,10,23
M_033_A_XV,0.0005142799091117,1985,10,24
M_033_A_XV,0.0,1985,10,25
M_033_A_XV,0.0,1985,10,26
M_033_A_XV,0.007949355058372,1985,10,27
M_033_A_XV,0.1234754558827262,1985,10,28
M_033_A_XV,2.69196093082428,1985,10,29
M_033_A_XV,4.47113556182012,1985,10,30
M_033_A_XV,5.496479542925954,1985,10,31
M_033_A_XV,2.6007245425134897,1985,11,1
M_033_A_XV,4.393950872123241,1985,11,2
M_033_A_XV,0.0,1985,11,3
M_033_A_XV,0.0,1985,11,4
M_033_A_XV,0.0,1985,11,5
M_033_A_XV,2.151656223461032,1985,11,6
M_033_A_XV,8.356177195906639,1985,11,7
M_033_A_XV,12.308429598808289,1985,11,8
M_033_A_XV,6.566126644611359,1985,11,9
M_033_A_XV,2.682042330503464,1985,11,10
M_033_A_XV,2.64999303559307,1985,11,11
M_033_A_XV,8.06094953417778,1985,11,12
M_033_A_XV,20.14391928911209,1985,11,13
M_033_A_XV,13.535848379135132,1985,11,14
M_033_A_XV,20.732386469841003,1985,11,15
M_033_A_XV,9.857511639595032,1985,11,16
M_033_A_XV,6.964500032365322,1985,11,17
M_033_A_XV,13.50356423854828,1985,11,18
M_033_A_XV,6.305857360363007,1985,11,19
M_033_A_XV,17.4472638964653,1985,11,20
M_033_A_XV,5.6223853304982185,1985,11,21
M_033_A_XV,2.7808716613799334,1985,11,22
M_033_A_XV,9.520940884947777,1985,11,23
M_033_A_XV,9.892709702253342,1985,11,24
M_033_A_XV,0.1882935650646686,1985,11,25
M_033_A_XV,0.7756718027849274,1985,11,26
M_033_A_XV,2.6502395272254944,1985,11,27
M_033_A_XV,4.459229230880737,1985,11,28
M_033_A_XV,6.450149700045586,1985,11,29
M_033_A_XV,14.169553518295288,1985,11,30
M_033_A_XV,3.121601090882905,1985,12,1
M_033_A_XV,6.023056834936142,1985,12,2
M_033_A_XV,14.03697109222412,1985,12,3
M_033_A_XV,12.159202568233011,1985,12,4
M_033_A_XV,12.29124864935875,1985,12,5
M_033_A_XV,1.8981770277023315,1985,12,6
M_033_A_XV,6.788385659456253,1985,12,7
M_033_A_XV,11.301518321037292,1985,12,8
M_033_A_XV,10.670336605515333,1985,12,9
M_033_A_XV,6.448144353926182,1985,12,10
M_033_A_XV,12.07101285457611,1985,12,11
M_033_A_XV,5.489897459745407,1985,12,12
M_033_A_XV,5.06177619472146,1985,12,13
M_033_A_XV,9.65122389793396,1985,12,14
M_033_A_XV,15.706809237599373,1985,12,15
M_033_A_XV,20.746300756931305,1985,12,16
M_033_A_XV,7.08251616358757,1985,12,17
M_033_A_XV,1.8818750977516168,1985,12,18
M_033_A_XV,0.3362243771553039,1985,12,19
M_033_A_XV,0.0201734621077775,1985,12,20
M_033_A_XV,3.896348714828491,1985,12,21
M_033_A_XV,28.40164613723755,1985,12,22
M_033_A_XV,9.39922857284546,1985,12,23
M_033_A_XV,4.762704625725746,1985,12,24
M_033_A_XV,5.985712349414825,1985,12,25
M_033_A_XV,29.19715416431427,1985,12,26
M_033_A_XV,13.14512664079666,1985,12,27
M_033_A_XV,13.70503282546997,1985,12,28
M_033_A_XV,25.035873889923096,1985,12,29
M_033_A_XV,13.765154391527176,1985,12,30
M_033_A_XV,10.18226158618927,1985,12,31
M_033_A_XV,1.3448162078857422,1986,1,1
M_033_A_XV,2.212070629000664,1986,1,2
M_033_A_XV,7.219396664761007,1986,1,3
M_033_A_XV,17.22792237997055,1986,1,4
M_033_A_XV,4.970084428787232,1986,1,5
M_033_A_XV,11.867113471031187,1986,1,6
M_033_A_XV,14.154785931110382,1986,1,7
M_033_A_XV,16.728095769882202,1986,1,8
M_033_A_XV,8.677181512117386,1986,1,9
M_033_A_XV,19.225884050130844,1986,1,10
M_033_A_XV,4.250575095415115,1986,1,11
M_033_A_XV,6.797776460647583,1986,1,12
M_033_A_XV,5.998857140541077,1986,1,13
M_033_A_XV,7.766061872243881,1986,1,14
M_033_A_XV,12.306262508034706,1986,1,15
M_033_A_XV,24.71268582344055,1986,1,16
M_033_A_XV,11.626532912254332,1986,1,17
M_033_A_XV,8.091513127088547,1986,1,18
M_033_A_XV,1.5094914543442428,1986,1,19
M_033_A_XV,6.520936988294125,1986,1,20
M_033_A_XV,11.095231652259828,1986,1,21
M_033_A_XV,6.728673353791237,1986,1,22
M_033_A_XV,0.7885828502476215,1986,1,23
M_033_A_XV,0.132017835509032,1986,1,24
M_033_A_XV,0.03878915309906,1986,1,25
M_033_A_XV,0.0067935334518551,1986,1,26
M_033_A_XV,0.0288804937154054,1986,1,27
M_033_A_XV,6.2305893804878,1986,1,28
M_033_A_XV,9.308425068855286,1986,1,29
M_033_A_XV,0.5751192327588797,1986,1,30
M_033_A_XV,3.624146114569157,1986,1,31
M_033_A_XV,20.38467121124268,1986,2,1
M_033_A_XV,6.568787559866905,1986,2,2
M_033_A_XV,8.043672904372215,1986,2,3
M_033_A_XV,1.932519543915987,1986,2,4
M_033_A_XV,5.009109199047089,1986,2,5
M_033_A_XV,9.170442715287209,1986,2,6
M_033_A_XV,11.4579539000988,1986,2,7
M_033_A_XV,15.462546050548552,1986,2,8
M_033_A_XV,7.75831937789917,1986,2,9
M_033_A_XV,4.420322673395276,1986,2,10
M_033_A_XV,11.848492920398712,1986,2,11
M_033_A_XV,7.355735065415502,1986,2,12
M_033_A_XV,6.206656813621521,1986,2,13
M_033_A_XV,6.780170261859894,1986,2,14
M_033_A_XV,8.140741884708405,1986,2,15
M_033_A_XV,5.477752819657326,1986,2,16
M_033_A_XV,4.824656888842583,1986,2,17
M_033_A_XV,9.869449824094772,1986,2,18
M_033_A_XV,12.708480641245842,1986,2,19
M_033_A_XV,19.256863802671432,1986,2,20
M_033_A_XV,9.249633461236954,1986,2,21
M_033_A_XV,9.02150546759367,1986,2,22
M_033_A_XV,10.20805688528344,1986,2,23
M_033_A_XV,2.284894436597824,1986,2,24
M_033_A_XV,9.331389747560024,1986,2,25
M_033_A_XV,6.524031490087509,1986,2,26
M_033_A_XV,6.299611032009125,1986,2,27
M_033_A_XV,11.146672151982784,1986,2,28
M_033_A_XV,17.807602405548096,1986,3,1
M_033_A_XV,12.041589140892029,1986,3,2
M_033_A_XV,9.479274451732635,1986,3,3
M_033_A_XV,7.900379240512848,1986,3,4
M_033_A_XV,9.595826506614683,1986,3,5
M_033_A_XV,10.336443305015564,1986,3,6
M_033_A_XV,9.686545118689535,1986,3,7
M_033_A_XV,21.97055944800377,1986,3,8
M_033_A_XV,13.20450121164322,1986,3,9
M_033_A_XV,3.89670692384243,1986,3,10
M_033_A_XV,7.314367443323135,1986,3,11
M_033_A_XV,4.621901452541351,1986,3,12
M_033_A_XV,5.091284565627575,1986,3,13
M_033_A_XV,5.151494145393372,1986,3,14
M_033_A_XV,3.4756410121917725,1986,3,15
M_033_A_XV,4.498568385839462,1986,3,16
M_033_A_XV,7.513885170221329,1986,3,17
M_033_A_XV,11.812822222709656,1986,3,18
M_033_A_XV,2.264976501464844,1986,3,19
M_033_A_XV,3.8118844064883888,1986,3,20
M_033_A_XV,4.72731576487422,1986,3,21
M_033_A_XV,5.6920689679682255,1986,3,22
M_033_A_XV,4.391185998916626,1986,3,23
M_033_A_XV,2.443764102179557,1986,3,24
M_033_A_XV,2.12886118888855,1986,3,25
M_033_A_XV,1.985027253627777,1986,3,26
M_033_A_XV,2.901906858664006,1986,3,27
M_033_A_XV,5.55600018799305,1986,3,28
M_033_A_XV,4.843941360712051,1986,3,29
M_033_A_XV,1.2666201889514923,1986,3,30
M_033_A_XV,6.379512846469879,1986,3,31
M_033_A_XV,9.37118434906006,1986,4,1
M_033_A_XV,1.2413577064871788,1986,4,2
M_033_A_XV,5.553055422380567,1986,4,3
M_033_A_XV,11.016719937324524,1986,4,4
M_033_A_XV,16.017748475074768,1986,4,5
M_033_A_XV,15.64640176296234,1986,4,6
M_033_A_XV,10.916698262095451,1986,4,7
M_033_A_XV,5.7244283482432365,1986,4,8
M_033_A_XV,1.4483281672000885,1986,4,9
M_033_A_XV,1.6584643125534058,1986,4,10
M_033_A_XV,2.9275357723236084,1986,4,11
M_033_A_XV,4.004544407129288,1986,4,12
M_033_A_XV,0.4921554047614336,1986,4,13
M_033_A_XV,0.0190748405584599,1986,4,14
M_033_A_XV,5.59161987900734,1986,4,15
M_033_A_XV,10.640049934387209,1986,4,16
M_033_A_XV,0.0959661821834743,1986,4,17
M_033_A_XV,0.006958251211472,1986,4,18
M_033_A_XV,0.0073790256865322,1986,4,19
M_033_A_XV,0.0,1986,4,20
M_033_A_XV,0.0,1986,4,21
M_033_A_XV,1.0789461135864258,1986,4,22
M_033_A_XV,2.791364908218384,1986,4,23
M_033_A_XV,2.9330824315547943,1986,4,24
M_033_A_XV,0.0335835887563007,1986,4,25
M_033_A_XV,0.6957711461000144,1986,4,26
M_033_A_XV,1.9996798019856208,1986,4,27
M_033_A_XV,5.8749008774757385,1986,4,28
M_033_A_XV,6.596102952957153,1986,4,29
M_033_A_XV,5.4446945786476135,1986,4,30
M_033_A_XV,0.0806938549503684,1986,5,1
M_033_A_XV,0.0,1986,5,2
M_033_A_XV,0.3900670409202575,1986,5,3
M_033_A_XV,1.0895072147250175,1986,5,4
M_033_A_XV,4.734638512134552,1986,5,5
M_033_A_XV,8.177566766738892,1986,5,6
M_033_A_XV,0.6725714900530875,1986,5,7
M_033_A_XV,0.0,1986,5,8
M_033_A_XV,0.0,1986,5,9
M_033_A_XV,0.0,1986,5,10
M_033_A_XV,0.0,1986,5,11
M_033_A_XV,0.0,1986,5,12
M_033_A_XV,0.0,1986,5,13
M_033_A_XV,0.0,1986,5,14
M_033_A_XV,0.0,1986,5,15
M_033_A_XV,0.0009350543841719,1986,5,16
M_033_A_XV,0.0,1986,5,17
M_033_A_XV,0.0,1986,5,18
M_033_A_XV,0.0,1986,5,19
M_033_A_XV,0.0,1986,5,20
M_033_A_XV,0.0,1986,5,21
M_033_A_XV,0.0,1986,5,22
M_033_A_XV,0.0,1986,5,23
M_033_A_XV,0.0,1986,5,24
M_033_A_XV,0.0,1986,5,25
M_033_A_XV,0.0,1986,5,26
M_033_A_XV,0.0,1986,5,27
M_033_A_XV,0.0,1986,5,28
M_033_A_XV,0.0,1986,5,29
M_033_A_XV,0.0,1986,5,30
M_033_A_XV,0.0,1986,5,31
M_033_A_XV,0.0,1986,6,1
M_033_A_XV,0.0051427991129457,1986,6,2
M_033_A_XV,0.0,1986,6,3
M_033_A_XV,0.0,1986,6,4
M_033_A_XV,0.0,1986,6,5
M_033_A_XV,0.0,1986,6,6
M_033_A_XV,0.0,1986,6,7
M_033_A_XV,0.0,1986,6,8
M_033_A_XV,0.0,1986,6,9
M_033_A_XV,0.0,1986,6,10
M_033_A_XV,0.0,1986,6,11
M_033_A_XV,0.0,1986,6,12
M_033_A_XV,0.0,1986,6,13
M_033_A_XV,0.0,1986,6,14
M_033_A_XV,0.0,1986,6,15
M_033_A_XV,0.0,1986,6,16
M_033_A_XV,0.0,1986,6,17
M_033_A_XV,0.0,1986,6,18
M_033_A_XV,0.0,1986,6,19
M_033_A_XV,0.0,1986,6,20
M_033_A_XV,0.0,1986,6,21
M_033_A_XV,0.0,1986,6,22
M_033_A_XV,0.0,1986,6,23
M_033_A_XV,0.0,1986,6,24
M_033_A_XV,0.0,1986,6,25
M_033_A_XV,0.0,1986,6,26
M_033_A_XV,0.0,1986,6,27
M_033_A_XV,0.0,1986,6,28
M_033_A_XV,0.0,1986,6,29
M_033_A_XV,0.0,1986,6,30
M_033_A_XV,0.0,1986,7,1
M_033_A_XV,0.0,1986,7,2
M_033_A_XV,0.0,1986,7,3
M_033_A_XV,0.0,1986,7,4
M_033_A_XV,0.0,1986,7,5
M_033_A_XV,0.0,1986,7,6
M_033_A_XV,0.0,1986,7,7
M_033_A_XV,0.0,1986,7,8
M_033_A_XV,0.0,1986,7,9
M_033_A_XV,0.0,1986,7,10
M_033_A_XV,0.0,1986,7,11
M_033_A_XV,0.0,1986,7,12
M_033_A_XV,0.0,1986,7,13
M_033_A_XV,0.0,1986,7,14
M_033_A_XV,0.0,1986,7,15
M_033_A_XV,0.0,1986,7,16
M_033_A_XV,0.0,1986,7,17
M_033_A_XV,0.1094151586294174,1986,7,18
M_033_A_XV,4.67527170258e-05,1986,7,19
M_033_A_XV,0.0,1986,7,20
M_033_A_XV,0.0,1986,7,21
M_033_A_XV,4.67527170258e-05,1986,7,22
M_033_A_XV,0.0005142799091117,1986,7,23
M_033_A_XV,0.7187635665759444,1986,7,24
M_033_A_XV,4.265747129917145,1986,7,25
M_033_A_XV,1.6854486763477323,1986,7,26
M_033_A_XV,1.9073121100664137,1986,7,27
M_033_A_XV,0.369200712069869,1986,7,28
M_033_A_XV,0.0,1986,7,29
M_033_A_XV,0.0,1986,7,30
M_033_A_XV,0.0,1986,7,31
M_033_A_XV,0.0,1986,8,1
M_033_A_XV,0.0,1986,8,2
M_033_A_XV,0.0,1986,8,3
M_033_A_XV,0.0003495623241178,1986,8,4
M_033_A_XV,0.0,1986,8,5
M_033_A_XV,0.2689795196056366,1986,8,6
M_033_A_XV,0.5049911141395569,1986,8,7
M_033_A_XV,0.0654984731227159,1986,8,8
M_033_A_XV,0.0004207744786981,1986,8,9
M_033_A_XV,0.0,1986,8,10
M_033_A_XV,0.0,1986,8,11
M_033_A_XV,0.0,1986,8,12
M_033_A_XV,0.0,1986,8,13
M_033_A_XV,0.0,1986,8,14
M_033_A_XV,0.0,1986,8,15
M_033_A_XV,0.0,1986,8,16
M_033_A_XV,0.0,1986,8,17
M_033_A_XV,0.0012047401141899,1986,8,18
M_033_A_XV,1.3723083809018135,1986,8,19
M_033_A_XV,0.315767053514719,1986,8,20
M_033_A_XV,0.0,1986,8,21
M_033_A_XV,0.0,1986,8,22
M_033_A_XV,0.0,1986,8,23
M_033_A_XV,0.0,1986,8,24
M_033_A_XV,0.0,1986,8,25
M_033_A_XV,0.0,1986,8,26
M_033_A_XV,0.0686041340231895,1986,8,27
M_033_A_XV,3.693129926919937,1986,8,28
M_033_A_XV,2.437315121293068,1986,8,29
M_033_A_XV,1.6918749958276749,1986,8,30
M_033_A_XV,0.0072855199687182,1986,8,31
M_033_A_XV,0.0,1986,9,1
M_033_A_XV,0.0,1986,9,2
M_033_A_XV,0.0,1986,9,3
M_033_A_XV,0.1391650289297104,1986,9,4
M_033_A_XV,0.0,1986,9,5
M_033_A_XV,0.0,1986,9,6
M_033_A_XV,0.203827679157257,1986,9,7
M_033_A_XV,1.1316998526453972,1986,9,8
M_033_A_XV,0.0953432358801364,1986,9,9
M_033_A_XV,0.0072948168963193,1986,9,10
M_033_A_XV,0.0,1986,9,11
M_033_A_XV,0.001075312586181,1986,9,12
M_033_A_XV,0.0004675271920859,1986,9,13
M_033_A_XV,0.0,1986,9,14
M_033_A_XV,0.3905672207474708,1986,9,15
M_033_A_XV,0.1892379154451191,1986,9,16
M_033_A_XV,0.2347908318042755,1986,9,17
M_033_A_XV,0.0754157751798629,1986,9,18
M_033_A_XV,0.0,1986,9,19
M_033_A_XV,1.9596000448800623,1986,9,20
M_033_A_XV,5.733808070421219,1986,9,21
M_033_A_XV,3.831950336694717,1986,9,22
M_033_A_XV,0.0789330578409135,1986,9,23
M_033_A_XV,0.0,1986,9,24
M_033_A_XV,0.0,1986,9,25
M_033_A_XV,0.0,1986,9,26
M_033_A_XV,0.0004675271920859,1986,9,27
M_033_A_XV,0.0,1986,9,28
M_033_A_XV,0.3330063487846928,1986,9,29
M_033_A_XV,0.0075660365146177,1986,9,30
M_033_A_XV,0.0,1986,10,1
M_033_A_XV,0.0076019586995244,1986,10,2
M_033_A_XV,0.1479132124804891,1986,10,3
M_033_A_XV,0.1698533152230084,1986,10,4
M_033_A_XV,3.660059094429016,1986,10,5
M_033_A_XV,0.4906777102733031,1986,10,6
M_033_A_XV,1.075808887835592,1986,10,7
M_033_A_XV,0.9906675294041634,1986,10,8
M_033_A_XV,0.0,1986,10,9
M_033_A_XV,0.0,1986,10,10
M_033_A_XV,0.1372949182987213,1986,10,11
M_033_A_XV,3.84882277995348,1986,10,12
M_033_A_XV,0.0186715219169855,1986,10,13
M_033_A_XV,0.1690357489424059,1986,10,14
M_033_A_XV,1.0425958121631993,1986,10,15
M_033_A_XV,3.3005894124507904,1986,10,16
M_033_A_XV,3.533739820122719,1986,10,17
M_033_A_XV,0.6868488173931837,1986,10,18
M_033_A_XV,0.0,1986,10,19
M_033_A_XV,0.0,1986,10,20
M_033_A_XV,0.0,1986,10,21
M_033_A_XV,0.0,1986,10,22
M_033_A_XV,0.0014025815762579,1986,10,23
M_033_A_XV,0.0,1986,10,24
M_033_A_XV,0.0,1986,10,25
M_033_A_XV,0.0,1986,10,26
M_033_A_XV,0.0490971761755645,1986,10,27
M_033_A_XV,0.0061475318361772,1986,10,28
M_033_A_XV,0.1260512176413613,1986,10,29
M_033_A_XV,0.0,1986,10,30
M_033_A_XV,0.0,1986,10,31
M_033_A_XV,0.0083657971117645,1986,11,1
M_033_A_XV,0.0872008949663722,1986,11,2
M_033_A_XV,0.2121216305531561,1986,11,3
M_033_A_XV,0.0060778534971177,1986,11,4
M_033_A_XV,0.0001402581547154,1986,11,5
M_033_A_XV,0.0009939019801095,1986,11,6
M_033_A_XV,0.648986704647541,1986,11,7
M_033_A_XV,0.4470226466655731,1986,11,8
M_033_A_XV,2.9380338862538338,1986,11,9
M_033_A_XV,0.6064431965351105,1986,11,10
M_033_A_XV,1.598787885159254,1986,11,11
M_033_A_XV,0.5569607019424438,1986,11,12
M_033_A_XV,2.2845335771271493,1986,11,13
M_033_A_XV,7.77960392832756,1986,11,14
M_033_A_XV,3.687312543392181,1986,11,15
M_033_A_XV,0.5558436364372028,1986,11,16
M_033_A_XV,0.4026089844701346,1986,11,17
M_033_A_XV,0.0,1986,11,18
M_033_A_XV,0.0211178120225667,1986,11,19
M_033_A_XV,5.733021902386099,1986,11,20
M_033_A_XV,11.917267262935638,1986,11,21
M_033_A_XV,22.56876373291016,1986,11,22
M_033_A_XV,13.8806494474411,1986,11,23
M_033_A_XV,5.144935227930546,1986,11,24
M_033_A_XV,3.886395990848541,1986,11,25
M_033_A_XV,0.0,1986,11,26
M_033_A_XV,0.0,1986,11,27
M_033_A_XV,0.0,1986,11,28
M_033_A_XV,0.0,1986,11,29
M_033_A_XV,0.0,1986,11,30
M_033_A_XV,0.0005610326261376,1986,12,1
M_033_A_XV,0.0686474591493606,1986,12,2
M_033_A_XV,5.567238843999803,1986,12,3
M_033_A_XV,6.108509868383408,1986,12,4
M_033_A_XV,7.087591171264648,1986,12,5
M_033_A_XV,12.42907178401947,1986,12,6
M_033_A_XV,20.19306707382202,1986,12,7
M_033_A_XV,14.012097775936128,1986,12,8
M_033_A_XV,3.44445051625371,1986,12,9
M_033_A_XV,10.732618659734726,1986,12,10
M_033_A_XV,10.611592449247835,1986,12,11
M_033_A_XV,7.74987468123436,1986,12,12
M_033_A_XV,4.698564022779465,1986,12,13
M_033_A_XV,2.1515752598643303,1986,12,14
M_033_A_XV,0.4099930077791214,1986,12,15
M_033_A_XV,3.4700482760963496,1986,12,16
M_033_A_XV,11.921142756938934,1986,12,17
M_033_A_XV,5.067336268723011,1986,12,18
M_033_A_XV,8.170618019998074,1986,12,19
M_033_A_XV,15.115772306919098,1986,12,20
M_033_A_XV,3.267056703567505,1986,12,21
M_033_A_XV,1.652273275365587,1986,12,22
M_033_A_XV,2.86305034160614,1986,12,23
M_033_A_XV,4.454289332032204,1986,12,24
M_033_A_XV,11.905971765518188,1986,12,25
M_033_A_XV,6.737359236460179,1986,12,26
M_033_A_XV,4.092326991260052,1986,12,27
M_033_A_XV,2.035681664943695,1986,12,28
M_033_A_XV,4.219017319381237,1986,12,29
M_033_A_XV,9.718974620103836,1986,12,30
M_033_A_XV,4.371235929429531,1986,12,31
M_033_A_XV,4.311363205313683,1987,1,1
M_033_A_XV,5.867124766111374,1987,1,2
M_033_A_XV,2.819343149662018,1987,1,3
M_033_A_XV,5.177454590797424,1987,1,4
M_033_A_XV,11.180064380168917,1987,1,5
M_033_A_XV,12.233221054077148,1987,1,6
M_033_A_XV,16.290997743606567,1987,1,7
M_033_A_XV,15.90667339414358,1987,1,8
M_033_A_XV,17.6903133392334,1987,1,9
M_033_A_XV,11.816285371780396,1987,1,10
M_033_A_XV,19.16790801286697,1987,1,11
M_033_A_XV,2.2618987560272217,1987,1,12
M_033_A_XV,6.270445174537599,1987,1,13
M_033_A_XV,8.392795371823013,1987,1,14
M_033_A_XV,9.835904613137243,1987,1,15
M_033_A_XV,9.392588458955288,1987,1,16
M_033_A_XV,1.763583421707153,1987,1,17
M_033_A_XV,4.298503376543522,1987,1,18
M_033_A_XV,3.1017938256263733,1987,1,19
M_033_A_XV,2.2309062778949738,1987,1,20
M_033_A_XV,3.912036269903183,1987,1,21
M_033_A_XV,7.0470579862594604,1987,1,22
M_033_A_XV,19.39419984817505,1987,1,23
M_033_A_XV,13.831665754318236,1987,1,24
M_033_A_XV,15.08743417263031,1987,1,25
M_033_A_XV,12.096777081489565,1987,1,26
M_033_A_XV,10.714820742607117,1987,1,27
M_033_A_XV,15.789013743400574,1987,1,28
M_033_A_XV,6.304362716618925,1987,1,29
M_033_A_XV,8.129853568971157,1987,1,30
M_033_A_XV,0.3997337520122528,1987,1,31
M_033_A_XV,0.1763070034794509,1987,2,1
M_033_A_XV,8.269409328699112,1987,2,2
M_033_A_XV,0.0681799352169036,1987,2,3
M_033_A_XV,0.0,1987,2,4
M_033_A_XV,0.1004675328731536,1987,2,5
M_033_A_XV,0.8012121319770813,1987,2,6
M_033_A_XV,3.4197898507118225,1987,2,7
M_033_A_XV,10.727509174030274,1987,2,8
M_033_A_XV,7.745682060718536,1987,2,9
M_033_A_XV,26.314697057008743,1987,2,10
M_033_A_XV,18.23397696018219,1987,2,11
M_033_A_XV,3.1865078103728592,1987,2,12
M_033_A_XV,7.545075595378876,1987,2,13
M_033_A_XV,9.483789145946504,1987,2,14
M_033_A_XV,5.16860169172287,1987,2,15
M_033_A_XV,3.0878389179706573,1987,2,16
M_033_A_XV,0.0677124038338661,1987,2,17
M_033_A_XV,0.0,1987,2,18
M_033_A_XV,0.0,1987,2,19
M_033_A_XV,0.0,1987,2,20
M_033_A_XV,0.2745898365974426,1987,2,21
M_033_A_XV,0.4855347372940741,1987,2,22
M_033_A_XV,3.5963227241300046,1987,2,23
M_033_A_XV,3.075230672955513,1987,2,24
M_033_A_XV,3.701246879063546,1987,2,25
M_033_A_XV,2.8131617680192,1987,2,26
M_033_A_XV,9.274508476257324,1987,2,27
M_033_A_XV,9.273803189396858,1987,2,28
M_033_A_XV,10.171509206295012,1987,3,1
M_033_A_XV,15.618059635162354,1987,3,2
M_033_A_XV,8.005188435316086,1987,3,3
M_033_A_XV,0.1945365574210882,1987,3,4
M_033_A_XV,3.261620869860053,1987,3,5
M_033_A_XV,4.999164789915085,1987,3,6
M_033_A_XV,6.0800231620669365,1987,3,7
M_033_A_XV,2.174037378281355,1987,3,8
M_033_A_XV,0.0,1987,3,9
M_033_A_XV,0.0976188885979354,1987,3,10
M_033_A_XV,8.834776669740677,1987,3,11
M_033_A_XV,4.103662729263306,1987,3,12
M_033_A_XV,0.0,1987,3,13
M_033_A_XV,0.0004675271920859,1987,3,14
M_033_A_XV,2.0009197257459164,1987,3,15
M_033_A_XV,1.2160178124904633,1987,3,16
M_033_A_XV,1.3521117344498634,1987,3,17
M_033_A_XV,2.150261919479817,1987,3,18
M_033_A_XV,1.869625618113787,1987,3,19
M_033_A_XV,2.0713653950952,1987,3,20
M_033_A_XV,8.391933917999268,1987,3,21
M_033_A_XV,3.094353944063186,1987,3,22
M_033_A_XV,3.113487593829632,1987,3,23
M_033_A_XV,3.217785324435681,1987,3,24
M_033_A_XV,0.0,1987,3,25
M_033_A_XV,0.0,1987,3,26
M_033_A_XV,0.2705447571352124,1987,3,27
M_033_A_XV,2.589522758906241,1987,3,28
M_033_A_XV,2.8387144282460213,1987,3,29
M_033_A_XV,6.314642459154129,1987,3,30
M_033_A_XV,0.1497059315443039,1987,3,31
M_033_A_XV,1.1440105438232422,1987,4,1
M_033_A_XV,6.798123121261597,1987,4,2
M_033_A_XV,7.845259606838226,1987,4,3
M_033_A_XV,0.1349356258288025,1987,4,4
M_033_A_XV,0.0069805446437385,1987,4,5
M_033_A_XV,2.541501522064209,1987,4,6
M_033_A_XV,3.737822100520134,1987,4,7
M_033_A_XV,1.7164592668414116,1987,4,8
M_033_A_XV,1.286514014005661,1987,4,9
M_033_A_XV,0.1434662828105501,1987,4,10
M_033_A_XV,0.0734629896469414,1987,4,11
M_033_A_XV,0.0828034593723714,1987,4,12
M_033_A_XV,0.0,1987,4,13
M_033_A_XV,0.0023376359604299,1987,4,14
M_033_A_XV,0.0046752719208598,1987,4,15
M_033_A_XV,1.8878580331802368,1987,4,16
M_033_A_XV,2.1592224091291428,1987,4,17
M_033_A_XV,5.206192672252655,1987,4,18
M_033_A_XV,0.4072094857692718,1987,4,19
M_033_A_XV,0.0,1987,4,20
M_033_A_XV,0.0,1987,4,21
M_033_A_XV,0.1389204445295035,1987,4,22
M_033_A_XV,1.34602390229702,1987,4,23
M_033_A_XV,0.3472972586750984,1987,4,24
M_033_A_XV,0.0,1987,4,25
M_033_A_XV,0.0,1987,4,26
M_033_A_XV,0.0,1987,4,27
M_033_A_XV,0.0,1987,4,28
M_033_A_XV,0.0,1987,4,29
M_033_A_XV,0.0,1987,4,30
M_033_A_XV,0.0,1987,5,1
M_033_A_XV,0.0,1987,5,2
M_033_A_XV,0.0,1987,5,3
M_033_A_XV,0.0,1987,5,4
M_033_A_XV,0.0,1987,5,5
M_033_A_XV,0.0,1987,5,6
M_033_A_XV,0.0,1987,5,7
M_033_A_XV,0.0,1987,5,8
M_033_A_XV,0.0,1987,5,9
M_033_A_XV,0.0,1987,5,10
M_033_A_XV,0.0,1987,5,11
M_033_A_XV,0.0,1987,5,12
M_033_A_XV,0.0,1987,5,13
M_033_A_XV,0.0,1987,5,14
M_033_A_XV,0.0,1987,5,15
M_033_A_XV,0.0,1987,5,16
M_033_A_XV,0.0,1987,5,17
M_033_A_XV,0.2580996751785278,1987,5,18
M_033_A_XV,0.209020584821701,1987,5,19
M_033_A_XV,0.0,1987,5,20
M_033_A_XV,0.0,1987,5,21
M_033_A_XV,0.0,1987,5,22
M_033_A_XV,0.0,1987,5,23
M_033_A_XV,0.0,1987,5,24
M_033_A_XV,0.0,1987,5,25
M_033_A_XV,0.0,1987,5,26
M_033_A_XV,0.0,1987,5,27
M_033_A_XV,0.0,1987,5,28
M_033_A_XV,0.0,1987,5,29
M_033_A_XV,0.0,1987,5,30
M_033_A_XV,0.2553972261957824,1987,5,31
M_033_A_XV,0.5041597560048103,1987,6,1
M_033_A_XV,0.0,1987,6,2
M_033_A_XV,0.0,1987,6,3
M_033_A_XV,0.0,1987,6,4
M_033_A_XV,0.0,1987,6,5
M_033_A_XV,0.0,1987,6,6
M_033_A_XV,0.0,1987,6,7
M_033_A_XV,0.0,1987,6,8
M_033_A_XV,0.0,1987,6,9
M_033_A_XV,0.0677124038338661,1987,6,10
M_033_A_XV,0.0,1987,6,11
M_033_A_XV,0.0,1987,6,12
M_033_A_XV,0.0,1987,6,13
M_033_A_XV,0.0,1987,6,14
M_033_A_XV,0.0,1987,6,15
M_033_A_XV,0.0,1987,6,16
M_033_A_XV,0.0688703954219818,1987,6,17
M_033_A_XV,0.4162721219472587,1987,6,18
M_033_A_XV,2.880273252725601,1987,6,19
M_033_A_XV,2.0556165874004364,1987,6,20
M_033_A_XV,1.0013810396194458,1987,6,21
M_033_A_XV,0.0,1987,6,22
M_033_A_XV,0.0,1987,6,23
M_033_A_XV,0.0,1987,6,24
M_033_A_XV,1.046324816532433,1987,6,25
M_033_A_XV,2.202047601342201,1987,6,26
M_033_A_XV,0.6077284891071031,1987,6,27
M_033_A_XV,0.0279488041996955,1987,6,28
M_033_A_XV,0.0014025815762579,1987,6,29
M_033_A_XV,0.0677124070934951,1987,6,30
M_033_A_XV,0.0,1987,7,1
M_033_A_XV,0.0367972902022302,1987,7,2
M_033_A_XV,0.1288268151693046,1987,7,3
M_033_A_XV,0.520959509536624,1987,7,4
M_033_A_XV,0.0551645969972014,1987,7,5
M_033_A_XV,0.007893305595644,1987,7,6
M_033_A_XV,0.0,1987,7,7
M_033_A_XV,0.0,1987,7,8
M_033_A_XV,0.0,1987,7,9
M_033_A_XV,0.0,1987,7,10
M_033_A_XV,0.0,1987,7,11
M_033_A_XV,0.0,1987,7,12
M_033_A_XV,0.0,1987,7,13
M_033_A_XV,0.0,1987,7,14
M_033_A_XV,0.0,1987,7,15
M_033_A_XV,0.0,1987,7,16
M_033_A_XV,0.0,1987,7,17
M_033_A_XV,0.0,1987,7,18
M_033_A_XV,0.0,1987,7,19
M_033_A_XV,0.0,1987,7,20
M_033_A_XV,0.1358923465013504,1987,7,21
M_033_A_XV,0.0004675271920859,1987,7,22
M_033_A_XV,0.0,1987,7,23
M_033_A_XV,0.0,1987,7,24
M_033_A_XV,0.0,1987,7,25
M_033_A_XV,0.0,1987,7,26
M_033_A_XV,0.0,1987,7,27
M_033_A_XV,0.0,1987,7,28
M_033_A_XV,0.0,1987,7,29
M_033_A_XV,0.0,1987,7,30
M_033_A_XV,0.0,1987,7,31
M_033_A_XV,0.0,1987,8,1
M_033_A_XV,0.0,1987,8,2
M_033_A_XV,0.0,1987,8,3
M_033_A_XV,0.0,1987,8,4
M_033_A_XV,0.0,1987,8,5
M_033_A_XV,0.0,1987,8,6
M_033_A_XV,0.0,1987,8,7
M_033_A_XV,0.0,1987,8,8
M_033_A_XV,0.0,1987,8,9
M_033_A_XV,0.0,1987,8,10
M_033_A_XV,0.0,1987,8,11
M_033_A_XV,0.0,1987,8,12
M_033_A_XV,0.0,1987,8,13
M_033_A_XV,0.0,1987,8,14
M_033_A_XV,0.0,1987,8,15
M_033_A_XV,0.0,1987,8,16
M_033_A_XV,0.0,1987,8,17
M_033_A_XV,0.0,1987,8,18
M_033_A_XV,0.0,1987,8,19
M_033_A_XV,0.0687409645834122,1987,8,20
M_033_A_XV,0.0004675271920859,1987,8,21
M_033_A_XV,4.67527170258e-05,1987,8,22
M_033_A_XV,0.4336447399109602,1987,8,23
M_033_A_XV,0.0004675271920859,1987,8,24
M_033_A_XV,0.0,1987,8,25
M_033_A_XV,0.0,1987,8,26
M_033_A_XV,0.4148745271377265,1987,8,27
M_033_A_XV,0.0672448799014091,1987,8,28
M_033_A_XV,0.0,1987,8,29
M_033_A_XV,0.0,1987,8,30
M_033_A_XV,0.0,1987,8,31
M_033_A_XV,0.0,1987,9,1
M_033_A_XV,0.0,1987,9,2
M_033_A_XV,0.0,1987,9,3
M_033_A_XV,0.0,1987,9,4
M_033_A_XV,0.0,1987,9,5
M_033_A_XV,0.0,1987,9,6
M_033_A_XV,0.0,1987,9,7
M_033_A_XV,0.0,1987,9,8
M_033_A_XV,0.0,1987,9,9
M_033_A_XV,0.0,1987,9,10
M_033_A_XV,0.3457978367805481,1987,9,11
M_033_A_XV,0.0501793841831386,1987,9,12
M_033_A_XV,1.5514698661863804,1987,9,13
M_033_A_XV,0.9247631579637527,1987,9,14
M_033_A_XV,0.0,1987,9,15
M_033_A_XV,0.0001870108681032,1987,9,16
M_033_A_XV,0.0,1987,9,17
M_033_A_XV,0.0,1987,9,18
M_033_A_XV,0.3504293221049011,1987,9,19
M_033_A_XV,0.0,1987,9,20
M_033_A_XV,0.0,1987,9,21
M_033_A_XV,0.0,1987,9,22
M_033_A_XV,0.0,1987,9,23
M_033_A_XV,0.0,1987,9,24
M_033_A_XV,0.0,1987,9,25
M_033_A_XV,0.0,1987,9,26
M_033_A_XV,0.0,1987,9,27
M_033_A_XV,0.0069114984944462,1987,9,28
M_033_A_XV,0.0,1987,9,29
M_033_A_XV,0.0,1987,9,30
M_033_A_XV,0.0,1987,10,1
M_033_A_XV,0.0,1987,10,2
M_033_A_XV,0.0,1987,10,3
M_033_A_XV,0.0,1987,10,4
M_033_A_XV,0.0,1987,10,5
M_033_A_XV,0.0,1987,10,6
M_033_A_XV,0.0006904602050781,1987,10,7
M_033_A_XV,0.1198999863117933,1987,10,8
M_033_A_XV,1.7601518034934998,1987,10,9
M_033_A_XV,1.376529211178422,1987,10,10
M_033_A_XV,0.0809959014877677,1987,10,11
M_033_A_XV,0.0341503475792706,1987,10,12
M_033_A_XV,5.027571678161621,1987,10,13
M_033_A_XV,0.8310466622933745,1987,10,14
M_033_A_XV,0.0417717993259429,1987,10,15
M_033_A_XV,2.0061080753803253,1987,10,16
M_033_A_XV,0.9925796114839612,1987,10,17
M_033_A_XV,1.9745899736881256,1987,10,18
M_033_A_XV,5.5058281272649765,1987,10,19
M_033_A_XV,2.028246507048607,1987,10,20
M_033_A_XV,0.0,1987,10,21
M_033_A_XV,0.1421492951922118,1987,10,22
M_033_A_XV,0.0,1987,10,23
M_033_A_XV,0.0,1987,10,24
M_033_A_XV,0.0,1987,10,25
M_033_A_XV,0.0001402581547154,1987,10,26
M_033_A_XV,0.5741424295119941,1987,10,27
M_033_A_XV,2.042015379294753,1987,10,28
M_033_A_XV,0.0110415335657307,1987,10,29
M_033_A_XV,0.0,1987,10,30
M_033_A_XV,0.0,1987,10,31
M_033_A_XV,0.0,1987,11,1
M_033_A_XV,4.3458558870479465,1987,11,2
M_033_A_XV,10.01420831680298,1987,11,3
M_033_A_XV,1.6173099055886269,1987,11,4
M_033_A_XV,0.0070517564636247,1987,11,5
M_033_A_XV,0.0,1987,11,6
M_033_A_XV,0.0,1987,11,7
M_033_A_XV,9.35054340516e-05,1987,11,8
M_033_A_XV,7.317165732383728,1987,11,9
M_033_A_XV,14.117907881736755,1987,11,10
M_033_A_XV,10.91948425769806,1987,11,11
M_033_A_XV,5.418870151042938,1987,11,12
M_033_A_XV,4.0744603946805,1987,11,13
M_033_A_XV,0.0696493908762931,1987,11,14
M_033_A_XV,1.0605909824371338,1987,11,15
M_033_A_XV,5.785448879003525,1987,11,16
M_033_A_XV,2.363986048381776,1987,11,17
M_033_A_XV,1.2668951503001151,1987,11,18
M_033_A_XV,1.71700731664896,1987,11,19
M_033_A_XV,11.126635730266573,1987,11,20
M_033_A_XV,17.229281306266785,1987,11,21
M_033_A_XV,19.53131186962128,1987,11,22
M_033_A_XV,6.226651608943939,1987,11,23
M_033_A_XV,1.0184911787509918,1987,11,24
M_033_A_XV,2.7148969918489456,1987,11,25
M_033_A_XV,10.710027113556862,1987,11,26
M_033_A_XV,14.165258049964905,1987,11,27
M_033_A_XV,14.108251452445984,1987,11,28
M_033_A_XV,10.163944900035858,1987,11,29
M_033_A_XV,15.11609160900116,1987,11,30
M_033_A_XV,1.2889503901824355,1987,12,1
M_033_A_XV,0.0695608556270599,1987,12,2
M_033_A_XV,0.0,1987,12,3
M_033_A_XV,0.9765210077166556,1987,12,4
M_033_A_XV,2.9143732637166977,1987,12,5
M_033_A_XV,0.020262636244297,1987,12,6
M_033_A_XV,2.22933012992e-05,1987,12,7
M_033_A_XV,0.0,1987,12,8
M_033_A_XV,2.22933012992e-05,1987,12,9
M_033_A_XV,0.2706827241927385,1987,12,10
M_033_A_XV,0.0,1987,12,11
M_033_A_XV,2.444487333297729,1987,12,12
M_033_A_XV,3.0030477419495583,1987,12,13
M_033_A_XV,0.4624450103146955,1987,12,14
M_033_A_XV,9.95497116446495,1987,12,15
M_033_A_XV,1.4974942430853844,1987,12,16
M_033_A_XV,0.0,1987,12,17
M_033_A_XV,0.0,1987,12,18
M_033_A_XV,0.0,1987,12,19
M_033_A_XV,0.0,1987,12,20
M_033_A_XV,4.272185979411006,1987,12,21
M_033_A_XV,1.134097520262003,1987,12,22
M_033_A_XV,1.4886503987945616,1987,12,23
M_033_A_XV,3.124078320339322,1987,12,24
M_033_A_XV,12.067043900489807,1987,12,25
M_033_A_XV,2.11159860342741,1987,12,26
M_033_A_XV,0.0,1987,12,27
M_033_A_XV,0.0067244875244796,1987,12,28
M_033_A_XV,0.8186188018880785,1987,12,29
M_033_A_XV,3.2455400824546814,1987,12,30
M_033_A_XV,11.215338230133057,1987,12,31
M_033_A_XV,12.501554489135742,1988,1,1
M_033_A_XV,1.321485827676952,1988,1,2
M_033_A_XV,0.9751556105911732,1988,1,3
M_033_A_XV,1.905840679770336,1988,1,4
M_033_A_XV,3.608733206987381,1988,1,5
M_033_A_XV,3.905728682875633,1988,1,6
M_033_A_XV,9.478844203054903,1988,1,7
M_033_A_XV,6.731491327285767,1988,1,8
M_033_A_XV,5.792236629873514,1988,1,9
M_033_A_XV,9.859846912324429,1988,1,10
M_033_A_XV,7.364715814590454,1988,1,11
M_033_A_XV,5.414452396333218,1988,1,12
M_033_A_XV,12.611428260803224,1988,1,13
M_033_A_XV,1.210762501694262,1988,1,14
M_033_A_XV,16.071735620498657,1988,1,15
M_033_A_XV,25.762476354837418,1988,1,16
M_033_A_XV,18.856545567512512,1988,1,17
M_033_A_XV,6.7486835941672325,1988,1,18
M_033_A_XV,13.705569207668304,1988,1,19
M_033_A_XV,15.963424652814863,1988,1,20
M_033_A_XV,17.354552030563354,1988,1,21
M_033_A_XV,19.29232692718506,1988,1,22
M_033_A_XV,13.119680166244509,1988,1,23
M_033_A_XV,12.851975336670876,1988,1,24
M_033_A_XV,10.779835790395737,1988,1,25
M_033_A_XV,21.538784682750705,1988,1,26
M_033_A_XV,29.6322203874588,1988,1,27
M_033_A_XV,22.612230636179447,1988,1,28
M_033_A_XV,14.257508009672163,1988,1,29
M_033_A_XV,5.341044090688229,1988,1,30
M_033_A_XV,12.53470753133297,1988,1,31
M_033_A_XV,17.535939812660217,1988,2,1
M_033_A_XV,8.54315561056137,1988,2,2
M_033_A_XV,6.390683531761169,1988,2,3
M_033_A_XV,19.78000783920288,1988,2,4
M_033_A_XV,16.108369916677475,1988,2,5
M_033_A_XV,10.137654483318329,1988,2,6
M_033_A_XV,3.793006539344788,1988,2,7
M_033_A_XV,0.0471404585987329,1988,2,8
M_033_A_XV,0.0,1988,2,9
M_033_A_XV,0.4307764191180467,1988,2,10
M_033_A_XV,3.89479178423062,1988,2,11
M_033_A_XV,6.618531793355942,1988,2,12
M_033_A_XV,5.086976616643369,1988,2,13
M_033_A_XV,4.657863587141037,1988,2,14
M_033_A_XV,18.588078141212463,1988,2,15
M_033_A_XV,12.77641534805298,1988,2,16
M_033_A_XV,11.910814970731735,1988,2,17
M_033_A_XV,3.1819097846746445,1988,2,18
M_033_A_XV,8.060512743890285,1988,2,19
M_033_A_XV,18.757967710494995,1988,2,20
M_033_A_XV,10.669228255748749,1988,2,21
M_033_A_XV,4.48839454818517,1988,2,22
M_033_A_XV,0.4593581813387573,1988,2,23
M_033_A_XV,0.0672448799014091,1988,2,24
M_033_A_XV,0.3990649580955505,1988,2,25
M_033_A_XV,1.677747264504433,1988,2,26
M_033_A_XV,0.2379637286067009,1988,2,27
M_033_A_XV,1.2060126066207886,1988,2,28
M_033_A_XV,1.631202672375366,1988,2,29
M_033_A_XV,5.909078830387443,1988,3,1
M_033_A_XV,2.225541926920414,1988,3,2
M_033_A_XV,5.790312021970749,1988,3,3
M_033_A_XV,13.187506824731829,1988,3,4
M_033_A_XV,14.943098932504654,1988,3,5
M_033_A_XV,10.807601690292358,1988,3,6
M_033_A_XV,4.197869569063187,1988,3,7
M_033_A_XV,14.280939280986786,1988,3,8
M_033_A_XV,17.489470601081848,1988,3,9
M_033_A_XV,14.708601295948029,1988,3,10
M_033_A_XV,15.765395417809486,1988,3,11
M_033_A_XV,20.97396492958069,1988,3,12
M_033_A_XV,5.144602924585342,1988,3,13
M_033_A_XV,12.49828004837036,1988,3,14
M_033_A_XV,10.508568346500397,1988,3,15
M_033_A_XV,23.577029824256897,1988,3,16
M_033_A_XV,18.17038416862488,1988,3,17
M_033_A_XV,6.032997637987137,1988,3,18
M_033_A_XV,5.544887751340866,1988,3,19
M_033_A_XV,5.2012829184532166,1988,3,20
M_033_A_XV,12.26351284980774,1988,3,21
M_033_A_XV,14.382237195968628,1988,3,22
M_033_A_XV,0.1365828067064285,1988,3,23
M_033_A_XV,0.6840936541557312,1988,3,24
M_033_A_XV,3.413519434630871,1988,3,25
M_033_A_XV,10.762594759464264,1988,3,26
M_033_A_XV,17.552332878112793,1988,3,27
M_033_A_XV,12.1761222332716,1988,3,28
M_033_A_XV,19.66516649723053,1988,3,29
M_033_A_XV,15.697863221168518,1988,3,30
M_033_A_XV,7.603325456380844,1988,3,31
M_033_A_XV,3.8803062196820974,1988,4,1
M_033_A_XV,6.20061919093132,1988,4,2
M_033_A_XV,13.054841220378876,1988,4,3
M_033_A_XV,11.260017395019531,1988,4,4
M_033_A_XV,13.850469380617142,1988,4,5
M_033_A_XV,7.527240835130215,1988,4,6
M_033_A_XV,6.623632788658142,1988,4,7
M_033_A_XV,2.549074202775955,1988,4,8
M_033_A_XV,5.558473613113165,1988,4,9
M_033_A_XV,5.91363909188658,1988,4,10
M_033_A_XV,17.935731053352356,1988,4,11
M_033_A_XV,1.1138612001668662,1988,4,12
M_033_A_XV,0.0,1988,4,13
M_033_A_XV,2.1941040109377354,1988,4,14
M_033_A_XV,0.4177564829587936,1988,4,15
M_033_A_XV,0.0,1988,4,16
M_033_A_XV,0.0,1988,4,17
M_033_A_XV,0.0,1988,4,18
M_033_A_XV,0.0,1988,4,19
M_033_A_XV,0.0067244875244796,1988,4,20
M_033_A_XV,0.0,1988,4,21
M_033_A_XV,0.0,1988,4,22
M_033_A_XV,1.7180635417316807,1988,4,23
M_033_A_XV,2.781353145837784,1988,4,24
M_033_A_XV,5.422196850180626,1988,4,25
M_033_A_XV,5.060686476528645,1988,4,26
M_033_A_XV,3.2958608977496624,1988,4,27
M_033_A_XV,7.461930990219116,1988,4,28
M_033_A_XV,2.071657471358776,1988,4,29
M_033_A_XV,0.6724487543106079,1988,4,30
M_033_A_XV,1.4903278909623623,1988,5,1
M_033_A_XV,0.048776801675558,1988,5,2
M_033_A_XV,0.0,1988,5,3
M_033_A_XV,0.0,1988,5,4
M_033_A_XV,0.0,1988,5,5
M_033_A_XV,0.0072610605020599,1988,5,6
M_033_A_XV,0.1670453078113496,1988,5,7
M_033_A_XV,0.2208274519070983,1988,5,8
M_033_A_XV,0.0296857841312885,1988,5,9
M_033_A_XV,0.0,1988,5,10
M_033_A_XV,0.0,1988,5,11
M_033_A_XV,0.0,1988,5,12
M_033_A_XV,0.0,1988,5,13
M_033_A_XV,0.0,1988,5,14
M_033_A_XV,0.0,1988,5,15
M_033_A_XV,0.0,1988,5,16
M_033_A_XV,0.0,1988,5,17
M_033_A_XV,4.67527170258e-05,1988,5,18
M_033_A_XV,0.0,1988,5,19
M_033_A_XV,0.0,1988,5,20
M_033_A_XV,0.0,1988,5,21
M_033_A_XV,0.0,1988,5,22
M_033_A_XV,0.0,1988,5,23
M_033_A_XV,0.0,1988,5,24
M_033_A_XV,0.0,1988,5,25
M_033_A_XV,0.0,1988,5,26
M_033_A_XV,0.0,1988,5,27
M_033_A_XV,0.0,1988,5,28
M_033_A_XV,0.0,1988,5,29
M_033_A_XV,0.0,1988,5,30
M_033_A_XV,0.0,1988,5,31
M_033_A_XV,0.0,1988,6,1
M_033_A_XV,0.0,1988,6,2
M_033_A_XV,0.0,1988,6,3
M_033_A_XV,0.0,1988,6,4
M_033_A_XV,0.0,1988,6,5
M_033_A_XV,0.0,1988,6,6
M_033_A_XV,0.0,1988,6,7
M_033_A_XV,0.0,1988,6,8
M_033_A_XV,0.1627168953418731,1988,6,9
M_033_A_XV,0.2031372073106467,1988,6,10
M_033_A_XV,0.0,1988,6,11
M_033_A_XV,0.0,1988,6,12
M_033_A_XV,0.0,1988,6,13
M_033_A_XV,0.0,1988,6,14
M_033_A_XV,0.0,1988,6,15
M_033_A_XV,0.0,1988,6,16
M_033_A_XV,0.0,1988,6,17
M_033_A_XV,0.0,1988,6,18
M_033_A_XV,0.0,1988,6,19
M_033_A_XV,0.0,1988,6,20
M_033_A_XV,0.0,1988,6,21
M_033_A_XV,0.0,1988,6,22
M_033_A_XV,0.0,1988,6,23
M_033_A_XV,0.0,1988,6,24
M_033_A_XV,0.0,1988,6,25
M_033_A_XV,0.0,1988,6,26
M_033_A_XV,0.0,1988,6,27
M_033_A_XV,0.0,1988,6,28
M_033_A_XV,0.0067712403833866,1988,6,29
M_033_A_XV,0.0135424807667732,1988,6,30
M_033_A_XV,0.0074214460328221,1988,7,1
M_033_A_XV,0.0,1988,7,2
M_033_A_XV,0.0,1988,7,3
M_033_A_XV,0.0,1988,7,4
M_033_A_XV,0.0,1988,7,5
M_033_A_XV,0.0,1988,7,6
M_033_A_XV,0.0,1988,7,7
M_033_A_XV,0.0,1988,7,8
M_033_A_XV,0.0,1988,7,9
M_033_A_XV,0.0,1988,7,10
M_033_A_XV,0.0,1988,7,11
M_033_A_XV,0.0,1988,7,12
M_033_A_XV,0.0,1988,7,13
M_033_A_XV,0.0,1988,7,14
M_033_A_XV,0.0,1988,7,15
M_033_A_XV,0.0,1988,7,16
M_033_A_XV,0.0,1988,7,17
M_033_A_XV,0.0,1988,7,18
M_033_A_XV,0.0,1988,7,19
M_033_A_XV,0.0,1988,7,20
M_033_A_XV,0.0,1988,7,21
M_033_A_XV,0.0,1988,7,22
M_033_A_XV,0.0,1988,7,23
M_033_A_XV,0.0,1988,7,24
M_033_A_XV,0.0287680588662624,1988,7,25
M_033_A_XV,0.0002805163094308,1988,7,26
M_033_A_XV,0.0,1988,7,27
M_033_A_XV,0.0,1988,7,28
M_033_A_XV,0.0,1988,7,29
M_033_A_XV,0.0,1988,7,30
M_033_A_XV,0.0,1988,7,31
M_033_A_XV,0.0,1988,8,1
M_033_A_XV,0.0,1988,8,2
M_033_A_XV,0.0,1988,8,3
M_033_A_XV,0.0,1988,8,4
M_033_A_XV,0.0,1988,8,5
M_033_A_XV,0.0,1988,8,6
M_033_A_XV,0.0,1988,8,7
M_033_A_XV,0.0,1988,8,8
M_033_A_XV,0.0,1988,8,9
M_033_A_XV,0.0,1988,8,10
M_033_A_XV,0.0,1988,8,11
M_033_A_XV,0.0,1988,8,12
M_033_A_XV,0.0,1988,8,13
M_033_A_XV,0.0,1988,8,14
M_033_A_XV,0.0,1988,8,15
M_033_A_XV,0.0,1988,8,16
M_033_A_XV,0.0,1988,8,17
M_033_A_XV,0.0,1988,8,18
M_033_A_XV,0.0,1988,8,19
M_033_A_XV,0.0,1988,8,20
M_033_A_XV,0.0,1988,8,21
M_033_A_XV,0.0,1988,8,22
M_033_A_XV,0.0,1988,8,23
M_033_A_XV,0.0,1988,8,24
M_033_A_XV,0.0,1988,8,25
M_033_A_XV,0.0,1988,8,26
M_033_A_XV,0.0,1988,8,27
M_033_A_XV,0.0,1988,8,28
M_033_A_XV,0.0,1988,8,29
M_033_A_XV,0.0,1988,8,30
M_033_A_XV,0.0,1988,8,31
M_033_A_XV,0.0,1988,9,1
M_033_A_XV,0.0,1988,9,2
M_033_A_XV,0.0006904602050781,1988,9,3
M_033_A_XV,0.9507355242967606,1988,9,4
M_033_A_XV,0.2138686906546354,1988,9,5
M_033_A_XV,3.7003581449389458,1988,9,6
M_033_A_XV,0.9680773499421776,1988,9,7
M_033_A_XV,0.0039739813655614,1988,9,8
M_033_A_XV,0.0,1988,9,9
M_033_A_XV,0.0,1988,9,10
M_033_A_XV,0.0,1988,9,11
M_033_A_XV,0.0,1988,9,12
M_033_A_XV,0.0,1988,9,13
M_033_A_XV,0.0,1988,9,14
M_033_A_XV,0.0070379994322138,1988,9,15
M_033_A_XV,0.9988403717434268,1988,9,16
M_033_A_XV,0.0,1988,9,17
M_033_A_XV,0.0,1988,9,18
M_033_A_XV,0.0004675271920859,1988,9,19
M_033_A_XV,0.7042671549133956,1988,9,20
M_033_A_XV,0.1983921378850937,1988,9,21
M_033_A_XV,0.0677124038338661,1988,9,22
M_033_A_XV,0.0041860835626721,1988,9,23
M_033_A_XV,1.353405068162829,1988,9,24
M_033_A_XV,2.5754690766334534,1988,9,25
M_033_A_XV,0.0018701087683439,1988,9,26
M_033_A_XV,2.237227976322174,1988,9,27
M_033_A_XV,1.077788233757019,1988,9,28
M_033_A_XV,0.0,1988,9,29
M_033_A_XV,0.0,1988,9,30
M_033_A_XV,0.0,1988,10,1
M_033_A_XV,0.0,1988,10,2
M_033_A_XV,0.0,1988,10,3
M_033_A_XV,0.0,1988,10,4
M_033_A_XV,0.0,1988,10,5
M_033_A_XV,0.0,1988,10,6
M_033_A_XV,0.0,1988,10,7
M_033_A_XV,0.0,1988,10,8
M_033_A_XV,0.0,1988,10,9
M_033_A_XV,0.0498521141707897,1988,10,10
M_033_A_XV,0.0,1988,10,11
M_033_A_XV,0.0,1988,10,12
M_033_A_XV,0.0,1988,10,13
M_033_A_XV,0.0,1988,10,14
M_033_A_XV,0.0,1988,10,15
M_033_A_XV,0.0,1988,10,16
M_033_A_XV,0.0,1988,10,17
M_033_A_XV,0.0,1988,10,18
M_033_A_XV,0.0,1988,10,19
M_033_A_XV,0.0,1988,10,20
M_033_A_XV,0.0,1988,10,21
M_033_A_XV,0.0,1988,10,22
M_033_A_XV,0.0,1988,10,23
M_033_A_XV,0.0007480435015168,1988,10,24
M_033_A_XV,0.0,1988,10,25
M_033_A_XV,0.0,1988,10,26
M_033_A_XV,0.1396325528621673,1988,10,27
M_033_A_XV,0.0004675271920859,1988,10,28
M_033_A_XV,0.0,1988,10,29
M_033_A_XV,0.0,1988,10,30
M_033_A_XV,0.0,1988,10,31
M_033_A_XV,0.0,1988,11,1
M_033_A_XV,0.0,1988,11,2
M_033_A_XV,0.0004675271920859,1988,11,3
M_033_A_XV,4.67527170258e-05,1988,11,4
M_033_A_XV,0.0,1988,11,5
M_033_A_XV,0.0,1988,11,6
M_033_A_XV,0.0,1988,11,7
M_033_A_XV,0.45573131092533,1988,11,8
M_033_A_XV,0.0755545916035771,1988,11,9
M_033_A_XV,0.0,1988,11,10
M_033_A_XV,0.0404871813952922,1988,11,11
M_033_A_XV,0.2028322315745754,1988,11,12
M_033_A_XV,0.0681878331561165,1988,11,13
M_033_A_XV,0.0,1988,11,14
M_033_A_XV,0.4788412153720855,1988,11,15
M_033_A_XV,0.5785479987971485,1988,11,16
M_033_A_XV,0.0073322728276252,1988,11,17
M_033_A_XV,0.0,1988,11,18
M_033_A_XV,0.0,1988,11,19
M_033_A_XV,0.0,1988,11,20
M_033_A_XV,0.0,1988,11,21
M_033_A_XV,2.6397865037433803,1988,11,22
M_033_A_XV,6.665204331278801,1988,11,23
M_033_A_XV,9.45474511384964,1988,11,24
M_033_A_XV,0.0836411863565445,1988,11,25
M_033_A_XV,0.0002229330129921,1988,11,26
M_033_A_XV,0.0004675271920859,1988,11,27
M_033_A_XV,0.0,1988,11,28
M_033_A_XV,0.0,1988,11,29
M_033_A_XV,0.0,1988,11,30
M_033_A_XV,0.6089663840830326,1988,12,1
M_033_A_XV,0.0072387675754725,1988,12,2
M_033_A_XV,0.0614086892455816,1988,12,3
M_033_A_XV,0.2059423774480819,1988,12,4
M_033_A_XV,7.065298057161272,1988,12,5
M_033_A_XV,15.419580936431885,1988,12,6
M_033_A_XV,2.733530309051276,1988,12,7
M_033_A_XV,0.0,1988,12,8
M_033_A_XV,0.0,1988,12,9
M_033_A_XV,0.0782209374010562,1988,12,10
M_033_A_XV,4.760563633404672,1988,12,11
M_033_A_XV,2.868115108460188,1988,12,12
M_033_A_XV,2.564111776649952,1988,12,13
M_033_A_XV,11.558068811893463,1988,12,14
M_033_A_XV,15.933002173900604,1988,12,15
M_033_A_XV,10.644268959760666,1988,12,16
M_033_A_XV,4.631374508142471,1988,12,17
M_033_A_XV,5.56877201795578,1988,12,18
M_033_A_XV,3.075297236442566,1988,12,19
M_033_A_XV,3.1396037936210632,1988,12,20
M_033_A_XV,12.222025632858276,1988,12,21
M_033_A_XV,0.0234468095004558,1988,12,22
M_033_A_XV,0.2288600883912295,1988,12,23
M_033_A_XV,2.1977968961000443,1988,12,24
M_033_A_XV,0.0507389083504676,1988,12,25
M_033_A_XV,0.5765001330037194,1988,12,26
M_033_A_XV,0.1782315429300069,1988,12,27
M_033_A_XV,0.6308098318986595,1988,12,28
M_033_A_XV,12.449351191520693,1988,12,29
M_033_A_XV,18.140738129615784,1988,12,30
M_033_A_XV,10.718177288770676,1988,12,31
M_033_A_XV,0.6352973892353475,1989,1,1
M_033_A_XV,7.958464911673218,1989,1,2
M_033_A_XV,10.32032424211502,1989,1,3
M_033_A_XV,14.94210360944271,1989,1,4
M_033_A_XV,8.375922560691833,1989,1,5
M_033_A_XV,0.3102052259637275,1989,1,6
M_033_A_XV,6.68799038976e-05,1989,1,7
M_033_A_XV,0.0491040721535682,1989,1,8
M_033_A_XV,2.7319204923696816,1989,1,9
M_033_A_XV,4.743239670991898,1989,1,10
M_033_A_XV,9.179203361272812,1989,1,11
M_033_A_XV,12.91120371222496,1989,1,12
M_033_A_XV,6.91476609185338,1989,1,13
M_033_A_XV,6.248088859952986,1989,1,14
M_033_A_XV,0.953905779402703,1989,1,15
M_033_A_XV,0.0063683222979307,1989,1,16
M_033_A_XV,0.1366078931350784,1989,1,17
M_033_A_XV,0.1125482460483908,1989,1,18
M_033_A_XV,0.7100343555212021,1989,1,19
M_033_A_XV,4.110110320150852,1989,1,20
M_033_A_XV,5.595597162842751,1989,1,21
M_033_A_XV,9.6758274435997,1989,1,22
M_033_A_XV,17.437276005744934,1989,1,23
M_033_A_XV,0.6120691223186441,1989,1,24
M_033_A_XV,0.2308669979684054,1989,1,25
M_033_A_XV,8.528741884510964,1989,1,26
M_033_A_XV,12.702008485794067,1989,1,27
M_033_A_XV,1.4533760780468583,1989,1,28
M_033_A_XV,3.5198018550872803,1989,1,29
M_033_A_XV,7.331937193870544,1989,1,30
M_033_A_XV,2.56296687759459,1989,1,31
M_033_A_XV,1.5027325856499374,1989,2,1
M_033_A_XV,1.171903282403946,1989,2,2
M_033_A_XV,4.30712678283453,1989,2,3
M_033_A_XV,4.955326288938522,1989,2,4
M_033_A_XV,11.980116248130798,1989,2,5
M_033_A_XV,3.64936875551939,1989,2,6
M_033_A_XV,11.62471330165863,1989,2,7
M_033_A_XV,14.555884957313538,1989,2,8
M_033_A_XV,23.755217730999,1989,2,9
M_033_A_XV,7.713013872504234,1989,2,10
M_033_A_XV,5.438984088599682,1989,2,11
M_033_A_XV,0.6017126739025116,1989,2,12
M_033_A_XV,8.405643731355667,1989,2,13
M_033_A_XV,16.54289960861206,1989,2,14
M_033_A_XV,2.3040799498558044,1989,2,15
M_033_A_XV,2.535833071451634,1989,2,16
M_033_A_XV,4.56995415687561,1989,2,17
M_033_A_XV,1.5669722855091095,1989,2,18
M_033_A_XV,11.205732634291053,1989,2,19
M_033_A_XV,16.783026725053787,1989,2,20
M_033_A_XV,1.508581199683249,1989,2,21
M_033_A_XV,0.4291070699691772,1989,2,22
M_033_A_XV,0.1060340362600982,1989,2,23
M_033_A_XV,3.0651707723736763,1989,2,24
M_033_A_XV,5.12186986207962,1989,2,25
M_033_A_XV,4.049469232559204,1989,2,26
M_033_A_XV,3.905789941549301,1989,2,27
M_033_A_XV,1.5917112487368286,1989,2,28
M_033_A_XV,10.734539031982422,1989,3,1
M_033_A_XV,10.531424701213837,1989,3,2
M_033_A_XV,6.096055299043655,1989,3,3
M_033_A_XV,13.996748447418211,1989,3,4
M_033_A_XV,10.422914505004885,1989,3,5
M_033_A_XV,2.64800332672894,1989,3,6
M_033_A_XV,6.77131125330925,1989,3,7
M_033_A_XV,7.985301196575165,1989,3,8
M_033_A_XV,19.25462830066681,1989,3,9
M_033_A_XV,7.405394613742828,1989,3,10
M_033_A_XV,11.603226482868196,1989,3,11
M_033_A_XV,22.86348843574524,1989,3,12
M_033_A_XV,5.368028502911329,1989,3,13
M_033_A_XV,17.146880939602852,1989,3,14
M_033_A_XV,4.9423525631427765,1989,3,15
M_033_A_XV,1.4474030375422444,1989,3,16
M_033_A_XV,3.908048556186259,1989,3,17
M_033_A_XV,2.906336072832346,1989,3,18
M_033_A_XV,2.839873258024454,1989,3,19
M_033_A_XV,8.004937887191772,1989,3,20
M_033_A_XV,7.610552430152893,1989,3,21
M_033_A_XV,3.3255375172011554,1989,3,22
M_033_A_XV,3.726826898753643,1989,3,23
M_033_A_XV,7.82372123003006,1989,3,24
M_033_A_XV,8.010948359966278,1989,3,25
M_033_A_XV,7.23398257791996,1989,3,26
M_033_A_XV,11.21035073697567,1989,3,27
M_033_A_XV,9.984210282564163,1989,3,28
M_033_A_XV,4.577632937347516,1989,3,29
M_033_A_XV,4.204481728374958,1989,3,30
M_033_A_XV,10.664944291114807,1989,3,31
M_033_A_XV,14.157384037971497,1989,4,1
M_033_A_XV,8.216706216335297,1989,4,2
M_033_A_XV,7.2330162525177,1989,4,3
M_033_A_XV,7.316259860992432,1989,4,4
M_033_A_XV,3.449225068092346,1989,4,5
M_033_A_XV,1.666662514209747,1989,4,6
M_033_A_XV,0.7246868908405304,1989,4,7
M_033_A_XV,2.434445299208164,1989,4,8
M_033_A_XV,0.0068647456355392,1989,4,9
M_033_A_XV,0.0067712403833866,1989,4,10
M_033_A_XV,2.910846702754497,1989,4,11
M_033_A_XV,0.3546046838164329,1989,4,12
M_033_A_XV,3.649739444255829,1989,4,13
M_033_A_XV,7.372780114412308,1989,4,14
M_033_A_XV,3.848063826560974,1989,4,15
M_033_A_XV,2.229819354164647,1989,4,16
M_033_A_XV,3.82885966449976,1989,4,17
M_033_A_XV,1.6134889628738165,1989,4,18
M_033_A_XV,11.413759768009186,1989,4,19
M_033_A_XV,9.29450911283493,1989,4,20
M_033_A_XV,1.447257369334693,1989,4,21
M_033_A_XV,0.0,1989,4,22
M_033_A_XV,0.0,1989,4,23
M_033_A_XV,0.3019321323372423,1989,4,24
M_033_A_XV,0.2037043255731987,1989,4,25
M_033_A_XV,0.1554737063124776,1989,4,26
M_033_A_XV,0.0003272690264566,1989,4,27
M_033_A_XV,0.0,1989,4,28
M_033_A_XV,0.0,1989,4,29
M_033_A_XV,0.0,1989,4,30
M_033_A_XV,0.0,1989,5,1
M_033_A_XV,0.0,1989,5,2
M_033_A_XV,0.0,1989,5,3
M_033_A_XV,0.0,1989,5,4
M_033_A_XV,0.0,1989,5,5
M_033_A_XV,0.139812171459198,1989,5,6
M_033_A_XV,0.283007949590683,1989,5,7
M_033_A_XV,0.0269447024911642,1989,5,8
M_033_A_XV,0.0403469242155551,1989,5,9
M_033_A_XV,0.0030888401088304,1989,5,10
M_033_A_XV,0.0093661617429461,1989,5,11
M_033_A_XV,0.0002229330129921,1989,5,12
M_033_A_XV,0.0,1989,5,13
M_033_A_XV,0.0,1989,5,14
M_033_A_XV,0.0,1989,5,15
M_033_A_XV,0.0107452212832868,1989,5,16
M_033_A_XV,0.0,1989,5,17
M_033_A_XV,0.0,1989,5,18
M_033_A_XV,0.0,1989,5,19
M_033_A_XV,0.0,1989,5,20
M_033_A_XV,0.0085110194049775,1989,5,21
M_033_A_XV,0.0013292033145262,1989,5,22
M_033_A_XV,0.0,1989,5,23
M_033_A_XV,0.0,1989,5,24
M_033_A_XV,0.0004675271920859,1989,5,25
M_033_A_XV,0.0005610326261376,1989,5,26
M_033_A_XV,0.0009818071011977,1989,5,27
M_033_A_XV,0.0004675271920859,1989,5,28
M_033_A_XV,0.0,1989,5,29
M_033_A_XV,0.0,1989,5,30
M_033_A_XV,0.0005142799091117,1989,5,31
M_033_A_XV,0.0004675271920859,1989,6,1
M_033_A_XV,0.0,1989,6,2
M_033_A_XV,0.0,1989,6,3
M_033_A_XV,0.0,1989,6,4
M_033_A_XV,0.1358923465013504,1989,6,5
M_033_A_XV,0.0014025815762579,1989,6,6
M_033_A_XV,0.0,1989,6,7
M_033_A_XV,0.0,1989,6,8
M_033_A_XV,0.0,1989,6,9
M_033_A_XV,0.0,1989,6,10
M_033_A_XV,0.0,1989,6,11
M_033_A_XV,0.0,1989,6,12
M_033_A_XV,0.0,1989,6,13
M_033_A_XV,0.0,1989,6,14
M_033_A_XV,0.0,1989,6,15
M_033_A_XV,0.0,1989,6,16
M_033_A_XV,0.0214580800384283,1989,6,17
M_033_A_XV,0.0004675271920859,1989,6,18
M_033_A_XV,0.0270605031400918,1989,6,19
M_033_A_XV,1.1414338424801826,1989,6,20
M_033_A_XV,0.1544955819845199,1989,6,21
M_033_A_XV,0.0309301473644154,1989,6,22
M_033_A_XV,0.0,1989,6,23
M_033_A_XV,0.0,1989,6,24
M_033_A_XV,0.0,1989,6,25
M_033_A_XV,0.0,1989,6,26
M_033_A_XV,0.0,1989,6,27
M_033_A_XV,0.0,1989,6,28
M_033_A_XV,0.0,1989,6,29
M_033_A_XV,0.0,1989,6,30
M_033_A_XV,0.0,1989,7,1
M_033_A_XV,0.0693379193544387,1989,7,2
M_033_A_XV,0.336949375923723,1989,7,3
M_033_A_XV,0.0,1989,7,4
M_033_A_XV,0.0,1989,7,5
M_033_A_XV,0.0,1989,7,6
M_033_A_XV,0.0,1989,7,7
M_033_A_XV,0.0,1989,7,8
M_033_A_XV,0.0,1989,7,9
M_033_A_XV,0.0,1989,7,10
M_033_A_XV,0.0,1989,7,11
M_033_A_XV,0.0,1989,7,12
M_033_A_XV,0.0004675271920859,1989,7,13
M_033_A_XV,0.0763364280574023,1989,7,14
M_033_A_XV,1.6446694284677503,1989,7,15
M_033_A_XV,2.4551873207092285,1989,7,16
M_033_A_XV,0.0023376359604299,1989,7,17
M_033_A_XV,0.0,1989,7,18
M_033_A_XV,0.0,1989,7,19
M_033_A_XV,0.0,1989,7,20
M_033_A_XV,0.0,1989,7,21
M_033_A_XV,0.0,1989,7,22
M_033_A_XV,0.0,1989,7,23
M_033_A_XV,0.0,1989,7,24
M_033_A_XV,0.0,1989,7,25
M_033_A_XV,0.0,1989,7,26
M_033_A_XV,0.0,1989,7,27
M_033_A_XV,0.0,1989,7,28
M_033_A_XV,0.0,1989,7,29
M_033_A_XV,0.0,1989,7,30
M_033_A_XV,0.0,1989,7,31
M_033_A_XV,0.0,1989,8,1
M_033_A_XV,0.0076350825838744,1989,8,2
M_033_A_XV,0.0005142799091117,1989,8,3
M_033_A_XV,0.0677124038338661,1989,8,4
M_033_A_XV,0.4942538067698478,1989,8,5
M_033_A_XV,4.67527170258e-05,1989,8,6
M_033_A_XV,0.0,1989,8,7
M_033_A_XV,0.0,1989,8,8
M_033_A_XV,0.0,1989,8,9
M_033_A_XV,0.0,1989,8,10
M_033_A_XV,0.0,1989,8,11
M_033_A_XV,0.0,1989,8,12
M_033_A_XV,0.0,1989,8,13
M_033_A_XV,0.1368524989557045,1989,8,14
M_033_A_XV,0.5374374613165855,1989,8,15
M_033_A_XV,0.0004675271920859,1989,8,16
M_033_A_XV,0.1851660910033388,1989,8,17
M_033_A_XV,0.4265994951128959,1989,8,18
M_033_A_XV,0.0004675271920859,1989,8,19
M_033_A_XV,0.0,1989,8,20
M_033_A_XV,0.0,1989,8,21
M_033_A_XV,0.0,1989,8,22
M_033_A_XV,0.0,1989,8,23
M_033_A_XV,0.0,1989,8,24
M_033_A_XV,0.0,1989,8,25
M_033_A_XV,0.0,1989,8,26
M_033_A_XV,0.0,1989,8,27
M_033_A_XV,0.3249121433036634,1989,8,28
M_033_A_XV,0.0136359860189259,1989,8,29
M_033_A_XV,0.0302979037514887,1989,8,30
M_033_A_XV,0.0920936106704175,1989,8,31
M_033_A_XV,0.0230721301340963,1989,9,1
M_033_A_XV,0.0,1989,9,2
M_033_A_XV,0.0,1989,9,3
M_033_A_XV,0.0,1989,9,4
M_033_A_XV,0.0,1989,9,5
M_033_A_XV,0.0,1989,9,6
M_033_A_XV,0.0,1989,9,7
M_033_A_XV,0.0,1989,9,8
M_033_A_XV,0.0,1989,9,9
M_033_A_XV,0.0,1989,9,10
M_033_A_XV,0.0,1989,9,11
M_033_A_XV,0.0,1989,9,12
M_033_A_XV,0.0,1989,9,13
M_033_A_XV,0.0,1989,9,14
M_033_A_XV,0.0071920147165656,1989,9,15
M_033_A_XV,0.0695825177244842,1989,9,16
M_033_A_XV,0.0,1989,9,17
M_033_A_XV,0.0,1989,9,18
M_033_A_XV,0.0,1989,9,19
M_033_A_XV,0.0,1989,9,20
M_033_A_XV,0.0,1989,9,21
M_033_A_XV,0.0203137211501598,1989,9,22
M_033_A_XV,0.0677124070934951,1989,9,23
M_033_A_XV,0.0220104474574327,1989,9,24
M_033_A_XV,0.2172378110699355,1989,9,25
M_033_A_XV,0.0,1989,9,26
M_033_A_XV,0.0,1989,9,27
M_033_A_XV,0.0,1989,9,28
M_033_A_XV,0.0,1989,9,29
M_033_A_XV,0.0003495623241178,1989,9,30
M_033_A_XV,0.0,1989,10,1
M_033_A_XV,0.0,1989,10,2
M_033_A_XV,0.0478580485541897,1989,10,3
M_033_A_XV,2.198964089155197,1989,10,4
M_033_A_XV,1.4646152257919312,1989,10,5
M_033_A_XV,0.924061506986618,1989,10,6
M_033_A_XV,3.3190291821956635,1989,10,7
M_033_A_XV,1.951211807318032,1989,10,8
M_033_A_XV,1.2234909180551767,1989,10,9
M_033_A_XV,0.0303799457360582,1989,10,10
M_033_A_XV,0.0006077853031456,1989,10,11
M_033_A_XV,0.0,1989,10,12
M_033_A_XV,0.0,1989,10,13
M_033_A_XV,0.0,1989,10,14
M_033_A_XV,0.0,1989,10,15
M_033_A_XV,0.0,1989,10,16
M_033_A_XV,0.0,1989,10,17
M_033_A_XV,1.2864661794155836,1989,10,18
M_033_A_XV,5.444756656885147,1989,10,19
M_033_A_XV,0.0090153706260025,1989,10,20
M_033_A_XV,0.0,1989,10,21
M_033_A_XV,0.0743045379349496,1989,10,22
M_033_A_XV,0.0019168614853697,1989,10,23
M_033_A_XV,0.0,1989,10,24
M_033_A_XV,0.0,1989,10,25
M_033_A_XV,0.0,1989,10,26
M_033_A_XV,1.28230619430542,1989,10,27
M_033_A_XV,5.3915605545043945,1989,10,28
M_033_A_XV,0.8446613135747612,1989,10,29
M_033_A_XV,0.1139677464962005,1989,10,30
M_033_A_XV,0.6711817649193108,1989,10,31
M_033_A_XV,3.9448597878217697,1989,11,1
M_033_A_XV,0.0347538003697991,1989,11,2
M_033_A_XV,0.8211001264862716,1989,11,3
M_033_A_XV,1.979069925844669,1989,11,4
M_033_A_XV,1.6026706057600677,1989,11,5
M_033_A_XV,3.0250183045864105,1989,11,6
M_033_A_XV,0.0076062907464802,1989,11,7
M_033_A_XV,0.0,1989,11,8
M_033_A_XV,0.0,1989,11,9
M_033_A_XV,0.0,1989,11,10
M_033_A_XV,0.0,1989,11,11
M_033_A_XV,0.0,1989,11,12
M_033_A_XV,0.0,1989,11,13
M_033_A_XV,0.0,1989,11,14
M_033_A_XV,0.0,1989,11,15
M_033_A_XV,3.2096509160473943,1989,11,16
M_033_A_XV,3.2774673998355865,1989,11,17
M_033_A_XV,0.8586851945146918,1989,11,18
M_033_A_XV,0.0,1989,11,19
M_033_A_XV,0.0,1989,11,20
M_033_A_XV,0.0,1989,11,21
M_033_A_XV,0.0067244875244796,1989,11,22
M_033_A_XV,0.2731656017713249,1989,11,23
M_033_A_XV,1.9400954470038407,1989,11,24
M_033_A_XV,1.4980884050019083,1989,11,25
M_033_A_XV,0.0,1989,11,26
M_033_A_XV,0.0693379268050193,1989,11,27
M_033_A_XV,4.91871789097786,1989,11,28
M_033_A_XV,1.2399983331561089,1989,11,29
M_033_A_XV,0.4849195494316518,1989,11,30
M_033_A_XV,0.0006904602050781,1989,12,1
M_033_A_XV,0.530873510055244,1989,12,2
M_033_A_XV,0.0406497344374656,1989,12,3
M_033_A_XV,0.0,1989,12,4
M_033_A_XV,0.0068647456355392,1989,12,5
M_033_A_XV,1.2143202181905508,1989,12,6
M_033_A_XV,1.722656283527613,1989,12,7
M_033_A_XV,0.4036657324504631,1989,12,8
M_033_A_XV,2.862869970500469,1989,12,9
M_033_A_XV,5.330168664455414,1989,12,10
M_033_A_XV,1.6950221806764605,1989,12,11
M_033_A_XV,0.2831022823665989,1989,12,12
M_033_A_XV,3.577225161716342,1989,12,13
M_033_A_XV,9.266727566719055,1989,12,14
M_033_A_XV,6.7600554674863815,1989,12,15
M_033_A_XV,4.143299788236618,1989,12,16
M_033_A_XV,0.6112355105578899,1989,12,17
M_033_A_XV,8.77783340215683,1989,12,18
M_033_A_XV,1.2840431779623032,1989,12,19
M_033_A_XV,1.1495786905288696,1989,12,20
M_033_A_XV,0.0792745915678097,1989,12,21
M_033_A_XV,0.0004142761172261,1989,12,22
M_033_A_XV,0.4965860992670059,1989,12,23
M_033_A_XV,0.1434037378057837,1989,12,24
M_033_A_XV,0.8031770946836332,1989,12,25
M_033_A_XV,0.0110896910482551,1989,12,26
M_033_A_XV,0.0065020583570003,1989,12,27
M_033_A_XV,1.5700961612164974,1989,12,28
M_033_A_XV,0.2547064744285308,1989,12,29
M_033_A_XV,0.8211814286187291,1989,12,30
M_033_A_XV,9.627618283033373,1989,12,31
M_033_A_XV,22.105207443237305,1990,1,1
M_033_A_XV,6.343646973371506,1990,1,2
M_033_A_XV,15.436321675777435,1990,1,3
M_033_A_XV,16.076172590255737,1990,1,4
M_033_A_XV,20.55529773235321,1990,1,5
M_033_A_XV,14.785406263545156,1990,1,6
M_033_A_XV,15.58783696591854,1990,1,7
M_033_A_XV,1.0060081495903432,1990,1,8
M_033_A_XV,2.199427616316825,1990,1,9
M_033_A_XV,1.1658363044261932,1990,1,10
M_033_A_XV,1.8012441671453416,1990,1,11
M_033_A_XV,3.1871102955192327,1990,1,12
M_033_A_XV,0.0672448799014091,1990,1,13
M_033_A_XV,6.304424077272415,1990,1,14
M_033_A_XV,10.379927933216097,1990,1,15
M_033_A_XV,0.3351800120435655,1990,1,16
M_033_A_XV,0.03228759765625,1990,1,17
M_033_A_XV,3.188436135649681,1990,1,18
M_033_A_XV,7.250635722652078,1990,1,19
M_033_A_XV,6.70264458656311,1990,1,20
M_033_A_XV,3.9739056825637817,1990,1,21
M_033_A_XV,9.021682113409042,1990,1,22
M_033_A_XV,6.534099172888091,1990,1,23
M_033_A_XV,7.304559841752052,1990,1,24
M_033_A_XV,7.086990684270859,1990,1,25
M_033_A_XV,14.015173316001892,1990,1,26
M_033_A_XV,12.49235451221466,1990,1,27
M_033_A_XV,10.509658873081207,1990,1,28
M_033_A_XV,11.145203292369844,1990,1,29
M_033_A_XV,9.065468743443487,1990,1,30
M_033_A_XV,4.504357010126114,1990,1,31
M_033_A_XV,0.2036047461442649,1990,2,1
M_033_A_XV,0.0,1990,2,2
M_033_A_XV,0.0,1990,2,3
M_033_A_XV,1.3491052389144895,1990,2,4
M_033_A_XV,12.04329150915146,1990,2,5
M_033_A_XV,13.40071016550064,1990,2,6
M_033_A_XV,13.643945276737211,1990,2,7
M_033_A_XV,10.424598395824432,1990,2,8
M_033_A_XV,0.3063882514834404,1990,2,9
M_033_A_XV,0.0681799352169036,1990,2,10
M_033_A_XV,0.0,1990,2,11
M_033_A_XV,0.5072094202041626,1990,2,12
M_033_A_XV,6.177884250879288,1990,2,13
M_033_A_XV,11.550585865974426,1990,2,14
M_033_A_XV,5.898861154913902,1990,2,15
M_033_A_XV,4.8012044578790665,1990,2,16
M_033_A_XV,13.63317573070526,1990,2,17
M_033_A_XV,8.34916640818119,1990,2,18
M_033_A_XV,11.3653746843338,1990,2,19
M_033_A_XV,10.641510725021362,1990,2,20
M_033_A_XV,8.050547738093883,1990,2,21
M_033_A_XV,4.268593676388264,1990,2,22
M_033_A_XV,0.7684020129963756,1990,2,23
M_033_A_XV,0.0,1990,2,24
M_033_A_XV,0.0032287596259266,1990,2,25
M_033_A_XV,1.5459332391619682,1990,2,26
M_033_A_XV,7.664632312953472,1990,2,27
M_033_A_XV,10.297063887119291,1990,2,28
M_033_A_XV,6.062778111547232,1990,3,1
M_033_A_XV,0.995015636086464,1990,3,2
M_033_A_XV,0.2543067410588264,1990,3,3
M_033_A_XV,0.7731608748435974,1990,3,4
M_033_A_XV,4.600437670946121,1990,3,5
M_033_A_XV,4.158010356128216,1990,3,6
M_033_A_XV,4.696402654051781,1990,3,7
M_033_A_XV,3.661152970045805,1990,3,8
M_033_A_XV,2.5780861377716064,1990,3,9
M_033_A_XV,5.277513779699802,1990,3,10
M_033_A_XV,18.190280199050903,1990,3,11
M_033_A_XV,16.803986877202988,1990,3,12
M_033_A_XV,0.1951726973056793,1990,3,13
M_033_A_XV,0.3437048196792602,1990,3,14
M_033_A_XV,1.2171543836593628,1990,3,15
M_033_A_XV,2.116444416344166,1990,3,16
M_033_A_XV,7.975792765617371,1990,3,17
M_033_A_XV,10.90045690536499,1990,3,18
M_033_A_XV,0.1545826063957065,1990,3,19
M_033_A_XV,0.0023376359604299,1990,3,20
M_033_A_XV,0.0024311414454132,1990,3,21
M_033_A_XV,0.0,1990,3,22
M_033_A_XV,0.0,1990,3,23
M_033_A_XV,0.0,1990,3,24
M_033_A_XV,0.0069337915629148,1990,3,25
M_033_A_XV,0.0,1990,3,26
M_033_A_XV,0.0,1990,3,27
M_033_A_XV,0.0,1990,3,28
M_033_A_XV,0.0,1990,3,29
M_033_A_XV,0.0,1990,3,30
M_033_A_XV,6.800857454538345,1990,3,31
M_033_A_XV,11.714527606964111,1990,4,1
M_033_A_XV,2.8427667766809464,1990,4,2
M_033_A_XV,4.554643601179123,1990,4,3
M_033_A_XV,9.486750483512878,1990,4,4
M_033_A_XV,6.927949070930481,1990,4,5
M_033_A_XV,5.343056917190552,1990,4,6
M_033_A_XV,1.3103338479995728,1990,4,7
M_033_A_XV,0.1377620794228278,1990,4,8
M_033_A_XV,2.9954350409971084,1990,4,9
M_033_A_XV,6.952512875199318,1990,4,10
M_033_A_XV,8.287909612059593,1990,4,11
M_033_A_XV,6.61421537399292,1990,4,12
M_033_A_XV,0.0,1990,4,13
M_033_A_XV,0.0,1990,4,14
M_033_A_XV,0.0,1990,4,15
M_033_A_XV,0.0,1990,4,16
M_033_A_XV,0.0,1990,4,17
M_033_A_XV,0.0327551253139972,1990,4,18
M_033_A_XV,0.0069114983925828,1990,4,19
M_033_A_XV,0.0,1990,4,20
M_033_A_XV,0.0,1990,4,21
M_033_A_XV,0.0,1990,4,22
M_033_A_XV,0.6322598718106747,1990,4,23
M_033_A_XV,3.485575169324875,1990,4,24
M_033_A_XV,0.038982444035355,1990,4,25
M_033_A_XV,0.0,1990,4,26
M_033_A_XV,0.0,1990,4,27
M_033_A_XV,0.0,1990,4,28
M_033_A_XV,0.0,1990,4,29
M_033_A_XV,0.0,1990,4,30
M_033_A_XV,0.0,1990,5,1
M_033_A_XV,0.0,1990,5,2
M_033_A_XV,0.0,1990,5,3
M_033_A_XV,0.0,1990,5,4
M_033_A_XV,0.0,1990,5,5
M_033_A_XV,0.0,1990,5,6
M_033_A_XV,0.0,1990,5,7
M_033_A_XV,0.0,1990,5,8
M_033_A_XV,0.0,1990,5,9
M_033_A_XV,0.0,1990,5,10
M_033_A_XV,0.0,1990,5,11
M_033_A_XV,0.0,1990,5,12
M_033_A_XV,0.0004675271920859,1990,5,13
M_033_A_XV,1.14306865260005,1990,5,14
M_033_A_XV,3.2317398320883512,1990,5,15
M_033_A_XV,1.3159519527107475,1990,5,16
M_033_A_XV,4.67527170258e-05,1990,5,17
M_033_A_XV,3.312053145840764,1990,5,18
M_033_A_XV,7.239973187446594,1990,5,19
M_033_A_XV,4.387070953845978,1990,5,20
M_033_A_XV,0.1823278646916151,1990,5,21
M_033_A_XV,0.2088621854782104,1990,5,22
M_033_A_XV,0.1890815345977898,1990,5,23
M_033_A_XV,0.4362244009971618,1990,5,24
M_033_A_XV,0.0275459890253841,1990,5,25
M_033_A_XV,4.67527170258e-05,1990,5,26
M_033_A_XV,0.0,1990,5,27
M_033_A_XV,0.0,1990,5,28
M_033_A_XV,0.0,1990,5,29
M_033_A_XV,0.0,1990,5,30
M_033_A_XV,0.0,1990,5,31
M_033_A_XV,0.2169204540987266,1990,6,1
M_033_A_XV,2.6757630790089024,1990,6,2
M_033_A_XV,0.0,1990,6,3
M_033_A_XV,0.0,1990,6,4
M_033_A_XV,0.0,1990,6,5
M_033_A_XV,0.0,1990,6,6
M_033_A_XV,0.0010954397730529,1990,6,7
M_033_A_XV,0.0,1990,6,8
M_033_A_XV,1.9474487155675888,1990,6,9
M_033_A_XV,1.215699718799442,1990,6,10
M_033_A_XV,5.517867982387543,1990,6,11
M_033_A_XV,0.0014025815762579,1990,6,12
M_033_A_XV,0.0,1990,6,13
M_033_A_XV,0.0,1990,6,14
M_033_A_XV,0.0,1990,6,15
M_033_A_XV,0.0,1990,6,16
M_033_A_XV,0.0,1990,6,17
M_033_A_XV,0.0,1990,6,18
M_033_A_XV,0.0,1990,6,19
M_033_A_XV,0.0,1990,6,20
M_033_A_XV,0.0001402581547154,1990,6,21
M_033_A_XV,0.0,1990,6,22
M_033_A_XV,0.0,1990,6,23
M_033_A_XV,0.0,1990,6,24
M_033_A_XV,0.0,1990,6,25
M_033_A_XV,0.0,1990,6,26
M_033_A_XV,0.0,1990,6,27
M_033_A_XV,0.0,1990,6,28
M_033_A_XV,0.0,1990,6,29
M_033_A_XV,0.0,1990,6,30
M_033_A_XV,0.0,1990,7,1
M_033_A_XV,0.0,1990,7,2
M_033_A_XV,0.0686942118663864,1990,7,3
M_033_A_XV,0.0,1990,7,4
M_033_A_XV,0.0,1990,7,5
M_033_A_XV,0.0,1990,7,6
M_033_A_XV,0.0,1990,7,7
M_033_A_XV,0.0,1990,7,8
M_033_A_XV,0.0,1990,7,9
M_033_A_XV,0.0,1990,7,10
M_033_A_XV,0.0,1990,7,11
M_033_A_XV,0.0,1990,7,12
M_033_A_XV,0.0,1990,7,13
M_033_A_XV,0.0,1990,7,14
M_033_A_XV,0.0,1990,7,15
M_033_A_XV,0.0,1990,7,16
M_033_A_XV,0.0,1990,7,17
M_033_A_XV,0.0001402581547154,1990,7,18
M_033_A_XV,0.0305007081478834,1990,7,19
M_033_A_XV,0.0,1990,7,20
M_033_A_XV,0.0,1990,7,21
M_033_A_XV,0.0,1990,7,22
M_033_A_XV,0.0,1990,7,23
M_033_A_XV,0.0,1990,7,24
M_033_A_XV,0.0,1990,7,25
M_033_A_XV,0.0,1990,7,26
M_033_A_XV,0.0,1990,7,27
M_033_A_XV,0.0204539783298969,1990,7,28
M_033_A_XV,0.0,1990,7,29
M_033_A_XV,0.0,1990,7,30
M_033_A_XV,0.0,1990,7,31
M_033_A_XV,0.0,1990,8,1
M_033_A_XV,0.0001870108681032,1990,8,2
M_033_A_XV,0.0006545380601892,1990,8,3
M_033_A_XV,4.67527170258e-05,1990,8,4
M_033_A_XV,0.0006904602050781,1990,8,5
M_033_A_XV,0.0787279480136931,1990,8,6
M_033_A_XV,0.0,1990,8,7
M_033_A_XV,0.0,1990,8,8
M_033_A_XV,0.0,1990,8,9
M_033_A_XV,0.0,1990,8,10
M_033_A_XV,0.0,1990,8,11
M_033_A_XV,0.0,1990,8,12
M_033_A_XV,0.0,1990,8,13
M_033_A_XV,0.0,1990,8,14
M_033_A_XV,0.0,1990,8,15
M_033_A_XV,0.0,1990,8,16
M_033_A_XV,0.0,1990,8,17
M_033_A_XV,0.0001402581547154,1990,8,18
M_033_A_XV,0.0,1990,8,19
M_033_A_XV,0.0001870108681032,1990,8,20
M_033_A_XV,3.096378737493069,1990,8,21
M_033_A_XV,0.390962369274348,1990,8,22
M_033_A_XV,2.138255134224892,1990,8,23
M_033_A_XV,0.0032726903446018,1990,8,24
M_033_A_XV,0.0005142799091117,1990,8,25
M_033_A_XV,0.0,1990,8,26
M_033_A_XV,0.0,1990,8,27
M_033_A_XV,0.0006077853468013,1990,8,28
M_033_A_XV,0.0,1990,8,29
M_033_A_XV,0.0,1990,8,30
M_033_A_XV,0.0,1990,8,31
M_033_A_XV,0.0,1990,9,1
M_033_A_XV,0.0,1990,9,2
M_033_A_XV,0.0,1990,9,3
M_033_A_XV,0.0,1990,9,4
M_033_A_XV,0.0074948244728147,1990,9,5
M_033_A_XV,0.0,1990,9,6
M_033_A_XV,0.0,1990,9,7
M_033_A_XV,0.0,1990,9,8
M_033_A_XV,0.0,1990,9,9
M_033_A_XV,0.0,1990,9,10
M_033_A_XV,0.0,1990,9,11
M_033_A_XV,0.0,1990,9,12
M_033_A_XV,0.0,1990,9,13
M_033_A_XV,0.0,1990,9,14
M_033_A_XV,0.0,1990,9,15
M_033_A_XV,0.0,1990,9,16
M_033_A_XV,0.0,1990,9,17
M_033_A_XV,0.0,1990,9,18
M_033_A_XV,0.0,1990,9,19
M_033_A_XV,0.0,1990,9,20
M_033_A_XV,0.0,1990,9,21
M_033_A_XV,0.0,1990,9,22
M_033_A_XV,0.0014025815762579,1990,9,23
M_033_A_XV,0.0,1990,9,24
M_033_A_XV,0.0,1990,9,25
M_033_A_XV,0.0219903201796114,1990,9,26
M_033_A_XV,0.0413977790158242,1990,9,27
M_033_A_XV,0.0001402581547154,1990,9,28
M_033_A_XV,0.0,1990,9,29
M_033_A_XV,0.0,1990,9,30
M_033_A_XV,0.0,1990,10,1
M_033_A_XV,0.0,1990,10,2
M_033_A_XV,0.0,1990,10,3
M_033_A_XV,0.0,1990,10,4
M_033_A_XV,0.0,1990,10,5
M_033_A_XV,0.0004675271920859,1990,10,6
M_033_A_XV,0.0440295591542962,1990,10,7
M_033_A_XV,0.0009818071011977,1990,10,8
M_033_A_XV,0.471929706633091,1990,10,9
M_033_A_XV,0.0408813323338108,1990,10,10
M_033_A_XV,0.0650229379534721,1990,10,11
M_033_A_XV,1.4845141577534378,1990,10,12
M_033_A_XV,3.4116070973686874,1990,10,13
M_033_A_XV,1.4942182153463364,1990,10,14
M_033_A_XV,0.983642044942826,1990,10,15
M_033_A_XV,0.0091556288534775,1990,10,16
M_033_A_XV,0.0,1990,10,17
M_033_A_XV,0.0,1990,10,18
M_033_A_XV,0.1472926139831543,1990,10,19
M_033_A_XV,5.534200232475996,1990,10,20
M_033_A_XV,6.622169852256775,1990,10,21
M_033_A_XV,0.0579506298527121,1990,10,22
M_033_A_XV,2.4396632313728333,1990,10,23
M_033_A_XV,2.377691932022572,1990,10,24
M_033_A_XV,16.150450468063354,1990,10,25
M_033_A_XV,1.692035392858088,1990,10,26
M_033_A_XV,3.4289067834615707,1990,10,27
M_033_A_XV,0.4291925728321075,1990,10,28
M_033_A_XV,0.4723180010914802,1990,10,29
M_033_A_XV,0.0211667325347661,1990,10,30
M_033_A_XV,1.2424575113400351,1990,10,31
M_033_A_XV,1.1267503388226032,1990,11,1
M_033_A_XV,1.687071330845356,1990,11,2
M_033_A_XV,0.0,1990,11,3
M_033_A_XV,0.0,1990,11,4
M_033_A_XV,1.4973423779010773,1990,11,5
M_033_A_XV,0.0897250310517847,1990,11,6
M_033_A_XV,0.219191089272499,1990,11,7
M_033_A_XV,1.045192914549261,1990,11,8
M_033_A_XV,2.339886851608753,1990,11,9
M_033_A_XV,8.48232977092266,1990,11,10
M_033_A_XV,6.732483938336372,1990,11,11
M_033_A_XV,9.045251965522766,1990,11,12
M_033_A_XV,1.4952121987007558,1990,11,13
M_033_A_XV,3.705356180667877,1990,11,14
M_033_A_XV,7.865686118602753,1990,11,15
M_033_A_XV,5.143664330244064,1990,11,16
M_033_A_XV,4.153464089613408,1990,11,17
M_033_A_XV,21.26433527469635,1990,11,18
M_033_A_XV,6.0338314473629,1990,11,19
M_033_A_XV,0.1449766322039067,1990,11,20
M_033_A_XV,7.001004159450531,1990,11,21
M_033_A_XV,14.663776963949203,1990,11,22
M_033_A_XV,3.314355393871665,1990,11,23
M_033_A_XV,1.0761832296848295,1990,11,24
M_033_A_XV,3.4452183172106743,1990,11,25
M_033_A_XV,5.795377045869827,1990,11,26
M_033_A_XV,10.91652411222458,1990,11,27
M_033_A_XV,4.09942501783371,1990,11,28
M_033_A_XV,13.092992305755615,1990,11,29
M_033_A_XV,8.819434881210327,1990,11,30
M_033_A_XV,4.339294814039022,1990,12,1
M_033_A_XV,12.024741649627686,1990,12,2
M_033_A_XV,6.630796253681183,1990,12,3
M_033_A_XV,8.38939294219017,1990,12,4
M_033_A_XV,7.194642066955566,1990,12,5
M_033_A_XV,3.860619015991688,1990,12,6
M_033_A_XV,8.315128445625305,1990,12,7
M_033_A_XV,4.484589993953705,1990,12,8
M_033_A_XV,4.855008184909821,1990,12,9
M_033_A_XV,0.0,1990,12,10
M_033_A_XV,0.0075192837975919,1990,12,11
M_033_A_XV,0.0087102667894214,1990,12,12
M_033_A_XV,0.0926444679498672,1990,12,13
M_033_A_XV,9.299579411745071,1990,12,14
M_033_A_XV,7.803430020809174,1990,12,15
M_033_A_XV,7.879988759756088,1990,12,16
M_033_A_XV,0.9418957829475404,1990,12,17
M_033_A_XV,0.2752678990364074,1990,12,18
M_033_A_XV,0.6891041845083237,1990,12,19
M_033_A_XV,6.674755468964577,1990,12,20
M_033_A_XV,20.41243600845337,1990,12,21
M_033_A_XV,2.902353267651052,1990,12,22
M_033_A_XV,4.274356961250305,1990,12,23
M_033_A_XV,3.0249176546931267,1990,12,24
M_033_A_XV,0.7408083314076066,1990,12,25
M_033_A_XV,2.4532720372080803,1990,12,26
M_033_A_XV,5.363515377044678,1990,12,27
M_033_A_XV,13.692489951848984,1990,12,28
M_033_A_XV,7.275915265083313,1990,12,29
M_033_A_XV,9.49448549747467,1990,12,30
M_033_A_XV,28.12075448036194,1990,12,31
M_033_A_XV,3.435905516147613,1991,1,1
M_033_A_XV,8.737410068511963,1991,1,2
M_033_A_XV,17.449740052223206,1991,1,3
M_033_A_XV,10.979820847511292,1991,1,4
M_033_A_XV,9.00202763080597,1991,1,5
M_033_A_XV,15.682381391525269,1991,1,6
M_033_A_XV,18.10993331670761,1991,1,7
M_033_A_XV,13.659062564373016,1991,1,8
M_033_A_XV,10.34916278719902,1991,1,9
M_033_A_XV,13.648368164896963,1991,1,10
M_033_A_XV,11.805790275335312,1991,1,11
M_033_A_XV,2.328981935977936,1991,1,12
M_033_A_XV,0.2206702511757612,1991,1,13
M_033_A_XV,0.0397286977131443,1991,1,14
M_033_A_XV,0.003495623357594,1991,1,15
M_033_A_XV,8.017387047410011,1991,1,16
M_033_A_XV,10.237643033266068,1991,1,17
M_033_A_XV,7.1564808785915375,1991,1,18
M_033_A_XV,4.387458622455597,1991,1,19
M_033_A_XV,5.806954883038998,1991,1,20
M_033_A_XV,5.032625257968903,1991,1,21
M_033_A_XV,13.682765059173107,1991,1,22
M_033_A_XV,15.950209885835648,1991,1,23
M_033_A_XV,5.010470017790794,1991,1,24
M_033_A_XV,2.4167729541659355,1991,1,25
M_033_A_XV,4.254788905382156,1991,1,26
M_033_A_XV,10.914785385131836,1991,1,27
M_033_A_XV,8.07690978050232,1991,1,28
M_033_A_XV,4.204740017652512,1991,1,29
M_033_A_XV,0.1342097446322441,1991,1,30
M_033_A_XV,0.010187010604568,1991,1,31
M_033_A_XV,0.0,1991,2,1
M_033_A_XV,0.6241878308355808,1991,2,2
M_033_A_XV,3.499386191368103,1991,2,3
M_033_A_XV,17.58369791507721,1991,2,4
M_033_A_XV,5.962866097688675,1991,2,5
M_033_A_XV,7.554376363754272,1991,2,6
M_033_A_XV,1.2661507576704023,1991,2,7
M_033_A_XV,0.0,1991,2,8
M_033_A_XV,0.4044740200042724,1991,2,9
M_033_A_XV,13.456812292337418,1991,2,10
M_033_A_XV,19.13692259788513,1991,2,11
M_033_A_XV,11.749856352806091,1991,2,12
M_033_A_XV,9.775569677352903,1991,2,13
M_033_A_XV,17.67136389017105,1991,2,14
M_033_A_XV,11.097323656082152,1991,2,15
M_033_A_XV,8.752775013446808,1991,2,16
M_033_A_XV,10.566402524709702,1991,2,17
M_033_A_XV,12.364940345287325,1991,2,18
M_033_A_XV,9.00559914112091,1991,2,19
M_033_A_XV,12.847839140333235,1991,2,20
M_033_A_XV,14.042082738596946,1991,2,21
M_033_A_XV,1.941625021398068,1991,2,22
M_033_A_XV,1.0392044931650162,1991,2,23
M_033_A_XV,1.6274850368499756,1991,2,24
M_033_A_XV,0.6773039400577545,1991,2,25
M_033_A_XV,2.324223756790161,1991,2,26
M_033_A_XV,7.794677555561066,1991,2,27
M_033_A_XV,0.7161584021523595,1991,2,28
M_033_A_XV,0.684406690299511,1991,3,1
M_033_A_XV,5.136115558445454,1991,3,2
M_033_A_XV,6.520678788423538,1991,3,3
M_033_A_XV,6.989914655685425,1991,3,4
M_033_A_XV,12.879118800163267,1991,3,5
M_033_A_XV,2.531248304992914,1991,3,6
M_033_A_XV,7.156053423881531,1991,3,7
M_033_A_XV,8.600051164627075,1991,3,8
M_033_A_XV,24.516892671585083,1991,3,9
M_033_A_XV,22.54660925269127,1991,3,10
M_033_A_XV,23.95771239697933,1991,3,11
M_033_A_XV,7.5026333052664995,1991,3,12
M_033_A_XV,15.530226707458496,1991,3,13
M_033_A_XV,7.945661574602127,1991,3,14
M_033_A_XV,10.83897078037262,1991,3,15
M_033_A_XV,7.232609445229173,1991,3,16
M_033_A_XV,1.6196947740390897,1991,3,17
M_033_A_XV,11.983282493427396,1991,3,18
M_033_A_XV,1.1759181022644043,1991,3,19
M_033_A_XV,1.7440472841262815,1991,3,20
M_033_A_XV,8.394453883171082,1991,3,21
M_033_A_XV,9.347792744636536,1991,3,22
M_033_A_XV,1.3753981408663094,1991,3,23
M_033_A_XV,0.8601138486992568,1991,3,24
M_033_A_XV,2.4690615981817245,1991,3,25
M_033_A_XV,6.344151277095079,1991,3,26
M_033_A_XV,3.060750588774681,1991,3,27
M_033_A_XV,0.6165014961734414,1991,3,28
M_033_A_XV,0.4492063443176448,1991,3,29
M_033_A_XV,1.262235399801284,1991,3,30
M_033_A_XV,0.0,1991,3,31
M_033_A_XV,0.0,1991,4,1
M_033_A_XV,2.1543833827599883,1991,4,2
M_033_A_XV,12.369169414043428,1991,4,3
M_033_A_XV,8.57312998175621,1991,4,4
M_033_A_XV,10.65273904800415,1991,4,5
M_033_A_XV,0.0130361046176403,1991,4,6
M_033_A_XV,0.0058800120350497,1991,4,7
M_033_A_XV,1.3225693115964532,1991,4,8
M_033_A_XV,0.7226645024493337,1991,4,9
M_033_A_XV,1.4649022296071053,1991,4,10
M_033_A_XV,0.103895909152925,1991,4,11
M_033_A_XV,0.0011781145876739,1991,4,12
M_033_A_XV,0.449033570010215,1991,4,13
M_033_A_XV,1.8147774705139448,1991,4,14
M_033_A_XV,4.546235740184784,1991,4,15
M_033_A_XV,8.965557217597961,1991,4,16
M_033_A_XV,0.0301734637469053,1991,4,17
M_033_A_XV,0.0,1991,4,18
M_033_A_XV,1.268746852874756,1991,4,19
M_033_A_XV,1.654368832707405,1991,4,20
M_033_A_XV,2.097023092210293,1991,4,21
M_033_A_XV,5.24379301071167,1991,4,22
M_033_A_XV,3.802479781210424,1991,4,23
M_033_A_XV,0.4948380119167268,1991,4,24
M_033_A_XV,0.0002229330129921,1991,4,25
M_033_A_XV,0.0067935334518551,1991,4,26
M_033_A_XV,0.1748834252357483,1991,4,27
M_033_A_XV,0.2764635132625699,1991,4,28
M_033_A_XV,0.4601536798290908,1991,4,29
M_033_A_XV,0.8599303222217713,1991,4,30
M_033_A_XV,0.0,1991,5,1
M_033_A_XV,0.0,1991,5,2
M_033_A_XV,0.0,1991,5,3
M_033_A_XV,0.0,1991,5,4
M_033_A_XV,0.0205942373722791,1991,5,5
M_033_A_XV,0.0,1991,5,6
M_033_A_XV,0.0,1991,5,7
M_033_A_XV,0.0,1991,5,8
M_033_A_XV,0.0,1991,5,9
M_033_A_XV,0.0747358818480279,1991,5,10
M_033_A_XV,0.0009350543841719,1991,5,11
M_033_A_XV,0.0,1991,5,12
M_033_A_XV,0.0,1991,5,13
M_033_A_XV,0.0,1991,5,14
M_033_A_XV,0.0,1991,5,15
M_033_A_XV,0.0,1991,5,16
M_033_A_XV,0.0,1991,5,17
M_033_A_XV,0.0,1991,5,18
M_033_A_XV,0.0,1991,5,19
M_033_A_XV,0.0,1991,5,20
M_033_A_XV,0.0,1991,5,21
M_033_A_XV,0.0,1991,5,22
M_033_A_XV,0.0,1991,5,23
M_033_A_XV,0.0,1991,5,24
M_033_A_XV,0.0,1991,5,25
M_033_A_XV,0.0,1991,5,26
M_033_A_XV,0.0,1991,5,27
M_033_A_XV,0.0,1991,5,28
M_033_A_XV,0.0,1991,5,29
M_033_A_XV,0.0,1991,5,30
M_033_A_XV,0.0,1991,5,31
M_033_A_XV,0.0,1991,6,1
M_033_A_XV,0.0,1991,6,2
M_033_A_XV,0.0,1991,6,3
M_033_A_XV,0.0,1991,6,4
M_033_A_XV,0.0,1991,6,5
M_033_A_XV,0.0,1991,6,6
M_033_A_XV,0.0,1991,6,7
M_033_A_XV,0.0067244875244796,1991,6,8
M_033_A_XV,3.582321047782898,1991,6,9
M_033_A_XV,0.2182560265064239,1991,6,10
M_033_A_XV,0.0,1991,6,11
M_033_A_XV,0.0,1991,6,12
M_033_A_XV,0.0,1991,6,13
M_033_A_XV,0.0,1991,6,14
M_033_A_XV,0.0,1991,6,15
M_033_A_XV,0.0,1991,6,16
M_033_A_XV,0.0,1991,6,17
M_033_A_XV,0.0,1991,6,18
M_033_A_XV,0.0,1991,6,19
M_033_A_XV,0.0,1991,6,20
M_033_A_XV,0.0,1991,6,21
M_033_A_XV,0.0,1991,6,22
M_033_A_XV,0.0,1991,6,23
M_033_A_XV,0.0,1991,6,24
M_033_A_XV,0.0,1991,6,25
M_033_A_XV,0.0,1991,6,26
M_033_A_XV,0.0,1991,6,27
M_033_A_XV,0.0,1991,6,28
M_033_A_XV,0.0,1991,6,29
M_033_A_XV,0.0,1991,6,30
M_033_A_XV,0.0,1991,7,1
M_033_A_XV,0.0,1991,7,2
M_033_A_XV,0.0,1991,7,3
M_033_A_XV,0.0,1991,7,4
M_033_A_XV,0.0,1991,7,5
M_033_A_XV,0.0,1991,7,6
M_033_A_XV,0.0,1991,7,7
M_033_A_XV,0.0,1991,7,8
M_033_A_XV,0.0,1991,7,9
M_033_A_XV,0.0,1991,7,10
M_033_A_XV,0.0,1991,7,11
M_033_A_XV,0.0,1991,7,12
M_033_A_XV,0.0,1991,7,13
M_033_A_XV,0.0,1991,7,14
M_033_A_XV,0.0,1991,7,15
M_033_A_XV,0.0228721238672733,1991,7,16
M_033_A_XV,0.2476903456263244,1991,7,17
M_033_A_XV,0.0,1991,7,18
M_033_A_XV,0.002560568973422,1991,7,19
M_033_A_XV,0.0014471681643044,1991,7,20
M_033_A_XV,0.0,1991,7,21
M_033_A_XV,0.0,1991,7,22
M_033_A_XV,0.0,1991,7,23
M_033_A_XV,0.0,1991,7,24
M_033_A_XV,0.0,1991,7,25
M_033_A_XV,0.0,1991,7,26
M_033_A_XV,0.0,1991,7,27
M_033_A_XV,0.0002805163094308,1991,7,28
M_033_A_XV,0.0001402581547154,1991,7,29
M_033_A_XV,0.0,1991,7,30
M_033_A_XV,0.0,1991,7,31
M_033_A_XV,0.0,1991,8,1
M_033_A_XV,0.0011579873971641,1991,8,2
M_033_A_XV,0.0215184609405696,1991,8,3
M_033_A_XV,0.0,1991,8,4
M_033_A_XV,0.0,1991,8,5
M_033_A_XV,0.0,1991,8,6
M_033_A_XV,0.0,1991,8,7
M_033_A_XV,0.0,1991,8,8
M_033_A_XV,0.0,1991,8,9
M_033_A_XV,0.0,1991,8,10
M_033_A_XV,0.0001870108681032,1991,8,11
M_033_A_XV,0.0,1991,8,12
M_033_A_XV,0.0,1991,8,13
M_033_A_XV,0.0,1991,8,14
M_033_A_XV,0.0,1991,8,15
M_033_A_XV,0.0,1991,8,16
M_033_A_XV,0.0,1991,8,17
M_033_A_XV,0.0,1991,8,18
M_033_A_XV,0.0,1991,8,19
M_033_A_XV,0.0,1991,8,20
M_033_A_XV,0.0,1991,8,21
M_033_A_XV,0.0,1991,8,22
M_033_A_XV,0.0,1991,8,23
M_033_A_XV,0.0,1991,8,24
M_033_A_XV,0.0,1991,8,25
M_033_A_XV,0.0,1991,8,26
M_033_A_XV,0.0067683137021958,1991,8,27
M_033_A_XV,0.0208279993385076,1991,8,28
M_033_A_XV,0.0767996199429035,1991,8,29
M_033_A_XV,0.4126878694514744,1991,8,30
M_033_A_XV,0.3904877975583076,1991,8,31
M_033_A_XV,0.0,1991,9,1
M_033_A_XV,0.0004675271920859,1991,9,2
M_033_A_XV,0.3457539136870764,1991,9,3
M_033_A_XV,0.0691149863414466,1991,9,4
M_033_A_XV,0.0,1991,9,5
M_033_A_XV,4.67527170258e-05,1991,9,6
M_033_A_XV,0.0,1991,9,7
M_033_A_XV,0.0,1991,9,8
M_033_A_XV,0.0,1991,9,9
M_033_A_XV,0.0,1991,9,10
M_033_A_XV,0.0014025815762579,1991,9,11
M_033_A_XV,0.0004675271920859,1991,9,12
M_033_A_XV,0.0,1991,9,13
M_033_A_XV,0.0,1991,9,14
M_033_A_XV,0.0,1991,9,15
M_033_A_XV,0.0,1991,9,16
M_033_A_XV,0.0,1991,9,17
M_033_A_XV,0.0,1991,9,18
M_033_A_XV,1.0138159575872123,1991,9,19
M_033_A_XV,0.9767496436834336,1991,9,20
M_033_A_XV,0.0,1991,9,21
M_033_A_XV,0.0,1991,9,22
M_033_A_XV,0.0677124038338661,1991,9,23
M_033_A_XV,0.0,1991,9,24
M_033_A_XV,0.0739693674258887,1991,9,25
M_033_A_XV,0.2022021636366844,1991,9,26
M_033_A_XV,0.0,1991,9,27
M_033_A_XV,0.0004675271920859,1991,9,28
M_033_A_XV,0.0,1991,9,29
M_033_A_XV,0.0,1991,9,30
M_033_A_XV,0.0,1991,10,1
M_033_A_XV,0.0,1991,10,2
M_033_A_XV,0.0,1991,10,3
M_033_A_XV,0.0,1991,10,4
M_033_A_XV,0.0,1991,10,5
M_033_A_XV,0.0,1991,10,6
M_033_A_XV,0.0,1991,10,7
M_033_A_XV,0.0,1991,10,8
M_033_A_XV,0.0,1991,10,9
M_033_A_XV,0.0,1991,10,10
M_033_A_XV,0.0067712403833866,1991,10,11
M_033_A_XV,0.0067244875244796,1991,10,12
M_033_A_XV,0.0002229330129921,1991,10,13
M_033_A_XV,0.0,1991,10,14
M_033_A_XV,0.0,1991,10,15
M_033_A_XV,0.0208948794752359,1991,10,16
M_033_A_XV,4.285357005894184,1991,10,17
M_033_A_XV,2.390490293502808,1991,10,18
M_033_A_XV,3.253236472606659,1991,10,19
M_033_A_XV,6.680272042751312,1991,10,20
M_033_A_XV,7.071094393730164,1991,10,21
M_033_A_XV,2.4723391756415367,1991,10,22
M_033_A_XV,0.0,1991,10,23
M_033_A_XV,0.0,1991,10,24
M_033_A_XV,0.0009350543841719,1991,10,25
M_033_A_XV,0.7073541050776839,1991,10,26
M_033_A_XV,0.1344897598028183,1991,10,27
M_033_A_XV,1.0088960570283234,1991,10,28
M_033_A_XV,3.326550245285034,1991,10,29
M_033_A_XV,6.174089014530182,1991,10,30
M_033_A_XV,0.476000758819282,1991,10,31
M_033_A_XV,0.0012623233233171,1991,11,1
M_033_A_XV,0.3464673121779924,1991,11,2
M_033_A_XV,0.029538396604039,1991,11,3
M_033_A_XV,4.67527170258e-05,1991,11,4
M_033_A_XV,0.0,1991,11,5
M_033_A_XV,0.0,1991,11,6
M_033_A_XV,0.2380664423108101,1991,11,7
M_033_A_XV,0.2146201528958045,1991,11,8
M_033_A_XV,0.0,1991,11,9
M_033_A_XV,0.0,1991,11,10
M_033_A_XV,0.0,1991,11,11
M_033_A_XV,0.0,1991,11,12
M_033_A_XV,0.0,1991,11,13
M_033_A_XV,0.0,1991,11,14
M_033_A_XV,0.0,1991,11,15
M_033_A_XV,0.0,1991,11,16
M_033_A_XV,0.0,1991,11,17
M_033_A_XV,0.0681799352169036,1991,11,18
M_033_A_XV,6.168231129646301,1991,11,19
M_033_A_XV,8.282853305339813,1991,11,20
M_033_A_XV,2.679824084043503,1991,11,21
M_033_A_XV,1.9714116747491064,1991,11,22
M_033_A_XV,3.6395503282547,1991,11,23
M_033_A_XV,4.866348111114348,1991,11,24
M_033_A_XV,6.878876864910126,1991,11,25
M_033_A_XV,9.936864584684372,1991,11,26
M_033_A_XV,6.639633476734161,1991,11,27
M_033_A_XV,0.250499177724123,1991,11,28
M_033_A_XV,1.2964734178967774,1991,11,29
M_033_A_XV,1.384469836950302,1991,11,30
M_033_A_XV,8.583501875400543,1991,12,1
M_033_A_XV,13.619369745254517,1991,12,2
M_033_A_XV,9.025754168629646,1991,12,3
M_033_A_XV,6.733379691839218,1991,12,4
M_033_A_XV,0.5278537767007947,1991,12,5
M_033_A_XV,1.6560636311769483,1991,12,6
M_033_A_XV,0.6832018974237144,1991,12,7
M_033_A_XV,0.0027835019864141,1991,12,8
M_033_A_XV,0.0,1991,12,9
M_033_A_XV,0.0,1991,12,10
M_033_A_XV,0.0,1991,12,11
M_033_A_XV,0.0,1991,12,12
M_033_A_XV,0.1400784286670386,1991,12,13
M_033_A_XV,0.0,1991,12,14
M_033_A_XV,0.0,1991,12,15
M_033_A_XV,4.67527170258e-05,1991,12,16
M_033_A_XV,0.0,1991,12,17
M_033_A_XV,0.0,1991,12,18
M_033_A_XV,0.0,1991,12,19
M_033_A_XV,0.125327181071043,1991,12,20
M_033_A_XV,3.157436490058899,1991,12,21
M_033_A_XV,1.1877699494361875,1991,12,22
M_033_A_XV,1.607675241306424,1991,12,23
M_033_A_XV,6.536626519780839,1991,12,24
M_033_A_XV,8.544510960578918,1991,12,25
M_033_A_XV,1.2493694350123403,1991,12,26
M_033_A_XV,6.992336504714331,1991,12,27
M_033_A_XV,8.007433518767357,1991,12,28
M_033_A_XV,3.0952930338680744,1991,12,29
M_033_A_XV,14.072695314884186,1991,12,30
M_033_A_XV,2.658517822623253,1991,12,31
M_033_A_XV,17.82678246498108,1992,1,1
M_033_A_XV,11.728141784667969,1992,1,2
M_033_A_XV,2.462986648082733,1992,1,3
M_033_A_XV,6.59648334980011,1992,1,4
M_033_A_XV,3.854820966720581,1992,1,5
M_033_A_XV,1.982735056313686,1992,1,6
M_033_A_XV,7.139153338968754,1992,1,7
M_033_A_XV,7.334989607334137,1992,1,8
M_033_A_XV,4.312953680753708,1992,1,9
M_033_A_XV,3.8671681880950928,1992,1,10
M_033_A_XV,4.338149547576904,1992,1,11
M_033_A_XV,5.394303370267153,1992,1,12
M_033_A_XV,6.273161835968494,1992,1,13
M_033_A_XV,2.593981692567468,1992,1,14
M_033_A_XV,8.503265023231506,1992,1,15
M_033_A_XV,13.478997528553007,1992,1,16
M_033_A_XV,3.4825181737542152,1992,1,17
M_033_A_XV,14.40461003780365,1992,1,18
M_033_A_XV,11.53193086385727,1992,1,19
M_033_A_XV,3.759096756577492,1992,1,20
M_033_A_XV,15.547794342041016,1992,1,21
M_033_A_XV,9.724451929330826,1992,1,22
M_033_A_XV,6.864574044942856,1992,1,23
M_033_A_XV,20.155280232429504,1992,1,24
M_033_A_XV,18.483097314834595,1992,1,25
M_033_A_XV,0.0067244875244796,1992,1,26
M_033_A_XV,0.0,1992,1,27
M_033_A_XV,4.67527170258e-05,1992,1,28
M_033_A_XV,5.513369445689023,1992,1,29
M_033_A_XV,5.736779901664704,1992,1,30
M_033_A_XV,2.985570520628244,1992,1,31
M_033_A_XV,0.0004675271920859,1992,2,1
M_033_A_XV,0.0,1992,2,2
M_033_A_XV,0.0,1992,2,3
M_033_A_XV,0.0691149905323982,1992,2,4
M_033_A_XV,2.9187230989336967,1992,2,5
M_033_A_XV,3.377610594034195,1992,2,6
M_033_A_XV,2.823990598320961,1992,2,7
M_033_A_XV,0.5416237660683692,1992,2,8
M_033_A_XV,0.0,1992,2,9
M_033_A_XV,0.0,1992,2,10
M_033_A_XV,0.1377624571323394,1992,2,11
M_033_A_XV,4.980433538556099,1992,2,12
M_033_A_XV,3.1867054253816605,1992,2,13
M_033_A_XV,18.131725311279297,1992,2,14
M_033_A_XV,10.454815797507765,1992,2,15
M_033_A_XV,7.892941504716873,1992,2,16
M_033_A_XV,0.1275348365306854,1992,2,17
M_033_A_XV,0.8530208636075258,1992,2,18
M_033_A_XV,6.127892658114433,1992,2,19
M_033_A_XV,14.003503531217577,1992,2,20
M_033_A_XV,11.329384684562685,1992,2,21
M_033_A_XV,5.701287716627121,1992,2,22
M_033_A_XV,4.528996967710555,1992,2,23
M_033_A_XV,3.2344020207819995,1992,2,24
M_033_A_XV,7.23920327052474,1992,2,25
M_033_A_XV,12.861549109220505,1992,2,26
M_033_A_XV,13.521201848983765,1992,2,27
M_033_A_XV,3.1326771825551987,1992,2,28
M_033_A_XV,10.286527812480928,1992,2,29
M_033_A_XV,3.376690685749054,1992,3,1
M_033_A_XV,0.0103106897768157,1992,3,2
M_033_A_XV,0.0,1992,3,3
M_033_A_XV,2.305026802700013,1992,3,4
M_033_A_XV,4.865173883736134,1992,3,5
M_033_A_XV,10.547086119651794,1992,3,6
M_033_A_XV,4.26775661110878,1992,3,7
M_033_A_XV,0.0203604735434055,1992,3,8
M_033_A_XV,0.0,1992,3,9
M_033_A_XV,0.0,1992,3,10
M_033_A_XV,1.501468897331506,1992,3,11
M_033_A_XV,0.2755249021574855,1992,3,12
M_033_A_XV,0.0037402175366878,1992,3,13
M_033_A_XV,0.0,1992,3,14
M_033_A_XV,0.0,1992,3,15
M_033_A_XV,0.0,1992,3,16
M_033_A_XV,0.0,1992,3,17
M_033_A_XV,0.0,1992,3,18
M_033_A_XV,1.1719630612933545,1992,3,19
M_033_A_XV,9.879373908042908,1992,3,20
M_033_A_XV,0.3444882482290268,1992,3,21
M_033_A_XV,4.67527170258e-05,1992,3,22
M_033_A_XV,0.0023376359604299,1992,3,23
M_033_A_XV,0.0340066186108742,1992,3,24
M_033_A_XV,0.0,1992,3,25
M_033_A_XV,0.0,1992,3,26
M_033_A_XV,0.0,1992,3,27
M_033_A_XV,0.0,1992,3,28
M_033_A_XV,0.0,1992,3,29
M_033_A_XV,0.0733227357268333,1992,3,30
M_033_A_XV,4.270071342587471,1992,3,31
M_033_A_XV,0.938939076848328,1992,4,1
M_033_A_XV,0.1687396243214607,1992,4,2
M_033_A_XV,3.385624538641423,1992,4,3
M_033_A_XV,5.185516700148583,1992,4,4
M_033_A_XV,3.61567996442318,1992,4,5
M_033_A_XV,0.3969001397490501,1992,4,6
M_033_A_XV,0.0240229799856024,1992,4,7
M_033_A_XV,0.0004675271920859,1992,4,8
M_033_A_XV,0.0004675271920859,1992,4,9
M_033_A_XV,0.0,1992,4,10
M_033_A_XV,0.0,1992,4,11
M_033_A_XV,0.0,1992,4,12
M_033_A_XV,0.0,1992,4,13
M_033_A_XV,0.0,1992,4,14
M_033_A_XV,0.0,1992,4,15
M_033_A_XV,0.0,1992,4,16
M_033_A_XV,0.0,1992,4,17
M_033_A_XV,0.0,1992,4,18
M_033_A_XV,0.0,1992,4,19
M_033_A_XV,0.0,1992,4,20
M_033_A_XV,0.0,1992,4,21
M_033_A_XV,0.0,1992,4,22
M_033_A_XV,0.0,1992,4,23
M_033_A_XV,0.0,1992,4,24
M_033_A_XV,0.0,1992,4,25
M_033_A_XV,1.574082113802433,1992,4,26
M_033_A_XV,7.109751403331757,1992,4,27
M_033_A_XV,0.6214590072631836,1992,4,28
M_033_A_XV,0.0,1992,4,29
M_033_A_XV,0.0,1992,4,30
M_033_A_XV,0.0,1992,5,1
M_033_A_XV,0.0,1992,5,2
M_033_A_XV,0.0,1992,5,3
M_033_A_XV,0.0,1992,5,4
M_033_A_XV,0.0,1992,5,5
M_033_A_XV,0.0,1992,5,6
M_033_A_XV,0.0,1992,5,7
M_033_A_XV,0.0,1992,5,8
M_033_A_XV,0.0,1992,5,9
M_033_A_XV,0.2054315209388733,1992,5,10
M_033_A_XV,0.0475144796073436,1992,5,11
M_033_A_XV,0.0,1992,5,12
M_033_A_XV,0.0,1992,5,13
M_033_A_XV,0.0,1992,5,14
M_033_A_XV,0.0,1992,5,15
M_033_A_XV,0.0,1992,5,16
M_033_A_XV,0.0,1992,5,17
M_033_A_XV,0.0,1992,5,18
M_033_A_XV,0.0,1992,5,19
M_033_A_XV,0.0,1992,5,20
M_033_A_XV,0.0,1992,5,21
M_033_A_XV,0.0,1992,5,22
M_033_A_XV,0.0,1992,5,23
M_033_A_XV,0.0,1992,5,24
M_033_A_XV,0.0,1992,5,25
M_033_A_XV,0.0,1992,5,26
M_033_A_XV,0.0,1992,5,27
M_033_A_XV,0.0,1992,5,28
M_033_A_XV,0.0,1992,5,29
M_033_A_XV,0.0,1992,5,30
M_033_A_XV,0.0,1992,5,31
M_033_A_XV,4.67527170258e-05,1992,6,1
M_033_A_XV,0.0010285598691552,1992,6,2
M_033_A_XV,2.327416138999979,1992,6,3
M_033_A_XV,2.27556049823761,1992,6,4
M_033_A_XV,0.0,1992,6,5
M_033_A_XV,0.0,1992,6,6
M_033_A_XV,0.0,1992,6,7
M_033_A_XV,0.0,1992,6,8
M_033_A_XV,0.0,1992,6,9
M_033_A_XV,0.0,1992,6,10
M_033_A_XV,0.0,1992,6,11
M_033_A_XV,0.0,1992,6,12
M_033_A_XV,0.0,1992,6,13
M_033_A_XV,0.0,1992,6,14
M_033_A_XV,0.0,1992,6,15
M_033_A_XV,0.0,1992,6,16
M_033_A_XV,0.0,1992,6,17
M_033_A_XV,0.0,1992,6,18
M_033_A_XV,0.0,1992,6,19
M_033_A_XV,0.0,1992,6,20
M_033_A_XV,0.0,1992,6,21
M_033_A_XV,0.0,1992,6,22
M_033_A_XV,0.0,1992,6,23
M_033_A_XV,0.0,1992,6,24
M_033_A_XV,0.0,1992,6,25
M_033_A_XV,0.0,1992,6,26
M_033_A_XV,0.0,1992,6,27
M_033_A_XV,0.0,1992,6,28
M_033_A_XV,0.0695608556270599,1992,6,29
M_033_A_XV,1.1535268723964691,1992,6,30
M_033_A_XV,0.0,1992,7,1
M_033_A_XV,0.0,1992,7,2
M_033_A_XV,0.0,1992,7,3
M_033_A_XV,0.0,1992,7,4
M_033_A_XV,0.0,1992,7,5
M_033_A_XV,0.0,1992,7,6
M_033_A_XV,0.0,1992,7,7
M_033_A_XV,0.0,1992,7,8
M_033_A_XV,0.0,1992,7,9
M_033_A_XV,0.0,1992,7,10
M_033_A_XV,0.0,1992,7,11
M_033_A_XV,0.0,1992,7,12
M_033_A_XV,0.0,1992,7,13
M_033_A_XV,0.0,1992,7,14
M_033_A_XV,0.0,1992,7,15
M_033_A_XV,0.0,1992,7,16
M_033_A_XV,0.0,1992,7,17
M_033_A_XV,0.0,1992,7,18
M_033_A_XV,0.0,1992,7,19
M_033_A_XV,0.8599709579721093,1992,7,20
M_033_A_XV,3.4212147295475006,1992,7,21
M_033_A_XV,0.0009350543841719,1992,7,22
M_033_A_XV,0.0,1992,7,23
M_033_A_XV,0.0,1992,7,24
M_033_A_XV,0.0,1992,7,25
M_033_A_XV,0.0,1992,7,26
M_033_A_XV,0.0,1992,7,27
M_033_A_XV,0.0,1992,7,28
M_033_A_XV,0.0,1992,7,29
M_033_A_XV,0.0,1992,7,30
M_033_A_XV,0.0,1992,7,31
M_033_A_XV,0.0,1992,8,1
M_033_A_XV,0.0,1992,8,2
M_033_A_XV,0.0,1992,8,3
M_033_A_XV,0.0,1992,8,4
M_033_A_XV,0.0,1992,8,5
M_033_A_XV,0.0076127890497446,1992,8,6
M_033_A_XV,0.0,1992,8,7
M_033_A_XV,0.0,1992,8,8
M_033_A_XV,0.0,1992,8,9
M_033_A_XV,0.0,1992,8,10
M_033_A_XV,0.0,1992,8,11
M_033_A_XV,0.0,1992,8,12
M_033_A_XV,0.0,1992,8,13
M_033_A_XV,0.0,1992,8,14
M_033_A_XV,0.0,1992,8,15
M_033_A_XV,0.0,1992,8,16
M_033_A_XV,0.0,1992,8,17
M_033_A_XV,0.0,1992,8,18
M_033_A_XV,0.0004675271920859,1992,8,19
M_033_A_XV,0.2864576359279454,1992,8,20
M_033_A_XV,0.5612487178295851,1992,8,21
M_033_A_XV,0.0,1992,8,22
M_033_A_XV,1.3637132528237998,1992,8,23
M_033_A_XV,5.094951510429382,1992,8,24
M_033_A_XV,0.0832155756652355,1992,8,25
M_033_A_XV,0.0235121445730328,1992,8,26
M_033_A_XV,0.0,1992,8,27
M_033_A_XV,0.0,1992,8,28
M_033_A_XV,0.0028051631525158,1992,8,29
M_033_A_XV,0.0,1992,8,30
M_033_A_XV,0.0,1992,8,31
M_033_A_XV,0.0,1992,9,1
M_033_A_XV,0.0,1992,9,2
M_033_A_XV,0.0,1992,9,3
M_033_A_XV,0.0,1992,9,4
M_033_A_XV,0.0,1992,9,5
M_033_A_XV,0.0,1992,9,6
M_033_A_XV,0.0,1992,9,7
M_033_A_XV,0.0004675271920859,1992,9,8
M_033_A_XV,0.0,1992,9,9
M_033_A_XV,0.0,1992,9,10
M_033_A_XV,0.0,1992,9,11
M_033_A_XV,0.0,1992,9,12
M_033_A_XV,0.0,1992,9,13
M_033_A_XV,0.0,1992,9,14
M_033_A_XV,0.0005142799091117,1992,9,15
M_033_A_XV,0.0,1992,9,16
M_033_A_XV,0.0,1992,9,17
M_033_A_XV,0.0,1992,9,18
M_033_A_XV,0.0,1992,9,19
M_033_A_XV,0.5434944122971501,1992,9,20
M_033_A_XV,0.2870792746543884,1992,9,21
M_033_A_XV,0.0,1992,9,22
M_033_A_XV,0.0,1992,9,23
M_033_A_XV,0.0,1992,9,24
M_033_A_XV,0.0,1992,9,25
M_033_A_XV,0.0,1992,9,26
M_033_A_XV,0.0,1992,9,27
M_033_A_XV,0.0,1992,9,28
M_033_A_XV,0.0,1992,9,29
M_033_A_XV,0.0,1992,9,30
M_033_A_XV,0.0,1992,10,1
M_033_A_XV,0.0,1992,10,2
M_033_A_XV,0.0,1992,10,3
M_033_A_XV,0.0,1992,10,4
M_033_A_XV,0.0,1992,10,5
M_033_A_XV,0.0,1992,10,6
M_033_A_XV,0.0008839694201014,1992,10,7
M_033_A_XV,0.2860334077849984,1992,10,8
M_033_A_XV,0.2068774406798184,1992,10,9
M_033_A_XV,0.0,1992,10,10
M_033_A_XV,0.0,1992,10,11
M_033_A_XV,1.5001081698574126,1992,10,12
M_033_A_XV,11.40167999267578,1992,10,13
M_033_A_XV,8.061493813991547,1992,10,14
M_033_A_XV,1.3304680469445884,1992,10,15
M_033_A_XV,0.0,1992,10,16
M_033_A_XV,0.0023376359604299,1992,10,17
M_033_A_XV,2.3520589470863342,1992,10,18
M_033_A_XV,0.9942992106080056,1992,10,19
M_033_A_XV,0.6418138444423676,1992,10,20
M_033_A_XV,7.635302156209946,1992,10,21
M_033_A_XV,0.0728552034124732,1992,10,22
M_033_A_XV,4.516386926174164,1992,10,23
M_033_A_XV,3.369958464056253,1992,10,24
M_033_A_XV,0.0209215055219829,1992,10,25
M_033_A_XV,0.067572146654129,1992,10,26
M_033_A_XV,0.1151110865175724,1992,10,27
M_033_A_XV,0.0,1992,10,28
M_033_A_XV,0.0,1992,10,29
M_033_A_XV,0.0,1992,10,30
M_033_A_XV,0.0,1992,10,31
M_033_A_XV,0.0,1992,11,1
M_033_A_XV,0.0,1992,11,2
M_033_A_XV,0.0,1992,11,3
M_033_A_XV,0.0,1992,11,4
M_033_A_XV,0.0,1992,11,5
M_033_A_XV,0.0,1992,11,6
M_033_A_XV,0.0,1992,11,7
M_033_A_XV,0.0,1992,11,8
M_033_A_XV,0.0,1992,11,9
M_033_A_XV,0.0,1992,11,10
M_033_A_XV,0.218859851360321,1992,11,11
M_033_A_XV,0.8554163053631783,1992,11,12
M_033_A_XV,4.071942716836929,1992,11,13
M_033_A_XV,2.877456471323967,1992,11,14
M_033_A_XV,10.264009475708008,1992,11,15
M_033_A_XV,5.123335737735033,1992,11,16
M_033_A_XV,15.651221707463264,1992,11,17
M_033_A_XV,6.918678462505341,1992,11,18
M_033_A_XV,15.807100236415865,1992,11,19
M_033_A_XV,0.0032726903446018,1992,11,20
M_033_A_XV,4.67527170258e-05,1992,11,21
M_033_A_XV,9.51984977722168,1992,11,22
M_033_A_XV,5.95521605014801,1992,11,23
M_033_A_XV,0.0176946789470093,1992,11,24
M_033_A_XV,0.2929930593818426,1992,11,25
M_033_A_XV,1.980446932837367,1992,11,26
M_033_A_XV,0.0014025815762579,1992,11,27
M_033_A_XV,0.0014025815762579,1992,11,28
M_033_A_XV,0.0,1992,11,29
M_033_A_XV,0.0,1992,11,30
M_033_A_XV,4.67527170258e-05,1992,12,1
M_033_A_XV,0.0426378087140619,1992,12,2
M_033_A_XV,0.0004675271920859,1992,12,3
M_033_A_XV,0.7028030042893079,1992,12,4
M_033_A_XV,0.8446757644414902,1992,12,5
M_033_A_XV,0.9489086866378784,1992,12,6
M_033_A_XV,2.075106158852577,1992,12,7
M_033_A_XV,2.3898890232667327,1992,12,8
M_033_A_XV,0.0,1992,12,9
M_033_A_XV,0.0,1992,12,10
M_033_A_XV,0.0,1992,12,11
M_033_A_XV,0.0,1992,12,12
M_033_A_XV,2.275380606763065,1992,12,13
M_033_A_XV,5.098137339577079,1992,12,14
M_033_A_XV,5.884003974497318,1992,12,15
M_033_A_XV,0.25043362705037,1992,12,16
M_033_A_XV,0.0,1992,12,17
M_033_A_XV,0.0002229330129921,1992,12,18
M_033_A_XV,0.0226092971861362,1992,12,19
M_033_A_XV,1.096964021213353,1992,12,20
M_033_A_XV,4.055103480815888,1992,12,21
M_033_A_XV,7.344653427600861,1992,12,22
M_033_A_XV,3.706859797239304,1992,12,23
M_033_A_XV,4.360709458589554,1992,12,24
M_033_A_XV,2.1807851344347,1992,12,25
M_033_A_XV,0.5615863502025604,1992,12,26
M_033_A_XV,1.5703704059123993,1992,12,27
M_033_A_XV,6.880277186632156,1992,12,28
M_033_A_XV,3.61209310265258,1992,12,29
M_033_A_XV,0.3402451445290353,1992,12,30
M_033_A_XV,0.2727197408676147,1992,12,31
M_033_A_XV,7.255936212837696,1993,1,1
M_033_A_XV,4.92692169547081,1993,1,2
M_033_A_XV,6.60124833881855,1993,1,3
M_033_A_XV,13.54265409708023,1993,1,4
M_033_A_XV,14.392445266246796,1993,1,5
M_033_A_XV,1.0894900667481124,1993,1,6
M_033_A_XV,4.949305713176727,1993,1,7
M_033_A_XV,0.3716130778193474,1993,1,8
M_033_A_XV,6.571175307035446,1993,1,9
M_033_A_XV,13.401751697063446,1993,1,10
M_033_A_XV,9.73348081111908,1993,1,11
M_033_A_XV,5.747495025396347,1993,1,12
M_033_A_XV,17.03343310719356,1993,1,13
M_033_A_XV,10.576940327882768,1993,1,14
M_033_A_XV,13.519555978477,1993,1,15
M_033_A_XV,10.782925941050053,1993,1,16
M_033_A_XV,23.45783913135529,1993,1,17
M_033_A_XV,29.39195954054594,1993,1,18
M_033_A_XV,5.120185410603881,1993,1,19
M_033_A_XV,20.839570701122284,1993,1,20
M_033_A_XV,11.798987083137035,1993,1,21
M_033_A_XV,12.928191006183624,1993,1,22
M_033_A_XV,30.78556662797928,1993,1,23
M_033_A_XV,8.474869325757027,1993,1,24
M_033_A_XV,6.687660053372383,1993,1,25
M_033_A_XV,7.288814291357994,1993,1,26
M_033_A_XV,19.702061355113983,1993,1,27
M_033_A_XV,10.991053342819214,1993,1,28
M_033_A_XV,7.863599583506584,1993,1,29
M_033_A_XV,26.70441362261772,1993,1,30
M_033_A_XV,2.067353904247284,1993,1,31
M_033_A_XV,1.7162852883338928,1993,2,1
M_033_A_XV,1.9530433136969805,1993,2,2
M_033_A_XV,3.691932260990143,1993,2,3
M_033_A_XV,8.011898934841156,1993,2,4
M_033_A_XV,2.820426879450679,1993,2,5
M_033_A_XV,0.434359002392739,1993,2,6
M_033_A_XV,0.0,1993,2,7
M_033_A_XV,0.0,1993,2,8
M_033_A_XV,0.0163661800324916,1993,2,9
M_033_A_XV,0.1324894745775964,1993,2,10
M_033_A_XV,0.1607808005064726,1993,2,11
M_033_A_XV,3.1468371152877808,1993,2,12
M_033_A_XV,0.4797863131389022,1993,2,13
M_033_A_XV,0.0301935896277427,1993,2,14
M_033_A_XV,0.0,1993,2,15
M_033_A_XV,0.0014025815762579,1993,2,16
M_033_A_XV,0.0,1993,2,17
M_033_A_XV,0.0164107661694288,1993,2,18
M_033_A_XV,1.4651429206132889,1993,2,19
M_033_A_XV,5.242704352363944,1993,2,20
M_033_A_XV,12.33819518983364,1993,2,21
M_033_A_XV,12.0977619625628,1993,2,22
M_033_A_XV,5.500230491161346,1993,2,23
M_033_A_XV,0.0286500956863164,1993,2,24
M_033_A_XV,2.674973964691162,1993,2,25
M_033_A_XV,4.690111488103867,1993,2,26
M_033_A_XV,16.670759201049805,1993,2,27
M_033_A_XV,6.711296424269676,1993,2,28
M_033_A_XV,13.273736655712128,1993,3,1
M_033_A_XV,14.022278726100922,1993,3,2
M_033_A_XV,23.50835926830769,1993,3,3
M_033_A_XV,5.352045774459839,1993,3,4
M_033_A_XV,10.828620910644531,1993,3,5
M_033_A_XV,8.630059480667114,1993,3,6
M_033_A_XV,13.083473801612854,1993,3,7
M_033_A_XV,22.82685333490372,1993,3,8
M_033_A_XV,5.214901745319367,1993,3,9
M_033_A_XV,3.761874556541443,1993,3,10
M_033_A_XV,1.2745371460914612,1993,3,11
M_033_A_XV,0.1911805719137191,1993,3,12
M_033_A_XV,0.0816289037466049,1993,3,13
M_033_A_XV,1.3938173651695251,1993,3,14
M_033_A_XV,4.422690570354462,1993,3,15
M_033_A_XV,11.73126059770584,1993,3,16
M_033_A_XV,5.892864465713501,1993,3,17
M_033_A_XV,5.792827675119042,1993,3,18
M_033_A_XV,10.213064759969711,1993,3,19
M_033_A_XV,4.337964653968811,1993,3,20
M_033_A_XV,2.0148392766714096,1993,3,21
M_033_A_XV,3.071903295814991,1993,3,22
M_033_A_XV,7.839654855430126,1993,3,23
M_033_A_XV,8.555432498455048,1993,3,24
M_033_A_XV,7.419017585227266,1993,3,25
M_033_A_XV,9.444298446178436,1993,3,26
M_033_A_XV,2.6822023913264275,1993,3,27
M_033_A_XV,0.5198052697232924,1993,3,28
M_033_A_XV,9.588099122047424,1993,3,29
M_033_A_XV,11.160774946212769,1993,3,30
M_033_A_XV,2.644214017316699,1993,3,31
M_033_A_XV,5.251729774754494,1993,4,1
M_033_A_XV,15.153238952159882,1993,4,2
M_033_A_XV,6.697737157344818,1993,4,3
M_033_A_XV,11.649539709091188,1993,4,4
M_033_A_XV,14.723097324371338,1993,4,5
M_033_A_XV,7.693211089354008,1993,4,6
M_033_A_XV,3.4359681606292725,1993,4,7
M_033_A_XV,0.8844450563192368,1993,4,8
M_033_A_XV,1.8709186314954425,1993,4,9
M_033_A_XV,1.03933915682137,1993,4,10
M_033_A_XV,0.0031743131112307,1993,4,11
M_033_A_XV,1.8928868770599363,1993,4,12
M_033_A_XV,0.2939086472615599,1993,4,13
M_033_A_XV,0.0,1993,4,14
M_033_A_XV,0.0802273377776146,1993,4,15
M_033_A_XV,2.2445917543955147,1993,4,16
M_033_A_XV,2.877351999282837,1993,4,17
M_033_A_XV,3.529921405017376,1993,4,18
M_033_A_XV,1.5700090825557709,1993,4,19
M_033_A_XV,0.0,1993,4,20
M_033_A_XV,0.0058115981519222,1993,4,21
M_033_A_XV,0.0004675271920859,1993,4,22
M_033_A_XV,0.0002229330129921,1993,4,23
M_033_A_XV,2.22933012992e-05,1993,4,24
M_033_A_XV,0.0,1993,4,25
M_033_A_XV,0.0,1993,4,26
M_033_A_XV,0.0,1993,4,27
M_033_A_XV,0.8196764108724892,1993,4,28
M_033_A_XV,6.276846528053284,1993,4,29
M_033_A_XV,0.0771485551704245,1993,4,30
M_033_A_XV,0.4160708370618522,1993,5,1
M_033_A_XV,0.0004675271920859,1993,5,2
M_033_A_XV,0.0,1993,5,3
M_033_A_XV,0.0,1993,5,4
M_033_A_XV,0.0,1993,5,5
M_033_A_XV,0.0,1993,5,6
M_033_A_XV,0.0,1993,5,7
M_033_A_XV,0.0,1993,5,8
M_033_A_XV,0.7903077602386475,1993,5,9
M_033_A_XV,0.0081026097759604,1993,5,10
M_033_A_XV,0.0,1993,5,11
M_033_A_XV,0.0,1993,5,12
M_033_A_XV,0.0,1993,5,13
M_033_A_XV,0.0,1993,5,14
M_033_A_XV,0.0,1993,5,15
M_033_A_XV,0.0,1993,5,16
M_033_A_XV,0.0,1993,5,17
M_033_A_XV,0.0,1993,5,18
M_033_A_XV,0.0,1993,5,19
M_033_A_XV,0.0,1993,5,20
M_033_A_XV,0.0,1993,5,21
M_033_A_XV,0.0,1993,5,22
M_033_A_XV,0.0,1993,5,23
M_033_A_XV,0.0,1993,5,24
M_033_A_XV,0.0,1993,5,25
M_033_A_XV,0.0,1993,5,26
M_033_A_XV,0.4767703115940094,1993,5,27
M_033_A_XV,0.0068647456355392,1993,5,28
M_033_A_XV,0.0,1993,5,29
M_033_A_XV,0.0,1993,5,30
M_033_A_XV,0.0,1993,5,31
M_033_A_XV,0.0,1993,6,1
M_033_A_XV,0.0,1993,6,2
M_033_A_XV,0.0,1993,6,3
M_033_A_XV,0.0,1993,6,4
M_033_A_XV,0.0,1993,6,5
M_033_A_XV,0.0,1993,6,6
M_033_A_XV,0.0,1993,6,7
M_033_A_XV,0.1358706802129745,1993,6,8
M_033_A_XV,5.16028370289132,1993,6,9
M_033_A_XV,0.0,1993,6,10
M_033_A_XV,0.0,1993,6,11
M_033_A_XV,0.0695825135335326,1993,6,12
M_033_A_XV,0.2348398715257644,1993,6,13
M_033_A_XV,0.0018701087683439,1993,6,14
M_033_A_XV,0.0023159747943282,1993,6,15
M_033_A_XV,0.2645391430705786,1993,6,16
M_033_A_XV,0.0002805163094308,1993,6,17
M_033_A_XV,0.0,1993,6,18
M_033_A_XV,0.0,1993,6,19
M_033_A_XV,0.0,1993,6,20
M_033_A_XV,0.0,1993,6,21
M_033_A_XV,0.0,1993,6,22
M_033_A_XV,0.0,1993,6,23
M_033_A_XV,0.0,1993,6,24
M_033_A_XV,0.0,1993,6,25
M_033_A_XV,0.0,1993,6,26
M_033_A_XV,0.0,1993,6,27
M_033_A_XV,0.0,1993,6,28
M_033_A_XV,0.0,1993,6,29
M_033_A_XV,0.0,1993,6,30
M_033_A_XV,0.0,1993,7,1
M_033_A_XV,0.0,1993,7,2
M_033_A_XV,0.0,1993,7,3
M_033_A_XV,0.0004675271920859,1993,7,4
M_033_A_XV,0.1214787471108138,1993,7,5
M_033_A_XV,0.0001402581547154,1993,7,6
M_033_A_XV,0.0,1993,7,7
M_033_A_XV,0.0,1993,7,8
M_033_A_XV,0.0,1993,7,9
M_033_A_XV,0.0,1993,7,10
M_033_A_XV,0.0,1993,7,11
M_033_A_XV,0.0,1993,7,12
M_033_A_XV,0.0,1993,7,13
M_033_A_XV,0.0,1993,7,14
M_033_A_XV,0.0,1993,7,15
M_033_A_XV,0.0,1993,7,16
M_033_A_XV,0.0,1993,7,17
M_033_A_XV,0.0,1993,7,18
M_033_A_XV,0.0,1993,7,19
M_033_A_XV,0.0,1993,7,20
M_033_A_XV,0.0,1993,7,21
M_033_A_XV,0.0,1993,7,22
M_033_A_XV,0.0,1993,7,23
M_033_A_XV,0.0,1993,7,24
M_033_A_XV,0.0,1993,7,25
M_033_A_XV,0.0,1993,7,26
M_033_A_XV,0.0,1993,7,27
M_033_A_XV,0.0,1993,7,28
M_033_A_XV,0.0,1993,7,29
M_033_A_XV,0.0,1993,7,30
M_033_A_XV,0.0,1993,7,31
M_033_A_XV,0.0,1993,8,1
M_033_A_XV,0.0,1993,8,2
M_033_A_XV,0.0,1993,8,3
M_033_A_XV,0.0,1993,8,4
M_033_A_XV,0.0,1993,8,5
M_033_A_XV,0.0,1993,8,6
M_033_A_XV,0.0,1993,8,7
M_033_A_XV,0.0,1993,8,8
M_033_A_XV,0.0,1993,8,9
M_033_A_XV,1.6218956666998563,1993,8,10
M_033_A_XV,6.560882538557053,1993,8,11
M_033_A_XV,7.131869226694107,1993,8,12
M_033_A_XV,0.0,1993,8,13
M_033_A_XV,0.0,1993,8,14
M_033_A_XV,0.0,1993,8,15
M_033_A_XV,0.0,1993,8,16
M_033_A_XV,0.8846703129820526,1993,8,17
M_033_A_XV,1.6898456662893295,1993,8,18
M_033_A_XV,0.1673891278915107,1993,8,19
M_033_A_XV,0.5528765683993697,1993,8,20
M_033_A_XV,0.1677962730173021,1993,8,21
M_033_A_XV,0.0004675271920859,1993,8,22
M_033_A_XV,0.0,1993,8,23
M_033_A_XV,0.0,1993,8,24
M_033_A_XV,0.0,1993,8,25
M_033_A_XV,0.0,1993,8,26
M_033_A_XV,0.0,1993,8,27
M_033_A_XV,0.0,1993,8,28
M_033_A_XV,0.0,1993,8,29
M_033_A_XV,4.67527170258e-05,1993,8,30
M_033_A_XV,0.0009818071011977,1993,8,31
M_033_A_XV,0.0,1993,9,1
M_033_A_XV,0.0,1993,9,2
M_033_A_XV,0.0,1993,9,3
M_033_A_XV,0.0,1993,9,4
M_033_A_XV,0.0,1993,9,5
M_033_A_XV,0.0,1993,9,6
M_033_A_XV,0.0,1993,9,7
M_033_A_XV,0.5501147522591054,1993,9,8
M_033_A_XV,2.1141347736120224,1993,9,9
M_033_A_XV,1.1761234351433814,1993,9,10
M_033_A_XV,1.271019667387009,1993,9,11
M_033_A_XV,4.217169007752091,1993,9,12
M_033_A_XV,0.0,1993,9,13
M_033_A_XV,0.0,1993,9,14
M_033_A_XV,0.0,1993,9,15
M_033_A_XV,0.0,1993,9,16
M_033_A_XV,0.0406274423003196,1993,9,17
M_033_A_XV,0.0209682583808898,1993,9,18
M_033_A_XV,0.0,1993,9,19
M_033_A_XV,0.0006545380638272,1993,9,20
M_033_A_XV,0.0004675271920859,1993,9,21
M_033_A_XV,0.0,1993,9,22
M_033_A_XV,0.0,1993,9,23
M_033_A_XV,0.0,1993,9,24
M_033_A_XV,0.2541250307112932,1993,9,25
M_033_A_XV,0.0004675271920859,1993,9,26
M_033_A_XV,0.0,1993,9,27
M_033_A_XV,0.0,1993,9,28
M_033_A_XV,0.0,1993,9,29
M_033_A_XV,0.0,1993,9,30
M_033_A_XV,0.0,1993,10,1
M_033_A_XV,0.0,1993,10,2
M_033_A_XV,0.0,1993,10,3
M_033_A_XV,0.0067712403833866,1993,10,4
M_033_A_XV,5.377833053469658,1993,10,5
M_033_A_XV,4.787831544876099,1993,10,6
M_033_A_XV,8.528000831604004,1993,10,7
M_033_A_XV,3.862728531006724,1993,10,8
M_033_A_XV,4.041228652000427,1993,10,9
M_033_A_XV,0.9746509790420532,1993,10,10
M_033_A_XV,10.312286496162416,1993,10,11
M_033_A_XV,0.0130361053161323,1993,10,12
M_033_A_XV,0.0,1993,10,13
M_033_A_XV,0.0073322728276252,1993,10,14
M_033_A_XV,0.0014025815762579,1993,10,15
M_033_A_XV,0.0004675271920859,1993,10,16
M_033_A_XV,0.0,1993,10,17
M_033_A_XV,0.0491752848029136,1993,10,18
M_033_A_XV,1.0250292737036943,1993,10,19
M_033_A_XV,0.0,1993,10,20
M_033_A_XV,0.0614554467611014,1993,10,21
M_033_A_XV,0.0,1993,10,22
M_033_A_XV,0.0,1993,10,23
M_033_A_XV,0.0,1993,10,24
M_033_A_XV,0.0,1993,10,25
M_033_A_XV,0.7618966698646545,1993,10,26
M_033_A_XV,1.4538460094481709,1993,10,27
M_033_A_XV,1.1935910433530807,1993,10,28
M_033_A_XV,1.832876335363835,1993,10,29
M_033_A_XV,2.3334577083587646,1993,10,30
M_033_A_XV,0.0,1993,10,31
M_033_A_XV,0.0008883016416803,1993,11,1
M_033_A_XV,1.917663789819926,1993,11,2
M_033_A_XV,2.017085522413254,1993,11,3
M_033_A_XV,0.8329086825251579,1993,11,4
M_033_A_XV,0.2728126943111419,1993,11,5
M_033_A_XV,0.97683385014534,1993,11,6
M_033_A_XV,2.116322302259505,1993,11,7
M_033_A_XV,2.7833142429590225,1993,11,8
M_033_A_XV,8.38944160938263,1993,11,9
M_033_A_XV,6.687893867492676,1993,11,10
M_033_A_XV,0.0176360658369958,1993,11,11
M_033_A_XV,7.5640245378017426,1993,11,12
M_033_A_XV,7.705509960651398,1993,11,13
M_033_A_XV,4.399145722389221,1993,11,14
M_033_A_XV,4.509693443775177,1993,11,15
M_033_A_XV,0.0693846776594,1993,11,16
M_033_A_XV,1.0975399487651885,1993,11,17
M_033_A_XV,0.0045817664213245,1993,11,18
M_033_A_XV,5.879884905181825,1993,11,19
M_033_A_XV,5.027309402823448,1993,11,20
M_033_A_XV,9.839148484170437,1993,11,21
M_033_A_XV,3.3804565891623497,1993,11,22
M_033_A_XV,1.072995514026843,1993,11,23
M_033_A_XV,9.483694856287912,1993,11,24
M_033_A_XV,10.672616481781006,1993,11,25
M_033_A_XV,7.4420589581131935,1993,11,26
M_033_A_XV,7.697179450653493,1993,11,27
M_033_A_XV,11.430908922106028,1993,11,28
M_033_A_XV,2.5237982608377934,1993,11,29
M_033_A_XV,0.0,1993,11,30
M_033_A_XV,0.3366919159889221,1993,12,1
M_033_A_XV,2.006557699292898,1993,12,2
M_033_A_XV,8.395824164152145,1993,12,3
M_033_A_XV,1.6223532259464264,1993,12,4
M_033_A_XV,1.9426282737404108,1993,12,5
M_033_A_XV,3.861144661903381,1993,12,6
M_033_A_XV,7.866113752126694,1993,12,7
M_033_A_XV,7.436170324683189,1993,12,8
M_033_A_XV,6.970041871070862,1993,12,9
M_033_A_XV,3.884616381488741,1993,12,10
M_033_A_XV,8.40933471918106,1993,12,11
M_033_A_XV,7.248588472604752,1993,12,12
M_033_A_XV,6.457683674991131,1993,12,13
M_033_A_XV,1.4149537160992622,1993,12,14
M_033_A_XV,2.128410167992115,1993,12,15
M_033_A_XV,5.934347867965698,1993,12,16
M_033_A_XV,30.787981033325195,1993,12,17
M_033_A_XV,3.752180136740208,1993,12,18
M_033_A_XV,0.083784706890583,1993,12,19
M_033_A_XV,1.6333849430084229,1993,12,20
M_033_A_XV,11.379089832305908,1993,12,21
M_033_A_XV,3.309630728326738,1993,12,22
M_033_A_XV,16.588168382644653,1993,12,23
M_033_A_XV,11.20296311378479,1993,12,24
M_033_A_XV,3.711175853386521,1993,12,25
M_033_A_XV,8.60359463095665,1993,12,26
M_033_A_XV,7.574972689151764,1993,12,27
M_033_A_XV,0.726329589728266,1993,12,28
M_033_A_XV,0.3401875081472099,1993,12,29
M_033_A_XV,8.03150126338005,1993,12,30
M_033_A_XV,6.321730017662048,1993,12,31
M_033_A_XV,2.160000533564016,1994,1,1
M_033_A_XV,0.7397441262146458,1994,1,2
M_033_A_XV,2.307847073301673,1994,1,3
M_033_A_XV,8.447282433509827,1994,1,4
M_033_A_XV,13.137606263160706,1994,1,5
M_033_A_XV,5.526438372209668,1994,1,6
M_033_A_XV,4.662681043148041,1994,1,7
M_033_A_XV,0.1537308399565518,1994,1,8
M_033_A_XV,5.367563287392841,1994,1,9
M_033_A_XV,7.417892653495073,1994,1,10
M_033_A_XV,1.3858157973736525,1994,1,11
M_033_A_XV,2.22933012992e-05,1994,1,12
M_033_A_XV,0.0,1994,1,13
M_033_A_XV,2.7166139483451843,1994,1,14
M_033_A_XV,4.230078428983688,1994,1,15
M_033_A_XV,15.801634025294334,1994,1,16
M_033_A_XV,9.66381174325943,1994,1,17
M_033_A_XV,22.73383247852325,1994,1,18
M_033_A_XV,24.90840202569961,1994,1,19
M_033_A_XV,7.0036393366754055,1994,1,20
M_033_A_XV,1.3155374825000763,1994,1,21
M_033_A_XV,2.2987130284309387,1994,1,22
M_033_A_XV,4.658451110124588,1994,1,23
M_033_A_XV,14.169456005096436,1994,1,24
M_033_A_XV,12.60452765226364,1994,1,25
M_033_A_XV,10.685016363859177,1994,1,26
M_033_A_XV,7.581625521183014,1994,1,27
M_033_A_XV,1.4450459658401087,1994,1,28
M_033_A_XV,2.892402995701559,1994,1,29
M_033_A_XV,15.357422918081284,1994,1,30
M_033_A_XV,19.067543506622314,1994,1,31
M_033_A_XV,9.272052586078644,1994,2,1
M_033_A_XV,7.822451680898666,1994,2,2
M_033_A_XV,6.736898109316826,1994,2,3
M_033_A_XV,6.067231938242912,1994,2,4
M_033_A_XV,25.45879900455475,1994,2,5
M_033_A_XV,7.88791766948998,1994,2,6
M_033_A_XV,12.278059005737305,1994,2,7
M_033_A_XV,4.448258876800537,1994,2,8
M_033_A_XV,15.968402713537216,1994,2,9
M_033_A_XV,15.841363310813904,1994,2,10
M_033_A_XV,10.017359018325806,1994,2,11
M_033_A_XV,8.023176908493042,1994,2,12
M_033_A_XV,12.948871225118635,1994,2,13
M_033_A_XV,9.890945166349413,1994,2,14
M_033_A_XV,32.20795488357544,1994,2,15
M_033_A_XV,10.247210443019869,1994,2,16
M_033_A_XV,8.17283733189106,1994,2,17
M_033_A_XV,8.259215652942657,1994,2,18
M_033_A_XV,21.784090399742126,1994,2,19
M_033_A_XV,7.590616703033447,1994,2,20
M_033_A_XV,0.1546844636031892,1994,2,21
M_033_A_XV,0.0494769737124443,1994,2,22
M_033_A_XV,0.0164107661694288,1994,2,23
M_033_A_XV,0.0014025815762579,1994,2,24
M_033_A_XV,4.1433976739645,1994,2,25
M_033_A_XV,3.715550059452653,1994,2,26
M_033_A_XV,5.024903583806008,1994,2,27
M_033_A_XV,1.5933668749639764,1994,2,28
M_033_A_XV,8.350808754563332,1994,3,1
M_033_A_XV,14.401419967412949,1994,3,2
M_033_A_XV,7.90379723906517,1994,3,3
M_033_A_XV,7.410927716642618,1994,3,4
M_033_A_XV,16.628839015960693,1994,3,5
M_033_A_XV,6.117668718099594,1994,3,6
M_033_A_XV,9.71508276462555,1994,3,7
M_033_A_XV,12.507946491241457,1994,3,8
M_033_A_XV,0.829116963173874,1994,3,9
M_033_A_XV,4.412475869059563,1994,3,10
M_033_A_XV,0.2019575759768486,1994,3,11
M_033_A_XV,1.929618000984192,1994,3,12
M_033_A_XV,5.977929934859276,1994,3,13
M_033_A_XV,10.072042047977448,1994,3,14
M_033_A_XV,10.802390217781069,1994,3,15
M_033_A_XV,7.0316691398620605,1994,3,16
M_033_A_XV,6.263022032420849,1994,3,17
M_033_A_XV,12.35338282585144,1994,3,18
M_033_A_XV,0.0681799342855811,1994,3,19
M_033_A_XV,0.0001625514560146,1994,3,20
M_033_A_XV,2.272833013848868,1994,3,21
M_033_A_XV,5.945590734481812,1994,3,22
M_033_A_XV,1.8981322410982104,1994,3,23
M_033_A_XV,2.3570045679807663,1994,3,24
M_033_A_XV,4.75655609369278,1994,3,25
M_033_A_XV,14.515737175941467,1994,3,26
M_033_A_XV,25.810781836509705,1994,3,27
M_033_A_XV,13.491236805915833,1994,3,28
M_033_A_XV,10.4587082862854,1994,3,29
M_033_A_XV,2.63569138944149,1994,3,30
M_033_A_XV,2.8114691404625773,1994,3,31
M_033_A_XV,3.315563726704568,1994,4,1
M_033_A_XV,1.3067400455474854,1994,4,2
M_033_A_XV,0.5976635590195656,1994,4,3
M_033_A_XV,2.4873185455799103,1994,4,4
M_033_A_XV,5.031168520450592,1994,4,5
M_033_A_XV,0.0080961110070347,1994,4,6
M_033_A_XV,2.9019776163622737,1994,4,7
M_033_A_XV,5.467394828796387,1994,4,8
M_033_A_XV,1.9717549458146093,1994,4,9
M_033_A_XV,6.797040131030371,1994,4,10
M_033_A_XV,11.234914124011992,1994,4,11
M_033_A_XV,0.1394455475965514,1994,4,12
M_033_A_XV,0.0004675271920859,1994,4,13
M_033_A_XV,2.948094348423183,1994,4,14
M_033_A_XV,3.3103755745105445,1994,4,15
M_033_A_XV,12.95615255832672,1994,4,16
M_033_A_XV,0.0,1994,4,17
M_033_A_XV,0.6702211499214172,1994,4,18
M_033_A_XV,0.420814538232662,1994,4,19
M_033_A_XV,0.3938374370336532,1994,4,20
M_033_A_XV,3.814192473888397,1994,4,21
M_033_A_XV,6.655881643295288,1994,4,22
M_033_A_XV,11.710326731204988,1994,4,23
M_033_A_XV,9.278658628463743,1994,4,24
M_033_A_XV,2.5956270694732666,1994,4,25
M_033_A_XV,0.5862479656934738,1994,4,26
M_033_A_XV,0.0009350543841719,1994,4,27
M_033_A_XV,2.6058797240257263,1994,4,28
M_033_A_XV,1.6916303560137749,1994,4,29
M_033_A_XV,0.1413983316160738,1994,4,30
M_033_A_XV,0.0,1994,5,1
M_033_A_XV,0.0,1994,5,2
M_033_A_XV,0.0,1994,5,3
M_033_A_XV,0.0,1994,5,4
M_033_A_XV,0.816374659538269,1994,5,5
M_033_A_XV,2.4637207686901093,1994,5,6
M_033_A_XV,1.250808782875538,1994,5,7
M_033_A_XV,0.6880506630986929,1994,5,8
M_033_A_XV,0.0002805163094308,1994,5,9
M_033_A_XV,0.0070740496739745,1994,5,10
M_033_A_XV,0.0,1994,5,11
M_033_A_XV,0.0,1994,5,12
M_033_A_XV,0.0,1994,5,13
M_033_A_XV,0.0,1994,5,14
M_033_A_XV,0.0,1994,5,15
M_033_A_XV,0.0,1994,5,16
M_033_A_XV,0.0,1994,5,17
M_033_A_XV,0.0,1994,5,18
M_033_A_XV,0.0,1994,5,19
M_033_A_XV,0.0,1994,5,20
M_033_A_XV,0.0,1994,5,21
M_033_A_XV,0.0,1994,5,22
M_033_A_XV,0.0,1994,5,23
M_033_A_XV,0.0,1994,5,24
M_033_A_XV,0.0,1994,5,25
M_033_A_XV,0.0,1994,5,26
M_033_A_XV,0.0,1994,5,27
M_033_A_XV,0.0,1994,5,28
M_033_A_XV,0.0,1994,5,29
M_033_A_XV,0.0,1994,5,30
M_033_A_XV,0.0,1994,5,31
M_033_A_XV,0.0,1994,6,1
M_033_A_XV,0.0,1994,6,2
M_033_A_XV,0.0,1994,6,3
M_033_A_XV,0.0,1994,6,4
M_033_A_XV,0.0,1994,6,5
M_033_A_XV,0.0,1994,6,6
M_033_A_XV,0.0,1994,6,7
M_033_A_XV,0.0,1994,6,8
M_033_A_XV,0.0,1994,6,9
M_033_A_XV,0.0,1994,6,10
M_033_A_XV,0.0205230247229337,1994,6,11
M_033_A_XV,0.4223448615521192,1994,6,12
M_033_A_XV,0.9639102667570114,1994,6,13
M_033_A_XV,0.0,1994,6,14
M_033_A_XV,0.0,1994,6,15
M_033_A_XV,0.0,1994,6,16
M_033_A_XV,0.0768795004551066,1994,6,17
M_033_A_XV,0.0252853031270205,1994,6,18
M_033_A_XV,0.0028986684628762,1994,6,19
M_033_A_XV,0.0,1994,6,20
M_033_A_XV,0.0,1994,6,21
M_033_A_XV,0.0,1994,6,22
M_033_A_XV,0.0,1994,6,23
M_033_A_XV,0.0,1994,6,24
M_033_A_XV,0.0,1994,6,25
M_033_A_XV,0.0,1994,6,26
M_033_A_XV,0.0,1994,6,27
M_033_A_XV,0.0,1994,6,28
M_033_A_XV,0.0,1994,6,29
M_033_A_XV,0.0,1994,6,30
M_033_A_XV,0.0004675271920859,1994,7,1
M_033_A_XV,0.0001870108681032,1994,7,2
M_033_A_XV,0.0004675271920859,1994,7,3
M_033_A_XV,0.0989230764098465,1994,7,4
M_033_A_XV,0.0093893921002745,1994,7,5
M_033_A_XV,0.0,1994,7,6
M_033_A_XV,0.0,1994,7,7
M_033_A_XV,0.0,1994,7,8
M_033_A_XV,0.0,1994,7,9
M_033_A_XV,0.0,1994,7,10
M_033_A_XV,0.0,1994,7,11
M_033_A_XV,0.0,1994,7,12
M_033_A_XV,0.0,1994,7,13
M_033_A_XV,0.0,1994,7,14
M_033_A_XV,0.0,1994,7,15
M_033_A_XV,0.0,1994,7,16
M_033_A_XV,0.0,1994,7,17
M_033_A_XV,0.0,1994,7,18
M_033_A_XV,0.0,1994,7,19
M_033_A_XV,0.0,1994,7,20
M_033_A_XV,0.0,1994,7,21
M_033_A_XV,0.0,1994,7,22
M_033_A_XV,0.0,1994,7,23
M_033_A_XV,0.0,1994,7,24
M_033_A_XV,0.0,1994,7,25
M_033_A_XV,0.0,1994,7,26
M_033_A_XV,0.0,1994,7,27
M_033_A_XV,0.0,1994,7,28
M_033_A_XV,0.020476272329688,1994,7,29
M_033_A_XV,0.0004675271920859,1994,7,30
M_033_A_XV,0.0,1994,7,31
M_033_A_XV,0.0,1994,8,1
M_033_A_XV,0.0,1994,8,2
M_033_A_XV,0.0,1994,8,3
M_033_A_XV,0.0,1994,8,4
M_033_A_XV,0.0,1994,8,5
M_033_A_XV,0.0,1994,8,6
M_033_A_XV,0.0207812469452619,1994,8,7
M_033_A_XV,0.0001402581547154,1994,8,8
M_033_A_XV,0.0,1994,8,9
M_033_A_XV,0.0,1994,8,10
M_033_A_XV,0.0510014607571065,1994,8,11
M_033_A_XV,0.0067712403833866,1994,8,12
M_033_A_XV,0.3711645492294337,1994,8,13
M_033_A_XV,4.7549766302108765,1994,8,14
M_033_A_XV,2.2953464090824127,1994,8,15
M_033_A_XV,0.1354248076677322,1994,8,16
M_033_A_XV,0.0,1994,8,17
M_033_A_XV,0.0,1994,8,18
M_033_A_XV,0.0,1994,8,19
M_033_A_XV,0.1349572837352752,1994,8,20
M_033_A_XV,0.0672448799014091,1994,8,21
M_033_A_XV,0.0,1994,8,22
M_033_A_XV,0.0,1994,8,23
M_033_A_XV,0.0,1994,8,24
M_033_A_XV,0.0,1994,8,25
M_033_A_XV,0.0,1994,8,26
M_033_A_XV,0.0,1994,8,27
M_033_A_XV,0.0202202145010232,1994,8,28
M_033_A_XV,0.1349572837352752,1994,8,29
M_033_A_XV,0.1412142473272979,1994,8,30
M_033_A_XV,0.4078999385237694,1994,8,31
M_033_A_XV,0.0,1994,9,1
M_033_A_XV,0.1480358098633587,1994,9,2
M_033_A_XV,0.0752316907492058,1994,9,3
M_033_A_XV,0.0009350543841719,1994,9,4
M_033_A_XV,0.0,1994,9,5
M_033_A_XV,0.0,1994,9,6
M_033_A_XV,0.0,1994,9,7
M_033_A_XV,0.2706050276756286,1994,9,8
M_033_A_XV,1.0751401484012604,1994,9,9
M_033_A_XV,0.0069539186079055,1994,9,10
M_033_A_XV,0.0070876786485314,1994,9,11
M_033_A_XV,0.0244264262728393,1994,9,12
M_033_A_XV,0.0,1994,9,13
M_033_A_XV,0.0,1994,9,14
M_033_A_XV,0.0,1994,9,15
M_033_A_XV,0.0005142799091117,1994,9,16
M_033_A_XV,0.8148314952850342,1994,9,17
M_033_A_XV,6.535821855068207,1994,9,18
M_033_A_XV,0.9575345641933382,1994,9,19
M_033_A_XV,2.656824104487896,1994,9,20
M_033_A_XV,0.9381048530340196,1994,9,21
M_033_A_XV,0.5516411326825619,1994,9,22
M_033_A_XV,0.4690029788762331,1994,9,23
M_033_A_XV,0.0,1994,9,24
M_033_A_XV,0.0004675271920859,1994,9,25
M_033_A_XV,1.7714137914590538,1994,9,26
M_033_A_XV,0.1154993698000907,1994,9,27
M_033_A_XV,0.0702729769982397,1994,9,28
M_033_A_XV,0.0683669451536843,1994,9,29
M_033_A_XV,0.0113270132314937,1994,9,30
M_033_A_XV,0.0004675271920859,1994,10,1
M_033_A_XV,0.0,1994,10,2
M_033_A_XV,0.0,1994,10,3
M_033_A_XV,0.1404273607186041,1994,10,4
M_033_A_XV,0.3505660891532898,1994,10,5
M_033_A_XV,0.003495623357594,1994,10,6
M_033_A_XV,0.0776445963419973,1994,10,7
M_033_A_XV,0.3048990471288562,1994,10,8
M_033_A_XV,0.3349356353282928,1994,10,9
M_033_A_XV,0.0,1994,10,10
M_033_A_XV,0.0,1994,10,11
M_033_A_XV,0.8015992599539459,1994,10,12
M_033_A_XV,2.54612252721563,1994,10,13
M_033_A_XV,0.808364849537611,1994,10,14
M_033_A_XV,0.0,1994,10,15
M_033_A_XV,0.0,1994,10,16
M_033_A_XV,0.0,1994,10,17
M_033_A_XV,0.738929033279419,1994,10,18
M_033_A_XV,0.0902235079556703,1994,10,19
M_033_A_XV,0.6705440509576874,1994,10,20
M_033_A_XV,0.7617534920573235,1994,10,21
M_033_A_XV,2.3063866049051285,1994,10,22
M_033_A_XV,0.0023376359604299,1994,10,23
M_033_A_XV,0.0,1994,10,24
M_033_A_XV,0.0,1994,10,25
M_033_A_XV,0.0,1994,10,26
M_033_A_XV,0.0,1994,10,27
M_033_A_XV,0.0,1994,10,28
M_033_A_XV,0.0018701087683439,1994,10,29
M_033_A_XV,0.1254174450295977,1994,10,30
M_033_A_XV,0.0,1994,10,31
M_033_A_XV,0.8814448267221451,1994,11,1
M_033_A_XV,6.5493524223566055,1994,11,2
M_033_A_XV,5.879379570484161,1994,11,3
M_033_A_XV,0.0007415451400447,1994,11,4
M_033_A_XV,0.0,1994,11,5
M_033_A_XV,2.4869403541088104,1994,11,6
M_033_A_XV,1.47812020778656,1994,11,7
M_033_A_XV,4.251076348125935,1994,11,8
M_033_A_XV,3.358213886618614,1994,11,9
M_033_A_XV,3.277269773185253,1994,11,10
M_033_A_XV,2.839717728085816,1994,11,11
M_033_A_XV,2.315255843102932,1994,11,12
M_033_A_XV,1.7357849217951298,1994,11,13
M_033_A_XV,5.552035078406334,1994,11,14
M_033_A_XV,2.0811743438243866,1994,11,15
M_033_A_XV,4.003869093954563,1994,11,16
M_033_A_XV,6.634700655937195,1994,11,17
M_033_A_XV,7.6726884841918945,1994,11,18
M_033_A_XV,0.1854171901941299,1994,11,19
M_033_A_XV,0.2071334803913487,1994,11,20
M_033_A_XV,0.0074725310259964,1994,11,21
M_033_A_XV,0.0004675271920859,1994,11,22
M_033_A_XV,0.2141132834367454,1994,11,23
M_033_A_XV,0.3736416986212134,1994,11,24
M_033_A_XV,0.0076595419086515,1994,11,25
M_033_A_XV,0.0,1994,11,26
M_033_A_XV,0.0,1994,11,27
M_033_A_XV,0.0,1994,11,28
M_033_A_XV,0.0,1994,11,29
M_033_A_XV,0.0768759377242531,1994,11,30
M_033_A_XV,0.0148140648379921,1994,12,1
M_033_A_XV,1.5576614637393504,1994,12,2
M_033_A_XV,0.5220193656568881,1994,12,3
M_033_A_XV,0.0,1994,12,4
M_033_A_XV,0.0,1994,12,5
M_033_A_XV,0.0,1994,12,6
M_033_A_XV,1.9796793311834333,1994,12,7
M_033_A_XV,4.550643026828766,1994,12,8
M_033_A_XV,4.18073320388794,1994,12,9
M_033_A_XV,0.0239149685949087,1994,12,10
M_033_A_XV,0.4781866925768554,1994,12,11
M_033_A_XV,3.663285158574581,1994,12,12
M_033_A_XV,14.372796297073364,1994,12,13
M_033_A_XV,2.685692921280861,1994,12,14
M_033_A_XV,10.82986781001091,1994,12,15
M_033_A_XV,17.528395891189575,1994,12,16
M_033_A_XV,1.870661363005638,1994,12,17
M_033_A_XV,3.2482774406671524,1994,12,18
M_033_A_XV,8.794240549206734,1994,12,19
M_033_A_XV,11.764308214187622,1994,12,20
M_033_A_XV,0.0,1994,12,21
M_033_A_XV,0.0,1994,12,22
M_033_A_XV,1.29798424243927,1994,12,23
M_033_A_XV,16.202340006828308,1994,12,24
M_033_A_XV,22.09276312589645,1994,12,25
M_033_A_XV,25.01126593351364,1994,12,26
M_033_A_XV,16.022928655147552,1994,12,27
M_033_A_XV,21.208545684814453,1994,12,28
M_033_A_XV,5.543139524757862,1994,12,29
M_033_A_XV,5.744825229048729,1994,12,30
M_033_A_XV,16.449665546417236,1994,12,31
M_033_A_XV,3.7597366273403168,1995,1,1
M_033_A_XV,10.185845546424389,1995,1,2
M_033_A_XV,8.132738053798676,1995,1,3
M_033_A_XV,20.945386290550232,1995,1,4
M_033_A_XV,2.4376879930496216,1995,1,5
M_033_A_XV,2.295691851526499,1995,1,6
M_033_A_XV,3.406852386891842,1995,1,7
M_033_A_XV,14.19389533996582,1995,1,8
M_033_A_XV,3.7607349157333374,1995,1,9
M_033_A_XV,2.787933744490146,1995,1,10
M_033_A_XV,0.6833258628612384,1995,1,11
M_033_A_XV,6.2653981384355575,1995,1,12
M_033_A_XV,8.7611683011055,1995,1,13
M_033_A_XV,6.6085836216807365,1995,1,14
M_033_A_XV,9.814456375315784,1995,1,15
M_033_A_XV,12.67199730873108,1995,1,16
M_033_A_XV,3.2844766434282064,1995,1,17
M_033_A_XV,5.855758756399155,1995,1,18
M_033_A_XV,8.338221788406372,1995,1,19
M_033_A_XV,9.925416868645698,1995,1,20
M_033_A_XV,0.2313920333981514,1995,1,21
M_033_A_XV,1.765179991722107,1995,1,22
M_033_A_XV,2.3594778552651405,1995,1,23
M_033_A_XV,0.4685119837522506,1995,1,24
M_033_A_XV,0.6132878381758928,1995,1,25
M_033_A_XV,1.894934685900808,1995,1,26
M_033_A_XV,3.168695375323296,1995,1,27
M_033_A_XV,11.766402572393416,1995,1,28
M_033_A_XV,10.76451736688614,1995,1,29
M_033_A_XV,1.6756600439548492,1995,1,30
M_033_A_XV,0.0,1995,1,31
M_033_A_XV,0.0196172334253788,1995,2,1
M_033_A_XV,0.1151455417275428,1995,2,2
M_033_A_XV,4.099651142954826,1995,2,3
M_033_A_XV,1.6155914588016458,1995,2,4
M_033_A_XV,1.8606327883899207,1995,2,5
M_033_A_XV,0.0175795835384633,1995,2,6
M_033_A_XV,6.84242936456576,1995,2,7
M_033_A_XV,1.2090517692267897,1995,2,8
M_033_A_XV,0.1029318013206648,1995,2,9
M_033_A_XV,0.1763298735022544,1995,2,10
M_033_A_XV,0.0672448799014091,1995,2,11
M_033_A_XV,0.0,1995,2,12
M_033_A_XV,0.0,1995,2,13
M_033_A_XV,2.204502582550049,1995,2,14
M_033_A_XV,2.9655377864837646,1995,2,15
M_033_A_XV,0.0490817800164222,1995,2,16
M_033_A_XV,0.0993095487356185,1995,2,17
M_033_A_XV,7.22937611117959,1995,2,18
M_033_A_XV,6.01616770029068,1995,2,19
M_033_A_XV,2.0628667920827866,1995,2,20
M_033_A_XV,1.298879712820053,1995,2,21
M_033_A_XV,6.3030529618263245,1995,2,22
M_033_A_XV,5.0154218673706055,1995,2,23
M_033_A_XV,15.105592370033264,1995,2,24
M_033_A_XV,26.76513516902924,1995,2,25
M_033_A_XV,15.969288349151611,1995,2,26
M_033_A_XV,10.058698654174805,1995,2,27
M_033_A_XV,9.74045616388321,1995,2,28
M_033_A_XV,2.541865948587656,1995,3,1
M_033_A_XV,1.0715526342391968,1995,3,2
M_033_A_XV,0.3093264251947403,1995,3,3
M_033_A_XV,0.138098697643727,1995,3,4
M_033_A_XV,1.1731609106063845,1995,3,5
M_033_A_XV,2.92526606284082,1995,3,6
M_033_A_XV,6.231062531471252,1995,3,7
M_033_A_XV,11.957477688789368,1995,3,8
M_033_A_XV,17.088824063539505,1995,3,9
M_033_A_XV,17.137041002511978,1995,3,10
M_033_A_XV,15.39511238783598,1995,3,11
M_033_A_XV,15.638102412223816,1995,3,12
M_033_A_XV,15.372179001569748,1995,3,13
M_033_A_XV,19.999252378940582,1995,3,14
M_033_A_XV,12.762869387865068,1995,3,15
M_033_A_XV,10.370518445968628,1995,3,16
M_033_A_XV,4.598069861531258,1995,3,17
M_033_A_XV,9.942752569913864,1995,3,18
M_033_A_XV,4.41142800450325,1995,3,19
M_033_A_XV,3.285206409171224,1995,3,20
M_033_A_XV,9.099102437496184,1995,3,21
M_033_A_XV,8.403583347797394,1995,3,22
M_033_A_XV,2.731030695140362,1995,3,23
M_033_A_XV,9.981608867645264,1995,3,24
M_033_A_XV,7.526906192302704,1995,3,25
M_033_A_XV,1.5188966989517212,1995,3,26
M_033_A_XV,3.26327383518219,1995,3,27
M_033_A_XV,0.0,1995,3,28
M_033_A_XV,0.0,1995,3,29
M_033_A_XV,1.219070166349411,1995,3,30
M_033_A_XV,0.0036006152513436,1995,3,31
M_033_A_XV,5.499218767043203,1995,4,1
M_033_A_XV,1.5747560705058277,1995,4,2
M_033_A_XV,1.1583116776309907,1995,4,3
M_033_A_XV,5.8577581346035,1995,4,4
M_033_A_XV,2.698188811540604,1995,4,5
M_033_A_XV,0.0195711581036448,1995,4,6
M_033_A_XV,0.0093505438417196,1995,4,7
M_033_A_XV,0.0,1995,4,8
M_033_A_XV,0.0953760966658592,1995,4,9
M_033_A_XV,6.926881052553654,1995,4,10
M_033_A_XV,8.76145887374878,1995,4,11
M_033_A_XV,9.39612889289856,1995,4,12
M_033_A_XV,5.955981642007828,1995,4,13
M_033_A_XV,0.0,1995,4,14
M_033_A_XV,0.0005034493515267,1995,4,15
M_033_A_XV,1.277161318808794,1995,4,16
M_033_A_XV,0.1905843042768538,1995,4,17
M_033_A_XV,0.0,1995,4,18
M_033_A_XV,0.0,1995,4,19
M_033_A_XV,0.3462905930355191,1995,4,20
M_033_A_XV,0.0092246746644377,1995,4,21
M_033_A_XV,0.0,1995,4,22
M_033_A_XV,0.0,1995,4,23
M_033_A_XV,0.0,1995,4,24
M_033_A_XV,0.0,1995,4,25
M_033_A_XV,0.0,1995,4,26
M_033_A_XV,0.0004675271920859,1995,4,27
M_033_A_XV,0.0,1995,4,28
M_033_A_XV,0.0,1995,4,29
M_033_A_XV,0.0,1995,4,30
M_033_A_XV,0.0682266879339295,1995,5,1
M_033_A_XV,0.3661993546411395,1995,5,2
M_033_A_XV,0.0018701087683439,1995,5,3
M_033_A_XV,0.0,1995,5,4
M_033_A_XV,0.0,1995,5,5
M_033_A_XV,0.0,1995,5,6
M_033_A_XV,0.0,1995,5,7
M_033_A_XV,0.0,1995,5,8
M_033_A_XV,0.0,1995,5,9
M_033_A_XV,0.0,1995,5,10
M_033_A_XV,0.0,1995,5,11
M_033_A_XV,0.0,1995,5,12
M_033_A_XV,0.0070050037465989,1995,5,13
M_033_A_XV,0.0702838008728576,1995,5,14
M_033_A_XV,0.0,1995,5,15
M_033_A_XV,0.0,1995,5,16
M_033_A_XV,0.2022021561861038,1995,5,17
M_033_A_XV,1.8188264966011047,1995,5,18
M_033_A_XV,3.5316274166107178,1995,5,19
M_033_A_XV,0.0,1995,5,20
M_033_A_XV,0.0,1995,5,21
M_033_A_XV,0.0,1995,5,22
M_033_A_XV,0.0,1995,5,23
M_033_A_XV,0.0,1995,5,24
M_033_A_XV,0.0,1995,5,25
M_033_A_XV,0.0,1995,5,26
M_033_A_XV,0.0,1995,5,27
M_033_A_XV,0.0,1995,5,28
M_033_A_XV,0.0,1995,5,29
M_033_A_XV,0.0,1995,5,30
M_033_A_XV,0.0,1995,5,31
M_033_A_XV,0.0,1995,6,1
M_033_A_XV,0.0,1995,6,2
M_033_A_XV,0.0,1995,6,3
M_033_A_XV,0.0,1995,6,4
M_033_A_XV,0.0,1995,6,5
M_033_A_XV,0.0,1995,6,6
M_033_A_XV,0.0,1995,6,7
M_033_A_XV,0.0,1995,6,8
M_033_A_XV,0.0,1995,6,9
M_033_A_XV,0.0,1995,6,10
M_033_A_XV,0.0,1995,6,11
M_033_A_XV,0.0,1995,6,12
M_033_A_XV,0.0,1995,6,13
M_033_A_XV,0.0,1995,6,14
M_033_A_XV,0.0,1995,6,15
M_033_A_XV,0.0,1995,6,16
M_033_A_XV,0.0,1995,6,17
M_033_A_XV,0.0,1995,6,18
M_033_A_XV,0.0,1995,6,19
M_033_A_XV,0.0,1995,6,20
M_033_A_XV,0.0,1995,6,21
M_033_A_XV,0.0,1995,6,22
M_033_A_XV,0.0,1995,6,23
M_033_A_XV,0.0,1995,6,24
M_033_A_XV,0.0,1995,6,25
M_033_A_XV,0.0,1995,6,26
M_033_A_XV,0.0,1995,6,27
M_033_A_XV,0.0,1995,6,28
M_033_A_XV,0.258194554131478,1995,6,29
M_033_A_XV,0.019304527901113,1995,6,30
M_033_A_XV,0.0,1995,7,1
M_033_A_XV,9.35054340516e-05,1995,7,2
M_033_A_XV,0.0207567885518074,1995,7,3
M_033_A_XV,0.0004675271920859,1995,7,4
M_033_A_XV,0.0,1995,7,5
M_033_A_XV,0.0,1995,7,6
M_033_A_XV,0.0,1995,7,7
M_033_A_XV,0.0,1995,7,8
M_033_A_XV,0.0,1995,7,9
M_033_A_XV,0.0,1995,7,10
M_033_A_XV,0.0,1995,7,11
M_033_A_XV,0.0,1995,7,12
M_033_A_XV,0.0,1995,7,13
M_033_A_XV,4.67527170258e-05,1995,7,14
M_033_A_XV,0.0,1995,7,15
M_033_A_XV,0.0218299342268437,1995,7,16
M_033_A_XV,0.0,1995,7,17
M_033_A_XV,0.0,1995,7,18
M_033_A_XV,0.0,1995,7,19
M_033_A_XV,0.0,1995,7,20
M_033_A_XV,0.0,1995,7,21
M_033_A_XV,0.0,1995,7,22
M_033_A_XV,0.0,1995,7,23
M_033_A_XV,0.0,1995,7,24
M_033_A_XV,0.0,1995,7,25
M_033_A_XV,0.0,1995,7,26
M_033_A_XV,0.0,1995,7,27
M_033_A_XV,0.0,1995,7,28
M_033_A_XV,0.0,1995,7,29
M_033_A_XV,0.0,1995,7,30
M_033_A_XV,0.0,1995,7,31
M_033_A_XV,0.0,1995,8,1
M_033_A_XV,0.0,1995,8,2
M_033_A_XV,0.0,1995,8,3
M_033_A_XV,0.0,1995,8,4
M_033_A_XV,0.0,1995,8,5
M_033_A_XV,0.0,1995,8,6
M_033_A_XV,0.0,1995,8,7
M_033_A_XV,0.0,1995,8,8
M_033_A_XV,0.0,1995,8,9
M_033_A_XV,0.0,1995,8,10
M_033_A_XV,0.0,1995,8,11
M_033_A_XV,0.0,1995,8,12
M_033_A_XV,0.0,1995,8,13
M_033_A_XV,0.0067712403833866,1995,8,14
M_033_A_XV,0.0,1995,8,15
M_033_A_XV,0.1358923390507698,1995,8,16
M_033_A_XV,0.1449903855100274,1995,8,17
M_033_A_XV,0.0006545380201714,1995,8,18
M_033_A_XV,0.0,1995,8,19
M_033_A_XV,0.0,1995,8,20
M_033_A_XV,0.0,1995,8,21
M_033_A_XV,0.0,1995,8,22
M_033_A_XV,0.0,1995,8,23
M_033_A_XV,0.0,1995,8,24
M_033_A_XV,0.0,1995,8,25
M_033_A_XV,0.0,1995,8,26
M_033_A_XV,0.0,1995,8,27
M_033_A_XV,0.0,1995,8,28
M_033_A_XV,0.0,1995,8,29
M_033_A_XV,0.0,1995,8,30
M_033_A_XV,0.0,1995,8,31
M_033_A_XV,0.0,1995,9,1
M_033_A_XV,0.0,1995,9,2
M_033_A_XV,0.0,1995,9,3
M_033_A_XV,0.0067712403833866,1995,9,4
M_033_A_XV,0.0880728773772716,1995,9,5
M_033_A_XV,0.151612713932991,1995,9,6
M_033_A_XV,0.2100925374688813,1995,9,7
M_033_A_XV,0.7808642834424973,1995,9,8
M_033_A_XV,0.2022021561861038,1995,9,9
M_033_A_XV,0.2117318171076476,1995,9,10
M_033_A_XV,0.0701002219575457,1995,9,11
M_033_A_XV,0.5205114455893636,1995,9,12
M_033_A_XV,0.4797767465934157,1995,9,13
M_033_A_XV,0.0004675271920859,1995,9,14
M_033_A_XV,0.7377049922943115,1995,9,15
M_033_A_XV,0.6168703767471015,1995,9,16
M_033_A_XV,0.1405459633097052,1995,9,17
M_033_A_XV,0.0,1995,9,18
M_033_A_XV,0.4877463579177856,1995,9,19
M_033_A_XV,0.4736041355390625,1995,9,20
M_033_A_XV,0.0,1995,9,21
M_033_A_XV,0.0,1995,9,22
M_033_A_XV,0.0,1995,9,23
M_033_A_XV,0.0677591565508919,1995,9,24
M_033_A_XV,4.67527170258e-05,1995,9,25
M_033_A_XV,0.0,1995,9,26
M_033_A_XV,0.0,1995,9,27
M_033_A_XV,0.0,1995,9,28
M_033_A_XV,0.0,1995,9,29
M_033_A_XV,0.0,1995,9,30
M_033_A_XV,1.3257496654987335,1995,10,1
M_033_A_XV,5.858946025371552,1995,10,2
M_033_A_XV,0.0774871557950973,1995,10,3
M_033_A_XV,0.0,1995,10,4
M_033_A_XV,0.0,1995,10,5
M_033_A_XV,0.0,1995,10,6
M_033_A_XV,0.0,1995,10,7
M_033_A_XV,0.0,1995,10,8
M_033_A_XV,0.0,1995,10,9
M_033_A_XV,0.0,1995,10,10
M_033_A_XV,0.0,1995,10,11
M_033_A_XV,0.0,1995,10,12
M_033_A_XV,0.0,1995,10,13
M_033_A_XV,0.0,1995,10,14
M_033_A_XV,0.0,1995,10,15
M_033_A_XV,0.0,1995,10,16
M_033_A_XV,0.0,1995,10,17
M_033_A_XV,0.0,1995,10,18
M_033_A_XV,0.0,1995,10,19
M_033_A_XV,0.0,1995,10,20
M_033_A_XV,0.0006904602050781,1995,10,21
M_033_A_XV,0.0003473962133284,1995,10,22
M_033_A_XV,0.0004675271920859,1995,10,23
M_033_A_XV,0.0004675271920859,1995,10,24
M_033_A_XV,0.0,1995,10,25
M_033_A_XV,0.0271719694137573,1995,10,26
M_033_A_XV,2.298485964536667,1995,10,27
M_033_A_XV,2.017346352338791,1995,10,28
M_033_A_XV,0.0,1995,10,29
M_033_A_XV,0.0,1995,10,30
M_033_A_XV,0.0,1995,10,31
M_033_A_XV,0.0007372129221039,1995,11,1
M_033_A_XV,0.0679353401064872,1995,11,2
M_033_A_XV,0.1344897598028183,1995,11,3
M_033_A_XV,0.0,1995,11,4
M_033_A_XV,0.0,1995,11,5
M_033_A_XV,0.0,1995,11,6
M_033_A_XV,0.9079440534114838,1995,11,7
M_033_A_XV,3.216823488473892,1995,11,8
M_033_A_XV,0.087558589875698,1995,11,9
M_033_A_XV,0.0,1995,11,10
M_033_A_XV,0.0,1995,11,11
M_033_A_XV,0.0,1995,11,12
M_033_A_XV,1.70633065700531,1995,11,13
M_033_A_XV,4.179058611392975,1995,11,14
M_033_A_XV,8.95170772075653,1995,11,15
M_033_A_XV,4.099516828544438,1995,11,16
M_033_A_XV,0.228795520029962,1995,11,17
M_033_A_XV,0.0091785546392202,1995,11,18
M_033_A_XV,1.0223817601799965,1995,11,19
M_033_A_XV,6.166848891414702,1995,11,20
M_033_A_XV,9.852321648038924,1995,11,21
M_033_A_XV,0.0,1995,11,22
M_033_A_XV,0.0,1995,11,23
M_033_A_XV,0.0,1995,11,24
M_033_A_XV,0.0,1995,11,25
M_033_A_XV,0.0,1995,11,26
M_033_A_XV,0.0,1995,11,27
M_033_A_XV,0.8237262549810112,1995,11,28
M_033_A_XV,0.1401158859953284,1995,11,29
M_033_A_XV,0.0,1995,11,30
M_033_A_XV,4.67527170258e-05,1995,12,1
M_033_A_XV,3.622636903543025,1995,12,2
M_033_A_XV,3.582995345350355,1995,12,3
M_033_A_XV,0.1757242223247885,1995,12,4
M_033_A_XV,0.0006768313469365,1995,12,5
M_033_A_XV,0.0,1995,12,6
M_033_A_XV,4.67527170258e-05,1995,12,7
M_033_A_XV,10.877115949988363,1995,12,8
M_033_A_XV,13.321553528308868,1995,12,9
M_033_A_XV,0.0023376359604299,1995,12,10
M_033_A_XV,0.0,1995,12,11
M_033_A_XV,0.0,1995,12,12
M_033_A_XV,0.0,1995,12,13
M_033_A_XV,0.0014025815762579,1995,12,14
M_033_A_XV,0.0227182358503341,1995,12,15
M_033_A_XV,0.0,1995,12,16
M_033_A_XV,0.0013592592440545,1995,12,17
M_033_A_XV,0.2802286825026385,1995,12,18
M_033_A_XV,0.0,1995,12,19
M_033_A_XV,1.0102770328521729,1995,12,20
M_033_A_XV,1.2452209894545376,1995,12,21
M_033_A_XV,3.751207709312439,1995,12,22
M_033_A_XV,6.667992293834686,1995,12,23
M_033_A_XV,12.22738528251648,1995,12,24
M_033_A_XV,12.218158781528471,1995,12,25
M_033_A_XV,15.55142593383789,1995,12,26
M_033_A_XV,14.703013360500336,1995,12,27
M_033_A_XV,3.661558508872986,1995,12,28
M_033_A_XV,0.0085212183184921,1995,12,29
M_033_A_XV,0.0,1995,12,30
M_033_A_XV,4.67527170258e-05,1995,12,31
M_033_A_XV,4.02110481262207,1996,1,1
M_033_A_XV,2.0968839079141617,1996,1,2
M_033_A_XV,3.897780768573284,1996,1,3
M_033_A_XV,0.1677160739491228,1996,1,4
M_033_A_XV,0.2418965846300125,1996,1,5
M_033_A_XV,0.0359861329197883,1996,1,6
M_033_A_XV,0.0,1996,1,7
M_033_A_XV,0.0,1996,1,8
M_033_A_XV,0.1104191578924655,1996,1,9
M_033_A_XV,0.8333055824041367,1996,1,10
M_033_A_XV,2.534781962633133,1996,1,11
M_033_A_XV,1.08568037673831,1996,1,12
M_033_A_XV,1.589320942759514,1996,1,13
M_033_A_XV,9.596908032894136,1996,1,14
M_033_A_XV,25.592252373695374,1996,1,15
M_033_A_XV,10.97975730895996,1996,1,16
M_033_A_XV,13.468196451663973,1996,1,17
M_033_A_XV,22.140254348516464,1996,1,18
M_033_A_XV,9.516216188669205,1996,1,19
M_033_A_XV,4.571554736277903,1996,1,20
M_033_A_XV,10.31194490310736,1996,1,21
M_033_A_XV,5.554356247186661,1996,1,22
M_033_A_XV,3.756926495581865,1996,1,23
M_033_A_XV,18.02926504611969,1996,1,24
M_033_A_XV,13.883534014225006,1996,1,25
M_033_A_XV,9.618125677108765,1996,1,26
M_033_A_XV,0.0108240678382571,1996,1,27
M_033_A_XV,0.2031372073106467,1996,1,28
M_033_A_XV,2.7074608624825487,1996,1,29
M_033_A_XV,11.250518679618835,1996,1,30
M_033_A_XV,11.26402348279953,1996,1,31
M_033_A_XV,12.404622554779053,1996,2,1
M_033_A_XV,15.101884126663208,1996,2,2
M_033_A_XV,1.994669243693352,1996,2,3
M_033_A_XV,0.4058990627527237,1996,2,4
M_033_A_XV,0.1559372991323471,1996,2,5
M_033_A_XV,1.2264954447746277,1996,2,6
M_033_A_XV,2.610799193382263,1996,2,7
M_033_A_XV,3.336750768125057,1996,2,8
M_033_A_XV,1.940831795334816,1996,2,9
M_033_A_XV,5.639497190713882,1996,2,10
M_033_A_XV,10.437455415725708,1996,2,11
M_033_A_XV,12.853427294641731,1996,2,12
M_033_A_XV,15.56542283296585,1996,2,13
M_033_A_XV,6.385675445199013,1996,2,14
M_033_A_XV,7.445822801440954,1996,2,15
M_033_A_XV,10.318054750561714,1996,2,16
M_033_A_XV,5.615563035011292,1996,2,17
M_033_A_XV,7.842912066727877,1996,2,18
M_033_A_XV,21.033826112747192,1996,2,19
M_033_A_XV,12.217539310455322,1996,2,20
M_033_A_XV,3.685919389128685,1996,2,21
M_033_A_XV,0.084857665002346,1996,2,22
M_033_A_XV,7.101979291066527,1996,2,23
M_033_A_XV,18.25883810222149,1996,2,24
M_033_A_XV,11.147998929023744,1996,2,25
M_033_A_XV,4.390509527176619,1996,2,26
M_033_A_XV,15.124892711639404,1996,2,27
M_033_A_XV,10.484286159276962,1996,2,28
M_033_A_XV,2.984732165932656,1996,2,29
M_033_A_XV,4.042288184165955,1996,3,1
M_033_A_XV,5.381038300693035,1996,3,2
M_033_A_XV,8.96140842139721,1996,3,3
M_033_A_XV,2.9798703640699387,1996,3,4
M_033_A_XV,0.0672448799014091,1996,3,5
M_033_A_XV,0.0,1996,3,6
M_033_A_XV,0.2340222299098968,1996,3,7
M_033_A_XV,3.4825839791446924,1996,3,8
M_033_A_XV,4.272365286946297,1996,3,9
M_033_A_XV,0.344032084569335,1996,3,10
M_033_A_XV,0.0,1996,3,11
M_033_A_XV,0.0,1996,3,12
M_033_A_XV,0.1701639145612716,1996,3,13
M_033_A_XV,0.4761411994695663,1996,3,14
M_033_A_XV,1.5918097291141748,1996,3,15
M_033_A_XV,0.9738904942641966,1996,3,16
M_033_A_XV,0.5028465539216995,1996,3,17
M_033_A_XV,1.7028551418334246,1996,3,18
M_033_A_XV,9.26144862920046,1996,3,19
M_033_A_XV,5.186658218502998,1996,3,20
M_033_A_XV,1.9443256855010984,1996,3,21
M_033_A_XV,9.573285967111588,1996,3,22
M_033_A_XV,5.562464699149132,1996,3,23
M_033_A_XV,7.244465470314026,1996,3,24
M_033_A_XV,4.978500619530678,1996,3,25
M_033_A_XV,0.3436615052632987,1996,3,26
M_033_A_XV,4.075378634035587,1996,3,27
M_033_A_XV,7.568487383425236,1996,3,28
M_033_A_XV,3.5240442806389183,1996,3,29
M_033_A_XV,7.189437568187714,1996,3,30
M_033_A_XV,10.414248526096344,1996,3,31
M_033_A_XV,2.805006548762321,1996,4,1
M_033_A_XV,0.0,1996,4,2
M_033_A_XV,1.016376495361328,1996,4,3
M_033_A_XV,15.382764220237732,1996,4,4
M_033_A_XV,8.288614644552581,1996,4,5
M_033_A_XV,10.532869935035706,1996,4,6
M_033_A_XV,6.8120836317539215,1996,4,7
M_033_A_XV,3.467913150787353,1996,4,8
M_033_A_XV,0.349584810759552,1996,4,9
M_033_A_XV,2.8331754207611084,1996,4,10
M_033_A_XV,6.339772522449493,1996,4,11
M_033_A_XV,0.0161863211542367,1996,4,12
M_033_A_XV,2.587705622427165,1996,4,13
M_033_A_XV,3.6032120138406754,1996,4,14
M_033_A_XV,0.0,1996,4,15
M_033_A_XV,0.0087747108191251,1996,4,16
M_033_A_XV,0.9130868795327842,1996,4,17
M_033_A_XV,2.020362690323964,1996,4,18
M_033_A_XV,8.71841811388731,1996,4,19
M_033_A_XV,3.6210925839841366,1996,4,20
M_033_A_XV,1.6995827439241111,1996,4,21
M_033_A_XV,0.6414546519517899,1996,4,22
M_033_A_XV,0.7396936342120171,1996,4,23
M_033_A_XV,2.499281033873558,1996,4,24
M_033_A_XV,1.2346076373942196,1996,4,25
M_033_A_XV,2.933699022512883,1996,4,26
M_033_A_XV,0.0,1996,4,27
M_033_A_XV,0.0,1996,4,28
M_033_A_XV,0.0,1996,4,29
M_033_A_XV,0.0739693674258887,1996,4,30
M_033_A_XV,0.6322865597903728,1996,5,1
M_033_A_XV,4.545321881771088,1996,5,2
M_033_A_XV,0.6315108509734273,1996,5,3
M_033_A_XV,0.9736659335903824,1996,5,4
M_033_A_XV,0.1338236355222761,1996,5,5
M_033_A_XV,0.1403230261057615,1996,5,6
M_033_A_XV,0.0085435109212994,1996,5,7
M_033_A_XV,0.0071121384389698,1996,5,8
M_033_A_XV,0.0006904602050781,1996,5,9
M_033_A_XV,0.0002229330129921,1996,5,10
M_033_A_XV,0.4776799082756042,1996,5,11
M_033_A_XV,0.0,1996,5,12
M_033_A_XV,0.0,1996,5,13
M_033_A_XV,0.0,1996,5,14
M_033_A_XV,0.0,1996,5,15
M_033_A_XV,0.0,1996,5,16
M_033_A_XV,0.0,1996,5,17
M_033_A_XV,0.0,1996,5,18
M_033_A_XV,0.0,1996,5,19
M_033_A_XV,0.0,1996,5,20
M_033_A_XV,0.0,1996,5,21
M_033_A_XV,0.0,1996,5,22
M_033_A_XV,0.0,1996,5,23
M_033_A_XV,0.0067712403833866,1996,5,24
M_033_A_XV,0.0,1996,5,25
M_033_A_XV,0.0,1996,5,26
M_033_A_XV,0.0,1996,5,27
M_033_A_XV,0.0,1996,5,28
M_033_A_XV,0.0,1996,5,29
M_033_A_XV,0.0,1996,5,30
M_033_A_XV,0.0,1996,5,31
M_033_A_XV,0.0,1996,6,1
M_033_A_XV,0.0,1996,6,2
M_033_A_XV,0.0,1996,6,3
M_033_A_XV,0.0,1996,6,4
M_033_A_XV,0.0,1996,6,5
M_033_A_XV,0.0,1996,6,6
M_033_A_XV,0.0,1996,6,7
M_033_A_XV,0.0,1996,6,8
M_033_A_XV,0.0,1996,6,9
M_033_A_XV,0.0,1996,6,10
M_033_A_XV,0.0,1996,6,11
M_033_A_XV,0.0,1996,6,12
M_033_A_XV,0.0,1996,6,13
M_033_A_XV,0.0,1996,6,14
M_033_A_XV,0.0,1996,6,15
M_033_A_XV,0.0,1996,6,16
M_033_A_XV,0.0,1996,6,17
M_033_A_XV,0.0,1996,6,18
M_033_A_XV,0.0749044218100607,1996,6,19
M_033_A_XV,0.0,1996,6,20
M_033_A_XV,0.0,1996,6,21
M_033_A_XV,0.0,1996,6,22
M_033_A_XV,0.0067712403833866,1996,6,23
M_033_A_XV,0.0680820923298597,1996,6,24
M_033_A_XV,0.0073790256283245,1996,6,25
M_033_A_XV,0.0,1996,6,26
M_033_A_XV,0.0,1996,6,27
M_033_A_XV,0.0,1996,6,28
M_033_A_XV,0.0,1996,6,29
M_033_A_XV,0.0,1996,6,30
M_033_A_XV,0.0,1996,7,1
M_033_A_XV,0.0,1996,7,2
M_033_A_XV,0.0,1996,7,3
M_033_A_XV,0.0,1996,7,4
M_033_A_XV,0.0,1996,7,5
M_033_A_XV,0.0,1996,7,6
M_033_A_XV,0.0,1996,7,7
M_033_A_XV,0.0,1996,7,8
M_033_A_XV,0.0,1996,7,9
M_033_A_XV,0.0,1996,7,10
M_033_A_XV,0.0,1996,7,11
M_033_A_XV,0.0,1996,7,12
M_033_A_XV,0.0,1996,7,13
M_033_A_XV,0.0,1996,7,14
M_033_A_XV,0.0,1996,7,15
M_033_A_XV,0.0,1996,7,16
M_033_A_XV,0.0,1996,7,17
M_033_A_XV,0.0,1996,7,18
M_033_A_XV,0.0,1996,7,19
M_033_A_XV,0.0,1996,7,20
M_033_A_XV,0.3730237419222248,1996,7,21
M_033_A_XV,0.7866794713772833,1996,7,22
M_033_A_XV,0.0,1996,7,23
M_033_A_XV,0.0,1996,7,24
M_033_A_XV,0.0,1996,7,25
M_033_A_XV,0.0,1996,7,26
M_033_A_XV,0.0,1996,7,27
M_033_A_XV,0.0,1996,7,28
M_033_A_XV,0.0004207744786981,1996,7,29
M_033_A_XV,0.0,1996,7,30
M_033_A_XV,0.0,1996,7,31
M_033_A_XV,0.0,1996,8,1
M_033_A_XV,0.0,1996,8,2
M_033_A_XV,0.0,1996,8,3
M_033_A_XV,0.0,1996,8,4
M_033_A_XV,0.0,1996,8,5
M_033_A_XV,0.0,1996,8,6
M_033_A_XV,0.0,1996,8,7
M_033_A_XV,0.0,1996,8,8
M_033_A_XV,0.0,1996,8,9
M_033_A_XV,0.0,1996,8,10
M_033_A_XV,0.0,1996,8,11
M_033_A_XV,0.0,1996,8,12
M_033_A_XV,4.67527170258e-05,1996,8,13
M_033_A_XV,0.0,1996,8,14
M_033_A_XV,1.0126362922601402,1996,8,15
M_033_A_XV,2.317381724715233,1996,8,16
M_033_A_XV,0.3536418551811948,1996,8,17
M_033_A_XV,0.702992002479732,1996,8,18
M_033_A_XV,0.2036047428846359,1996,8,19
M_033_A_XV,0.0,1996,8,20
M_033_A_XV,0.0,1996,8,21
M_033_A_XV,0.0,1996,8,22
M_033_A_XV,0.0,1996,8,23
M_033_A_XV,0.0,1996,8,24
M_033_A_XV,0.0,1996,8,25
M_033_A_XV,0.0,1996,8,26
M_033_A_XV,0.0,1996,8,27
M_033_A_XV,0.7000234462320805,1996,8,28
M_033_A_XV,3.893813192844391,1996,8,29
M_033_A_XV,0.4870342742651701,1996,8,30
M_033_A_XV,0.0,1996,8,31
M_033_A_XV,0.0,1996,9,1
M_033_A_XV,0.0,1996,9,2
M_033_A_XV,0.0,1996,9,3
M_033_A_XV,0.0,1996,9,4
M_033_A_XV,0.0,1996,9,5
M_033_A_XV,0.0,1996,9,6
M_033_A_XV,0.0,1996,9,7
M_033_A_XV,0.0,1996,9,8
M_033_A_XV,0.0,1996,9,9
M_033_A_XV,0.0,1996,9,10
M_033_A_XV,0.0,1996,9,11
M_033_A_XV,0.0,1996,9,12
M_033_A_XV,0.5788668620843964,1996,9,13
M_033_A_XV,1.24619098007679,1996,9,14
M_033_A_XV,0.1143162921071052,1996,9,15
M_033_A_XV,0.0,1996,9,16
M_033_A_XV,0.0686474591493606,1996,9,17
M_033_A_XV,0.0,1996,9,18
M_033_A_XV,1.3367092184234934,1996,9,19
M_033_A_XV,1.6010667011141777,1996,9,20
M_033_A_XV,0.0006077853031456,1996,9,21
M_033_A_XV,0.205474853515625,1996,9,22
M_033_A_XV,4.71378505975008,1996,9,23
M_033_A_XV,0.0691149905323982,1996,9,24
M_033_A_XV,0.0,1996,9,25
M_033_A_XV,0.0004675271920859,1996,9,26
M_033_A_XV,0.0004675271920859,1996,9,27
M_033_A_XV,0.0749482507817447,1996,9,28
M_033_A_XV,0.2731872531585395,1996,9,29
M_033_A_XV,0.0,1996,9,30
M_033_A_XV,0.0,1996,10,1
M_033_A_XV,0.0,1996,10,2
M_033_A_XV,0.0069114984944462,1996,10,3
M_033_A_XV,0.0,1996,10,4
M_033_A_XV,0.0,1996,10,5
M_033_A_XV,1.010138641577214,1996,10,6
M_033_A_XV,0.6953230160288513,1996,10,7
M_033_A_XV,0.550970331998542,1996,10,8
M_033_A_XV,0.3274333528243005,1996,10,9
M_033_A_XV,0.0,1996,10,10
M_033_A_XV,0.0,1996,10,11
M_033_A_XV,0.0009350543841719,1996,10,12
M_033_A_XV,0.0,1996,10,13
M_033_A_XV,0.0,1996,10,14
M_033_A_XV,0.0,1996,10,15
M_033_A_XV,0.0,1996,10,16
M_033_A_XV,0.0,1996,10,17
M_033_A_XV,0.0,1996,10,18
M_033_A_XV,0.0,1996,10,19
M_033_A_XV,0.0037402175366878,1996,10,20
M_033_A_XV,0.3132069003768265,1996,10,21
M_033_A_XV,0.4541613692854298,1996,10,22
M_033_A_XV,0.4860560217639431,1996,10,23
M_033_A_XV,0.0004675271920859,1996,10,24
M_033_A_XV,0.0085010909424454,1996,10,25
M_033_A_XV,0.0,1996,10,26
M_033_A_XV,0.0,1996,10,27
M_033_A_XV,0.0,1996,10,28
M_033_A_XV,0.0,1996,10,29
M_033_A_XV,0.0,1996,10,30
M_033_A_XV,0.0705426594686287,1996,10,31
M_033_A_XV,0.0034129484993172,1996,11,1
M_033_A_XV,0.0,1996,11,2
M_033_A_XV,0.0001870108681032,1996,11,3
M_033_A_XV,0.2343831714242696,1996,11,4
M_033_A_XV,0.0624840073287487,1996,11,5
M_033_A_XV,0.0691574090160429,1996,11,6
M_033_A_XV,1.4878366738557816,1996,11,7
M_033_A_XV,4.152794182300568,1996,11,8
M_033_A_XV,2.0305392295122147,1996,11,9
M_033_A_XV,7.704058945178986,1996,11,10
M_033_A_XV,7.691354513168335,1996,11,11
M_033_A_XV,11.72743809223175,1996,11,12
M_033_A_XV,7.303169071674347,1996,11,13
M_033_A_XV,5.302261918783188,1996,11,14
M_033_A_XV,0.0,1996,11,15
M_033_A_XV,0.0085447756573557,1996,11,16
M_033_A_XV,6.738664504606277,1996,11,17
M_033_A_XV,7.644420206546783,1996,11,18
M_033_A_XV,0.7810911949782167,1996,11,19
M_033_A_XV,1.655311451293528,1996,11,20
M_033_A_XV,0.0105121140368282,1996,11,21
M_033_A_XV,0.0,1996,11,22
M_033_A_XV,0.2059005796909332,1996,11,23
M_033_A_XV,0.2213549688458442,1996,11,24
M_033_A_XV,0.0,1996,11,25
M_033_A_XV,0.0,1996,11,26
M_033_A_XV,0.0,1996,11,27
M_033_A_XV,0.0070050037465989,1996,11,28
M_033_A_XV,0.1358923465013504,1996,11,29
M_033_A_XV,4.188217003364116,1996,11,30
M_033_A_XV,6.998431324958801,1996,12,1
M_033_A_XV,0.213558595161885,1996,12,2
M_033_A_XV,1.1294661164283752,1996,12,3
M_033_A_XV,0.0004675271920859,1996,12,4
M_033_A_XV,0.0002805163094308,1996,12,5
M_033_A_XV,0.0289945630793226,1996,12,6
M_033_A_XV,0.0743045437593536,1996,12,7
M_033_A_XV,0.0004675271920859,1996,12,8
M_033_A_XV,1.661571383476257,1996,12,9
M_033_A_XV,3.373778536915779,1996,12,10
M_033_A_XV,0.2481349539011716,1996,12,11
M_033_A_XV,0.4093025210313499,1996,12,12
M_033_A_XV,8.072012413293123,1996,12,13
M_033_A_XV,5.123385772109032,1996,12,14
M_033_A_XV,2.414693646132946,1996,12,15
M_033_A_XV,0.7970337336882949,1996,12,16
M_033_A_XV,1.7717933803796768,1996,12,17
M_033_A_XV,0.8146008104085922,1996,12,18
M_033_A_XV,4.823590576648712,1996,12,19
M_033_A_XV,1.7940905764698982,1996,12,20
M_033_A_XV,0.5194381619803607,1996,12,21
M_033_A_XV,3.8695761039853096,1996,12,22
M_033_A_XV,7.332160592079163,1996,12,23
M_033_A_XV,2.428820826113224,1996,12,24
M_033_A_XV,1.271867498755455,1996,12,25
M_033_A_XV,2.479159712791443,1996,12,26
M_033_A_XV,5.686744272708893,1996,12,27
M_033_A_XV,6.541241429746151,1996,12,28
M_033_A_XV,7.672288270667195,1996,12,29
M_033_A_XV,4.022090308368206,1996,12,30
M_033_A_XV,7.751176834106445,1996,12,31
M_033_A_XV,13.833950281143188,1997,1,1
M_033_A_XV,8.96324559301138,1997,1,2
M_033_A_XV,5.128710285760462,1997,1,3
M_033_A_XV,3.2417680132202804,1997,1,4
M_033_A_XV,3.662391871213913,1997,1,5
M_033_A_XV,3.705663677304983,1997,1,6
M_033_A_XV,18.48685872554779,1997,1,7
M_033_A_XV,7.133663073182106,1997,1,8
M_033_A_XV,4.001044601202011,1997,1,9
M_033_A_XV,18.98777866363525,1997,1,10
M_033_A_XV,6.840769588947296,1997,1,11
M_033_A_XV,2.300681935623288,1997,1,12
M_033_A_XV,4.918746247887611,1997,1,13
M_033_A_XV,7.291566848754883,1997,1,14
M_033_A_XV,5.2279598116874695,1997,1,15
M_033_A_XV,7.898528099060059,1997,1,16
M_033_A_XV,14.887714385986328,1997,1,17
M_033_A_XV,3.385372444987297,1997,1,18
M_033_A_XV,0.5349823463220673,1997,1,19
M_033_A_XV,9.99323272705078,1997,1,20
M_033_A_XV,13.17151975631714,1997,1,21
M_033_A_XV,5.28962904214859,1997,1,22
M_033_A_XV,8.018303275108337,1997,1,23
M_033_A_XV,10.08811235614121,1997,1,24
M_033_A_XV,9.75761204957962,1997,1,25
M_033_A_XV,9.870708912611008,1997,1,26
M_033_A_XV,12.75182694196701,1997,1,27
M_033_A_XV,20.421223513782024,1997,1,28
M_033_A_XV,3.7898731380701065,1997,1,29
M_033_A_XV,30.76604545116425,1997,1,30
M_033_A_XV,11.26582533121109,1997,1,31
M_033_A_XV,0.0923754125833511,1997,2,1
M_033_A_XV,0.0700283795595169,1997,2,2
M_033_A_XV,3.100904420018196,1997,2,3
M_033_A_XV,5.3906712383031845,1997,2,4
M_033_A_XV,8.414661541581154,1997,2,5
M_033_A_XV,24.296689867973328,1997,2,6
M_033_A_XV,9.762287877500055,1997,2,7
M_033_A_XV,15.478500843048096,1997,2,8
M_033_A_XV,14.29098853468895,1997,2,9
M_033_A_XV,19.00921320915222,1997,2,10
M_033_A_XV,11.181565780658277,1997,2,11
M_033_A_XV,10.445573650300505,1997,2,12
M_033_A_XV,11.228983640670776,1997,2,13
M_033_A_XV,14.133191347122192,1997,2,14
M_033_A_XV,7.970275357365608,1997,2,15
M_033_A_XV,19.9559186398983,1997,2,16
M_033_A_XV,17.349059909582138,1997,2,17
M_033_A_XV,5.743930965662003,1997,2,18
M_033_A_XV,9.865462124347689,1997,2,19
M_033_A_XV,6.1236056089401245,1997,2,20
M_033_A_XV,5.304369632154703,1997,2,21
M_033_A_XV,11.844098061323166,1997,2,22
M_033_A_XV,3.429633926600218,1997,2,23
M_033_A_XV,3.3794761579483747,1997,2,24
M_033_A_XV,2.517533476930112,1997,2,25
M_033_A_XV,2.1641056537628174,1997,2,26
M_033_A_XV,4.195315392687917,1997,2,27
M_033_A_XV,8.236731499433517,1997,2,28
M_033_A_XV,3.1248621195554733,1997,3,1
M_033_A_XV,8.693214893341064,1997,3,2
M_033_A_XV,4.080618619918823,1997,3,3
M_033_A_XV,2.6250942084006965,1997,3,4
M_033_A_XV,2.184620141983032,1997,3,5
M_033_A_XV,2.2700108173303306,1997,3,6
M_033_A_XV,3.6258170753717422,1997,3,7
M_033_A_XV,10.099177718162537,1997,3,8
M_033_A_XV,16.216622471809387,1997,3,9
M_033_A_XV,1.969066709280014,1997,3,10
M_033_A_XV,6.641868472099304,1997,3,11
M_033_A_XV,9.396860718727112,1997,3,12
M_033_A_XV,5.56489235162735,1997,3,13
M_033_A_XV,0.1377624529413879,1997,3,14
M_033_A_XV,0.0,1997,3,15
M_033_A_XV,0.0,1997,3,16
M_033_A_XV,0.0036934649106115,1997,3,17
M_033_A_XV,0.0,1997,3,18
M_033_A_XV,0.236115276813507,1997,3,19
M_033_A_XV,2.249621530994773,1997,3,20
M_033_A_XV,0.1025172546505928,1997,3,21
M_033_A_XV,0.0269478918053209,1997,3,22
M_033_A_XV,0.2976029813289642,1997,3,23
M_033_A_XV,0.1111497953534126,1997,3,24
M_033_A_XV,0.0001402581547154,1997,3,25
M_033_A_XV,0.0,1997,3,26
M_033_A_XV,0.0009350543841719,1997,3,27
M_033_A_XV,10.738134620245546,1997,3,28
M_033_A_XV,6.704052694141865,1997,3,29
M_033_A_XV,12.51769933104515,1997,3,30
M_033_A_XV,0.0503499545156955,1997,3,31
M_033_A_XV,0.8853023611009121,1997,4,1
M_033_A_XV,1.723482865927508,1997,4,2
M_033_A_XV,9.691134572029114,1997,4,3
M_033_A_XV,4.923642933368683,1997,4,4
M_033_A_XV,4.996926158666611,1997,4,5
M_033_A_XV,0.8912372472696006,1997,4,6
M_033_A_XV,4.760407090187073,1997,4,7
M_033_A_XV,9.275415420532228,1997,4,8
M_033_A_XV,3.6717357337474814,1997,4,9
M_033_A_XV,3.1069706678390503,1997,4,10
M_033_A_XV,10.036268442869186,1997,4,11
M_033_A_XV,11.597020506858826,1997,4,12
M_033_A_XV,0.2175906750817375,1997,4,13
M_033_A_XV,0.0,1997,4,14
M_033_A_XV,0.0,1997,4,15
M_033_A_XV,0.0,1997,4,16
M_033_A_XV,0.7191292839124799,1997,4,17
M_033_A_XV,1.3532697930932045,1997,4,18
M_033_A_XV,0.0,1997,4,19
M_033_A_XV,0.0,1997,4,20
M_033_A_XV,0.0,1997,4,21
M_033_A_XV,0.0,1997,4,22
M_033_A_XV,0.0,1997,4,23
M_033_A_XV,0.0,1997,4,24
M_033_A_XV,0.0,1997,4,25
M_033_A_XV,1.049088478088379,1997,4,26
M_033_A_XV,0.0,1997,4,27
M_033_A_XV,1.4665948152542114,1997,4,28
M_033_A_XV,0.7284586268942803,1997,4,29
M_033_A_XV,0.0034739621914923,1997,4,30
M_033_A_XV,0.0,1997,5,1
M_033_A_XV,0.0067712403833866,1997,5,2
M_033_A_XV,0.0697621256113052,1997,5,3
M_033_A_XV,0.6784616485238075,1997,5,4
M_033_A_XV,4.35198849439621,1997,5,5
M_033_A_XV,3.661077648401261,1997,5,6
M_033_A_XV,1.0179271432571113,1997,5,7
M_033_A_XV,0.338094491045922,1997,5,8
M_033_A_XV,0.0036968952044844,1997,5,9
M_033_A_XV,0.1122203174745664,1997,5,10
M_033_A_XV,0.0,1997,5,11
M_033_A_XV,0.0,1997,5,12
M_033_A_XV,0.0,1997,5,13
M_033_A_XV,0.0,1997,5,14
M_033_A_XV,0.0,1997,5,15
M_033_A_XV,0.0,1997,5,16
M_033_A_XV,0.0,1997,5,17
M_033_A_XV,0.0004675271920859,1997,5,18
M_033_A_XV,0.0004675271920859,1997,5,19
M_033_A_XV,0.0,1997,5,20
M_033_A_XV,0.0,1997,5,21
M_033_A_XV,0.0,1997,5,22
M_033_A_XV,0.0,1997,5,23
M_033_A_XV,0.0,1997,5,24
M_033_A_XV,0.0,1997,5,25
M_033_A_XV,0.0,1997,5,26
M_033_A_XV,0.0,1997,5,27
M_033_A_XV,0.0,1997,5,28
M_033_A_XV,0.0,1997,5,29
M_033_A_XV,0.0,1997,5,30
M_033_A_XV,0.0,1997,5,31
M_033_A_XV,0.0,1997,6,1
M_033_A_XV,0.0,1997,6,2
M_033_A_XV,0.0,1997,6,3
M_033_A_XV,0.0,1997,6,4
M_033_A_XV,0.0,1997,6,5
M_033_A_XV,0.0,1997,6,6
M_033_A_XV,0.0,1997,6,7
M_033_A_XV,0.0,1997,6,8
M_033_A_XV,0.0,1997,6,9
M_033_A_XV,0.0,1997,6,10
M_033_A_XV,0.0,1997,6,11
M_033_A_XV,0.0,1997,6,12
M_033_A_XV,0.0,1997,6,13
M_033_A_XV,0.0,1997,6,14
M_033_A_XV,0.0,1997,6,15
M_033_A_XV,0.0,1997,6,16
M_033_A_XV,0.0,1997,6,17
M_033_A_XV,0.0,1997,6,18
M_033_A_XV,0.0,1997,6,19
M_033_A_XV,0.0,1997,6,20
M_033_A_XV,0.0,1997,6,21
M_033_A_XV,0.0,1997,6,22
M_033_A_XV,0.0,1997,6,23
M_033_A_XV,0.0,1997,6,24
M_033_A_XV,0.0,1997,6,25
M_033_A_XV,0.0,1997,6,26
M_033_A_XV,0.0,1997,6,27
M_033_A_XV,0.0,1997,6,28
M_033_A_XV,0.0,1997,6,29
M_033_A_XV,0.0,1997,6,30
M_033_A_XV,0.0,1997,7,1
M_033_A_XV,0.0,1997,7,2
M_033_A_XV,0.0,1997,7,3
M_033_A_XV,0.0,1997,7,4
M_033_A_XV,0.0,1997,7,5
M_033_A_XV,0.0,1997,7,6
M_033_A_XV,0.0,1997,7,7
M_033_A_XV,0.0,1997,7,8
M_033_A_XV,0.0,1997,7,9
M_033_A_XV,0.0,1997,7,10
M_033_A_XV,0.0,1997,7,11
M_033_A_XV,0.0,1997,7,12
M_033_A_XV,0.0,1997,7,13
M_033_A_XV,0.0,1997,7,14
M_033_A_XV,0.0,1997,7,15
M_033_A_XV,0.0,1997,7,16
M_033_A_XV,0.0,1997,7,17
M_033_A_XV,0.0,1997,7,18
M_033_A_XV,0.0,1997,7,19
M_033_A_XV,0.0,1997,7,20
M_033_A_XV,0.0,1997,7,21
M_033_A_XV,0.0,1997,7,22
M_033_A_XV,0.0,1997,7,23
M_033_A_XV,0.0,1997,7,24
M_033_A_XV,4.67527170258e-05,1997,7,25
M_033_A_XV,0.0,1997,7,26
M_033_A_XV,0.0,1997,7,27
M_033_A_XV,0.0,1997,7,28
M_033_A_XV,0.0,1997,7,29
M_033_A_XV,0.0,1997,7,30
M_033_A_XV,0.0,1997,7,31
M_033_A_XV,0.0,1997,8,1
M_033_A_XV,0.0,1997,8,2
M_033_A_XV,0.0,1997,8,3
M_033_A_XV,0.0,1997,8,4
M_033_A_XV,0.0,1997,8,5
M_033_A_XV,0.0,1997,8,6
M_033_A_XV,1.6805645124986768,1997,8,7
M_033_A_XV,10.004259943962095,1997,8,8
M_033_A_XV,8.143901824951172,1997,8,9
M_033_A_XV,3.975247852504253,1997,8,10
M_033_A_XV,13.982302904129028,1997,8,11
M_033_A_XV,5.102291643619537,1997,8,12
M_033_A_XV,0.0831249887560261,1997,8,13
M_033_A_XV,0.1445228551019681,1997,8,14
M_033_A_XV,0.0,1997,8,15
M_033_A_XV,0.0,1997,8,16
M_033_A_XV,0.0,1997,8,17
M_033_A_XV,0.0,1997,8,18
M_033_A_XV,0.0,1997,8,19
M_033_A_XV,0.0,1997,8,20
M_033_A_XV,0.0,1997,8,21
M_033_A_XV,0.0,1997,8,22
M_033_A_XV,0.0,1997,8,23
M_033_A_XV,0.0,1997,8,24
M_033_A_XV,0.0,1997,8,25
M_033_A_XV,0.607073962688446,1997,8,26
M_033_A_XV,1.326684571802616,1997,8,27
M_033_A_XV,0.337605319917202,1997,8,28
M_033_A_XV,0.1447320408187806,1997,8,29
M_033_A_XV,0.0,1997,8,30
M_033_A_XV,0.0,1997,8,31
M_033_A_XV,0.0,1997,9,1
M_033_A_XV,0.0,1997,9,2
M_033_A_XV,0.0,1997,9,3
M_033_A_XV,0.0,1997,9,4
M_033_A_XV,0.0,1997,9,5
M_033_A_XV,0.0,1997,9,6
M_033_A_XV,0.0,1997,9,7
M_033_A_XV,0.0,1997,9,8
M_033_A_XV,0.0,1997,9,9
M_033_A_XV,0.0,1997,9,10
M_033_A_XV,0.337382364552468,1997,9,11
M_033_A_XV,0.4672032296657562,1997,9,12
M_033_A_XV,0.1380104798336106,1997,9,13
M_033_A_XV,0.4545489591546356,1997,9,14
M_033_A_XV,0.7761316299438477,1997,9,15
M_033_A_XV,0.6347627341747284,1997,9,16
M_033_A_XV,2.22933012992e-05,1997,9,17
M_033_A_XV,2.9674671962857246,1997,9,18
M_033_A_XV,10.44218683242798,1997,9,19
M_033_A_XV,0.0693379226140677,1997,9,20
M_033_A_XV,0.0,1997,9,21
M_033_A_XV,0.0,1997,9,22
M_033_A_XV,0.0,1997,9,23
M_033_A_XV,0.0636599458521232,1997,9,24
M_033_A_XV,3.821876546368003,1997,9,25
M_033_A_XV,8.783856272697449,1997,9,26
M_033_A_XV,7.120439052581787,1997,9,27
M_033_A_XV,9.094259023666382,1997,9,28
M_033_A_XV,11.648949027061462,1997,9,29
M_033_A_XV,4.786047049841727,1997,9,30
M_033_A_XV,0.0,1997,10,1
M_033_A_XV,0.0,1997,10,2
M_033_A_XV,0.0,1997,10,3
M_033_A_XV,0.0,1997,10,4
M_033_A_XV,0.0,1997,10,5
M_033_A_XV,0.0,1997,10,6
M_033_A_XV,0.0023376359604299,1997,10,7
M_033_A_XV,0.006056192331016,1997,10,8
M_033_A_XV,0.0028051631525158,1997,10,9
M_033_A_XV,0.0,1997,10,10
M_033_A_XV,0.0004675271920859,1997,10,11
M_033_A_XV,3.4774086624383926,1997,10,12
M_033_A_XV,2.4969801530241966,1997,10,13
M_033_A_XV,1.6363610550761225,1997,10,14
M_033_A_XV,0.0707439336438255,1997,10,15
M_033_A_XV,0.0,1997,10,16
M_033_A_XV,0.0,1997,10,17
M_033_A_XV,0.0,1997,10,18
M_033_A_XV,0.0,1997,10,19
M_033_A_XV,0.0,1997,10,20
M_033_A_XV,0.0,1997,10,21
M_033_A_XV,4.67527170258e-05,1997,10,22
M_033_A_XV,0.1859587247927265,1997,10,23
M_033_A_XV,0.0006077853468013,1997,10,24
M_033_A_XV,0.0,1997,10,25
M_033_A_XV,0.0,1997,10,26
M_033_A_XV,0.1349572837352752,1997,10,27
M_033_A_XV,0.0806938484311103,1997,10,28
M_033_A_XV,0.0004675271920859,1997,10,29
M_033_A_XV,3.235541944508441,1997,10,30
M_033_A_XV,5.369175958447158,1997,10,31
M_033_A_XV,5.966073423624039,1997,11,1
M_033_A_XV,9.188950419425964,1997,11,2
M_033_A_XV,7.565195918083191,1997,11,3
M_033_A_XV,5.786625564098358,1997,11,4
M_033_A_XV,0.2853694520890713,1997,11,5
M_033_A_XV,0.785898745059967,1997,11,6
M_033_A_XV,1.2595543265342712,1997,11,7
M_033_A_XV,4.2555146515369415,1997,11,8
M_033_A_XV,2.906808316707611,1997,11,9
M_033_A_XV,0.5532684041136235,1997,11,10
M_033_A_XV,0.0677124038338661,1997,11,11
M_033_A_XV,0.0,1997,11,12
M_033_A_XV,0.0,1997,11,13
M_033_A_XV,0.0,1997,11,14
M_033_A_XV,0.2359648495912552,1997,11,15
M_033_A_XV,0.0,1997,11,16
M_033_A_XV,0.0,1997,11,17
M_033_A_XV,0.0,1997,11,18
M_033_A_XV,0.0097964098677039,1997,11,19
M_033_A_XV,1.0571592807282286,1997,11,20
M_033_A_XV,1.1098171696066856,1997,11,21
M_033_A_XV,6.508683136664331,1997,11,22
M_033_A_XV,3.631675466895104,1997,11,23
M_033_A_XV,0.0426378059200942,1997,11,24
M_033_A_XV,0.0,1997,11,25
M_033_A_XV,2.22933012992e-05,1997,11,26
M_033_A_XV,0.0373641708865761,1997,11,27
M_033_A_XV,0.3513431795872748,1997,11,28
M_033_A_XV,0.0164347565732896,1997,11,29
M_033_A_XV,0.0433118008513702,1997,11,30
M_033_A_XV,0.0717667378485202,1997,12,1
M_033_A_XV,0.0,1997,12,2
M_033_A_XV,0.0,1997,12,3
M_033_A_XV,0.0,1997,12,4
M_033_A_XV,0.0,1997,12,5
M_033_A_XV,0.2143209092319011,1997,12,6
M_033_A_XV,4.389859676361084,1997,12,7
M_033_A_XV,0.0320622823201119,1997,12,8
M_033_A_XV,1.3700818615034225,1997,12,9
M_033_A_XV,4.67527170258e-05,1997,12,10
M_033_A_XV,0.0,1997,12,11
M_033_A_XV,0.0,1997,12,12
M_033_A_XV,0.0,1997,12,13
M_033_A_XV,0.0,1997,12,14
M_033_A_XV,0.0,1997,12,15
M_033_A_XV,0.0,1997,12,16
M_033_A_XV,0.0,1997,12,17
M_033_A_XV,1.656127829104662,1997,12,18
M_033_A_XV,20.733612835407257,1997,12,19
M_033_A_XV,6.075342334806919,1997,12,20
M_033_A_XV,5.341575548052788,1997,12,21
M_033_A_XV,1.0985230393707752,1997,12,22
M_033_A_XV,8.528751742560416,1997,12,23
M_033_A_XV,9.751866981387138,1997,12,24
M_033_A_XV,4.724006697535515,1997,12,25
M_033_A_XV,4.6058973371982574,1997,12,26
M_033_A_XV,2.5455355527810752,1997,12,27
M_033_A_XV,1.3953158855438232,1997,12,28
M_033_A_XV,2.084166892338544,1997,12,29
M_033_A_XV,2.4626176580786705,1997,12,30
M_033_A_XV,2.315274834632873,1997,12,31
M_033_A_XV,4.0963354408741,1998,1,1
M_033_A_XV,7.849656812846661,1998,1,2
M_033_A_XV,2.0562393772415817,1998,1,3
M_033_A_XV,3.6354591250419617,1998,1,4
M_033_A_XV,5.559197276830673,1998,1,5
M_033_A_XV,1.5472038420848548,1998,1,6
M_033_A_XV,5.1572756096720695,1998,1,7
M_033_A_XV,4.25562709569931,1998,1,8
M_033_A_XV,4.784435898065567,1998,1,9
M_033_A_XV,10.476107388734818,1998,1,10
M_033_A_XV,9.019633769989014,1998,1,11
M_033_A_XV,7.940264403820038,1998,1,12
M_033_A_XV,6.721967995166779,1998,1,13
M_033_A_XV,4.862202621996403,1998,1,14
M_033_A_XV,2.3568372246809304,1998,1,15
M_033_A_XV,1.340982437133789,1998,1,16
M_033_A_XV,3.92615470290184,1998,1,17
M_033_A_XV,5.389863610267639,1998,1,18
M_033_A_XV,9.701044648885729,1998,1,19
M_033_A_XV,10.553768418729303,1998,1,20
M_033_A_XV,12.537588953971865,1998,1,21
M_033_A_XV,5.102007180452347,1998,1,22
M_033_A_XV,4.0871900245547295,1998,1,23
M_033_A_XV,6.16988542675972,1998,1,24
M_033_A_XV,20.60187590122223,1998,1,25
M_033_A_XV,12.122111469507216,1998,1,26
M_033_A_XV,11.977146834135056,1998,1,27
M_033_A_XV,13.719566524028778,1998,1,28
M_033_A_XV,2.759251769632101,1998,1,29
M_033_A_XV,3.919643849134445,1998,1,30
M_033_A_XV,2.495109722018242,1998,1,31
M_033_A_XV,0.0,1998,2,1
M_033_A_XV,0.8793261647224426,1998,2,2
M_033_A_XV,0.7566176070831716,1998,2,3
M_033_A_XV,0.0657709613442421,1998,2,4
M_033_A_XV,4.81930173188448,1998,2,5
M_033_A_XV,12.901112675666807,1998,2,6
M_033_A_XV,22.03340494632721,1998,2,7
M_033_A_XV,24.84906014800072,1998,2,8
M_033_A_XV,0.0693162605166435,1998,2,9
M_033_A_XV,2.0228042602539062,1998,2,10
M_033_A_XV,11.020819306373596,1998,2,11
M_033_A_XV,27.217942357063293,1998,2,12
M_033_A_XV,18.52876961231232,1998,2,13
M_033_A_XV,15.482153713703156,1998,2,14
M_033_A_XV,9.959679946303368,1998,2,15
M_033_A_XV,12.478977292776108,1998,2,16
M_033_A_XV,2.0420246310532093,1998,2,17
M_033_A_XV,0.0009350543841719,1998,2,18
M_033_A_XV,0.0698054507374763,1998,2,19
M_033_A_XV,7.764702295418829,1998,2,20
M_033_A_XV,0.4128198176622391,1998,2,21
M_033_A_XV,3.326068788766861,1998,2,22
M_033_A_XV,0.0801623538136482,1998,2,23
M_033_A_XV,1.871630311012268,1998,2,24
M_033_A_XV,3.287761669140309,1998,2,25
M_033_A_XV,0.3112431392073631,1998,2,26
M_033_A_XV,0.7075476180762053,1998,2,27
M_033_A_XV,3.974590878468007,1998,2,28
M_033_A_XV,1.4908192683942616,1998,3,1
M_033_A_XV,0.1987112537026405,1998,3,2
M_033_A_XV,2.6258597150444984,1998,3,3
M_033_A_XV,2.253223055507988,1998,3,4
M_033_A_XV,0.7046800255775452,1998,3,5
M_033_A_XV,2.553521066904068,1998,3,6
M_033_A_XV,3.0267147421836853,1998,3,7
M_033_A_XV,2.7887726426124573,1998,3,8
M_033_A_XV,4.937676638364792,1998,3,9
M_033_A_XV,12.911406755447388,1998,3,10
M_033_A_XV,10.08895754814148,1998,3,11
M_033_A_XV,2.138722158037126,1998,3,12
M_033_A_XV,0.0,1998,3,13
M_033_A_XV,0.3423022329807281,1998,3,14
M_033_A_XV,0.7594065912999213,1998,3,15
M_033_A_XV,5.303189963102341,1998,3,16
M_033_A_XV,0.1685435655526816,1998,3,17
M_033_A_XV,0.0014025815762579,1998,3,18
M_033_A_XV,1.6637507165287388,1998,3,19
M_033_A_XV,2.4475216045975685,1998,3,20
M_033_A_XV,0.8114262260496616,1998,3,21
M_033_A_XV,0.000207138058613,1998,3,22
M_033_A_XV,0.0,1998,3,23
M_033_A_XV,0.0002229330129921,1998,3,24
M_033_A_XV,1.5048721805214882,1998,3,25
M_033_A_XV,3.6476151198148727,1998,3,26
M_033_A_XV,1.2267603412619792,1998,3,27
M_033_A_XV,0.9798165685497224,1998,3,28
M_033_A_XV,3.2791086733341217,1998,3,29
M_033_A_XV,23.10529690980912,1998,3,30
M_033_A_XV,1.0014925291761756,1998,3,31
M_033_A_XV,3.2714463733136654,1998,4,1
M_033_A_XV,0.1850987044163048,1998,4,2
M_033_A_XV,0.0009350543841719,1998,4,3
M_033_A_XV,0.0,1998,4,4
M_033_A_XV,0.0,1998,4,5
M_033_A_XV,0.0,1998,4,6
M_033_A_XV,0.0,1998,4,7
M_033_A_XV,0.0,1998,4,8
M_033_A_XV,0.0,1998,4,9
M_033_A_XV,0.0006904602050781,1998,4,10
M_033_A_XV,1.9421491771936417,1998,4,11
M_033_A_XV,4.731915235519409,1998,4,12
M_033_A_XV,0.2722522020339966,1998,4,13
M_033_A_XV,0.0065453806892037,1998,4,14
M_033_A_XV,0.0,1998,4,15
M_033_A_XV,0.0,1998,4,16
M_033_A_XV,0.0,1998,4,17
M_033_A_XV,0.0,1998,4,18
M_033_A_XV,0.0,1998,4,19
M_033_A_XV,0.0,1998,4,20
M_033_A_XV,0.0,1998,4,21
M_033_A_XV,0.0,1998,4,22
M_033_A_XV,0.0,1998,4,23
M_033_A_XV,0.0,1998,4,24
M_033_A_XV,0.165314944460988,1998,4,25
M_033_A_XV,0.0,1998,4,26
M_033_A_XV,0.0,1998,4,27
M_033_A_XV,0.0,1998,4,28
M_033_A_XV,0.0,1998,4,29
M_033_A_XV,0.0,1998,4,30
M_033_A_XV,0.0,1998,5,1
M_033_A_XV,0.0,1998,5,2
M_033_A_XV,0.0,1998,5,3
M_033_A_XV,0.0,1998,5,4
M_033_A_XV,0.0,1998,5,5
M_033_A_XV,0.0,1998,5,6
M_033_A_XV,0.0,1998,5,7
M_033_A_XV,0.0,1998,5,8
M_033_A_XV,0.0,1998,5,9
M_033_A_XV,0.0,1998,5,10
M_033_A_XV,0.0,1998,5,11
M_033_A_XV,0.0219701922942476,1998,5,12
M_033_A_XV,0.0005610326188616,1998,5,13
M_033_A_XV,0.0,1998,5,14
M_033_A_XV,0.0,1998,5,15
M_033_A_XV,0.0,1998,5,16
M_033_A_XV,0.0,1998,5,17
M_033_A_XV,0.0,1998,5,18
M_033_A_XV,0.0,1998,5,19
M_033_A_XV,0.0,1998,5,20
M_033_A_XV,0.0,1998,5,21
M_033_A_XV,0.0,1998,5,22
M_033_A_XV,0.0,1998,5,23
M_033_A_XV,0.0,1998,5,24
M_033_A_XV,0.0,1998,5,25
M_033_A_XV,0.0,1998,5,26
M_033_A_XV,0.0,1998,5,27
M_033_A_XV,0.0,1998,5,28
M_033_A_XV,0.0,1998,5,29
M_033_A_XV,0.0,1998,5,30
M_033_A_XV,0.0,1998,5,31
M_033_A_XV,0.0,1998,6,1
M_033_A_XV,0.0,1998,6,2
M_033_A_XV,0.0,1998,6,3
M_033_A_XV,0.0,1998,6,4
M_033_A_XV,0.0,1998,6,5
M_033_A_XV,0.0,1998,6,6
M_033_A_XV,0.0,1998,6,7
M_033_A_XV,0.0,1998,6,8
M_033_A_XV,0.0677124070934951,1998,6,9
M_033_A_XV,0.0,1998,6,10
M_033_A_XV,0.0,1998,6,11
M_033_A_XV,0.0,1998,6,12
M_033_A_XV,0.0,1998,6,13
M_033_A_XV,0.0206877416931092,1998,6,14
M_033_A_XV,0.0,1998,6,15
M_033_A_XV,0.0,1998,6,16
M_033_A_XV,0.0,1998,6,17
M_033_A_XV,0.0,1998,6,18
M_033_A_XV,0.0,1998,6,19
M_033_A_XV,0.0,1998,6,20
M_033_A_XV,0.0,1998,6,21
M_033_A_XV,0.0073322728276252,1998,6,22
M_033_A_XV,0.7404806568811182,1998,6,23
M_033_A_XV,3.4357881024479866,1998,6,24
M_033_A_XV,5.025427281856537,1998,6,25
M_033_A_XV,0.2122431695461273,1998,6,26
M_033_A_XV,0.0,1998,6,27
M_033_A_XV,0.0,1998,6,28
M_033_A_XV,0.0079868109896779,1998,6,29
M_033_A_XV,0.2641186192631721,1998,6,30
M_033_A_XV,0.1754200085997581,1998,7,1
M_033_A_XV,0.0,1998,7,2
M_033_A_XV,0.0,1998,7,3
M_033_A_XV,0.0,1998,7,4
M_033_A_XV,0.0,1998,7,5
M_033_A_XV,0.0,1998,7,6
M_033_A_XV,0.0,1998,7,7
M_033_A_XV,0.0,1998,7,8
M_033_A_XV,0.0,1998,7,9
M_033_A_XV,0.0,1998,7,10
M_033_A_XV,0.0,1998,7,11
M_033_A_XV,0.0,1998,7,12
M_033_A_XV,0.0,1998,7,13
M_033_A_XV,0.0,1998,7,14
M_033_A_XV,0.0,1998,7,15
M_033_A_XV,0.0,1998,7,16
M_033_A_XV,0.0,1998,7,17
M_033_A_XV,0.0,1998,7,18
M_033_A_XV,0.0,1998,7,19
M_033_A_XV,0.0,1998,7,20
M_033_A_XV,0.0,1998,7,21
M_033_A_XV,4.67527170258e-05,1998,7,22
M_033_A_XV,0.0203137211501598,1998,7,23
M_033_A_XV,0.0,1998,7,24
M_033_A_XV,4.67527170258e-05,1998,7,25
M_033_A_XV,0.0,1998,7,26
M_033_A_XV,0.0,1998,7,27
M_033_A_XV,0.0,1998,7,28
M_033_A_XV,0.0,1998,7,29
M_033_A_XV,0.0,1998,7,30
M_033_A_XV,0.0,1998,7,31
M_033_A_XV,0.0,1998,8,1
M_033_A_XV,0.0,1998,8,2
M_033_A_XV,0.0,1998,8,3
M_033_A_XV,0.0,1998,8,4
M_033_A_XV,0.0,1998,8,5
M_033_A_XV,0.0,1998,8,6
M_033_A_XV,0.0,1998,8,7
M_033_A_XV,0.0,1998,8,8
M_033_A_XV,0.0,1998,8,9
M_033_A_XV,0.0,1998,8,10
M_033_A_XV,0.0072143077850341,1998,8,11
M_033_A_XV,0.0076595419086515,1998,8,12
M_033_A_XV,0.0026181522698607,1998,8,13
M_033_A_XV,0.0004675271920859,1998,8,14
M_033_A_XV,0.0,1998,8,15
M_033_A_XV,0.0,1998,8,16
M_033_A_XV,0.0,1998,8,17
M_033_A_XV,0.0,1998,8,18
M_033_A_XV,0.0,1998,8,19
M_033_A_XV,0.0,1998,8,20
M_033_A_XV,0.7422542306594551,1998,8,21
M_033_A_XV,0.0004675271920859,1998,8,22
M_033_A_XV,0.0,1998,8,23
M_033_A_XV,0.0,1998,8,24
M_033_A_XV,0.0,1998,8,25
M_033_A_XV,0.0,1998,8,26
M_033_A_XV,0.0,1998,8,27
M_033_A_XV,0.0,1998,8,28
M_033_A_XV,0.0018701087683439,1998,8,29
M_033_A_XV,0.6288872668519616,1998,8,30
M_033_A_XV,0.073524008039385,1998,8,31
M_033_A_XV,0.0698054539971053,1998,9,1
M_033_A_XV,0.0001870108681032,1998,9,2
M_033_A_XV,0.0,1998,9,3
M_033_A_XV,0.0,1998,9,4
M_033_A_XV,0.0014025815762579,1998,9,5
M_033_A_XV,0.1336481124162674,1998,9,6
M_033_A_XV,0.0,1998,9,7
M_033_A_XV,0.0,1998,9,8
M_033_A_XV,0.0,1998,9,9
M_033_A_XV,0.0,1998,9,10
M_033_A_XV,0.0,1998,9,11
M_033_A_XV,0.0,1998,9,12
M_033_A_XV,0.0,1998,9,13
M_033_A_XV,0.5493587958626449,1998,9,14
M_033_A_XV,1.0801864266395569,1998,9,15
M_033_A_XV,0.2183900624513626,1998,9,16
M_033_A_XV,0.0695608556270599,1998,9,17
M_033_A_XV,0.0,1998,9,18
M_033_A_XV,0.0,1998,9,19
M_033_A_XV,0.0,1998,9,20
M_033_A_XV,0.0,1998,9,21
M_033_A_XV,0.0,1998,9,22
M_033_A_XV,0.0009350543841719,1998,9,23
M_033_A_XV,0.1394771463237702,1998,9,24
M_033_A_XV,0.0023376359604299,1998,9,25
M_033_A_XV,0.0,1998,9,26
M_033_A_XV,0.0,1998,9,27
M_033_A_XV,0.0,1998,9,28
M_033_A_XV,0.0,1998,9,29
M_033_A_XV,0.0,1998,9,30
M_033_A_XV,0.0,1998,10,1
M_033_A_XV,0.0,1998,10,2
M_033_A_XV,0.0,1998,10,3
M_033_A_XV,0.0,1998,10,4
M_033_A_XV,0.0,1998,10,5
M_033_A_XV,0.0,1998,10,6
M_033_A_XV,0.0,1998,10,7
M_033_A_XV,0.0,1998,10,8
M_033_A_XV,0.0004675271920859,1998,10,9
M_033_A_XV,0.0,1998,10,10
M_033_A_XV,0.0,1998,10,11
M_033_A_XV,0.0,1998,10,12
M_033_A_XV,1.0945787765085695,1998,10,13
M_033_A_XV,3.663560278713703,1998,10,14
M_033_A_XV,0.1368273943662643,1998,10,15
M_033_A_XV,0.0,1998,10,16
M_033_A_XV,0.0,1998,10,17
M_033_A_XV,2.7118175658397377,1998,10,18
M_033_A_XV,1.0392636731266975,1998,10,19
M_033_A_XV,0.0798464589752256,1998,10,20
M_033_A_XV,3.683233316987753,1998,10,21
M_033_A_XV,0.4216161924414336,1998,10,22
M_033_A_XV,2.4321558475494385,1998,10,23
M_033_A_XV,10.559365332126616,1998,10,24
M_033_A_XV,0.0849237688817083,1998,10,25
M_033_A_XV,0.0,1998,10,26
M_033_A_XV,0.0,1998,10,27
M_033_A_XV,1.4322459995746613,1998,10,28
M_033_A_XV,1.391689034178853,1998,10,29
M_033_A_XV,0.0844978954992257,1998,10,30
M_033_A_XV,0.0,1998,10,31
M_033_A_XV,0.0,1998,11,1
M_033_A_XV,0.0,1998,11,2
M_033_A_XV,0.0,1998,11,3
M_033_A_XV,0.0,1998,11,4
M_033_A_XV,0.0,1998,11,5
M_033_A_XV,0.0,1998,11,6
M_033_A_XV,0.0,1998,11,7
M_033_A_XV,0.0004675271920859,1998,11,8
M_033_A_XV,0.0,1998,11,9
M_033_A_XV,0.0,1998,11,10
M_033_A_XV,0.0,1998,11,11
M_033_A_XV,0.0,1998,11,12
M_033_A_XV,0.0686474591493606,1998,11,13
M_033_A_XV,5.179228186607361,1998,11,14
M_033_A_XV,6.558372482657433,1998,11,15
M_033_A_XV,16.26447230577469,1998,11,16
M_033_A_XV,0.8702388405799866,1998,11,17
M_033_A_XV,0.0151262071885867,1998,11,18
M_033_A_XV,1.9179630372673275,1998,11,19
M_033_A_XV,1.4049223363399506,1998,11,20
M_033_A_XV,4.504130624234676,1998,11,21
M_033_A_XV,6.764803767204285,1998,11,22
M_033_A_XV,0.0022441305045504,1998,11,23
M_033_A_XV,0.0,1998,11,24
M_033_A_XV,0.0,1998,11,25
M_033_A_XV,4.67527170258e-05,1998,11,26
M_033_A_XV,0.0,1998,11,27
M_033_A_XV,4.67527170258e-05,1998,11,28
M_033_A_XV,1.1370781138539314,1998,11,29
M_033_A_XV,0.3001440460793674,1998,11,30
M_033_A_XV,0.0,1998,12,1
M_033_A_XV,0.0,1998,12,2
M_033_A_XV,0.0,1998,12,3
M_033_A_XV,0.0003473962133284,1998,12,4
M_033_A_XV,0.0798932019133644,1998,12,5
M_033_A_XV,0.8688916466198862,1998,12,6
M_033_A_XV,4.5361862275749445,1998,12,7
M_033_A_XV,2.0343308936317044,1998,12,8
M_033_A_XV,0.0,1998,12,9
M_033_A_XV,0.2985171559266746,1998,12,10
M_033_A_XV,4.67527170258e-05,1998,12,11
M_033_A_XV,0.0,1998,12,12
M_033_A_XV,0.8468645578250289,1998,12,13
M_033_A_XV,4.276737332344055,1998,12,14
M_033_A_XV,1.446710892021656,1998,12,15
M_033_A_XV,4.4165112714727,1998,12,16
M_033_A_XV,3.0781056652776897,1998,12,17
M_033_A_XV,0.8021078854799271,1998,12,18
M_033_A_XV,0.0067244875244796,1998,12,19
M_033_A_XV,0.7786666750907898,1998,12,20
M_033_A_XV,0.5078441686928272,1998,12,21
M_033_A_XV,2.9438721453770995,1998,12,22
M_033_A_XV,5.479139804840088,1998,12,23
M_033_A_XV,5.01165197044611,1998,12,24
M_033_A_XV,5.897724285721779,1998,12,25
M_033_A_XV,2.817176930606365,1998,12,26
M_033_A_XV,3.402493468951434,1998,12,27
M_033_A_XV,10.791367888450624,1998,12,28
M_033_A_XV,0.0,1998,12,29
M_033_A_XV,0.1088541224598884,1998,12,30
M_033_A_XV,0.8124917284585536,1998,12,31
M_033_A_XV,1.279390413314104,1999,1,1
M_033_A_XV,0.8192831575870514,1999,1,2
M_033_A_XV,0.0542634283192455,1999,1,3
M_033_A_XV,0.0,1999,1,4
M_033_A_XV,0.0,1999,1,5
M_033_A_XV,0.0023376359604299,1999,1,6
M_033_A_XV,0.5464212525148469,1999,1,7
M_033_A_XV,0.0,1999,1,8
M_033_A_XV,3.152891147416085,1999,1,9
M_033_A_XV,2.7268597334623337,1999,1,10
M_033_A_XV,1.1570916436612606,1999,1,11
M_033_A_XV,2.4493482625111938,1999,1,12
M_033_A_XV,1.693474728614092,1999,1,13
M_033_A_XV,0.5640004011802375,1999,1,14
M_033_A_XV,0.0002229330129921,1999,1,15
M_033_A_XV,0.0,1999,1,16
M_033_A_XV,1.4295344427227974,1999,1,17
M_033_A_XV,0.4671899266541004,1999,1,18
M_033_A_XV,0.2229515202343464,1999,1,19
M_033_A_XV,0.2263624888728372,1999,1,20
M_033_A_XV,8.994249147828668,1999,1,21
M_033_A_XV,11.945660710334778,1999,1,22
M_033_A_XV,10.543597102165222,1999,1,23
M_033_A_XV,5.906129211187363,1999,1,24
M_033_A_XV,1.9258173811249435,1999,1,25
M_033_A_XV,0.6649002470076084,1999,1,26
M_033_A_XV,6.117169614415616,1999,1,27
M_033_A_XV,14.062186598777773,1999,1,28
M_033_A_XV,8.48605689033866,1999,1,29
M_033_A_XV,9.81200659275055,1999,1,30
M_033_A_XV,3.737734816968441,1999,1,31
M_033_A_XV,11.24402230978012,1999,2,1
M_033_A_XV,3.5835217982530594,1999,2,2
M_033_A_XV,6.894873648881912,1999,2,3
M_033_A_XV,9.120616115629671,1999,2,4
M_033_A_XV,15.885865896940231,1999,2,5
M_033_A_XV,9.782449714839458,1999,2,6
M_033_A_XV,5.255993636325002,1999,2,7
M_033_A_XV,3.560653805732727,1999,2,8
M_033_A_XV,5.388313211500645,1999,2,9
M_033_A_XV,6.100950062274933,1999,2,10
M_033_A_XV,4.812093839049339,1999,2,11
M_033_A_XV,17.10072362422943,1999,2,12
M_033_A_XV,16.706029176712036,1999,2,13
M_033_A_XV,12.424577713012695,1999,2,14
M_033_A_XV,10.659444406628609,1999,2,15
M_033_A_XV,16.62191116809845,1999,2,16
M_033_A_XV,6.370867315679789,1999,2,17
M_033_A_XV,9.960880778729916,1999,2,18
M_033_A_XV,5.457705084234476,1999,2,19
M_033_A_XV,5.461109660565853,1999,2,20
M_033_A_XV,3.852591633796692,1999,2,21
M_033_A_XV,3.322169251739979,1999,2,22
M_033_A_XV,4.32508908957243,1999,2,23
M_033_A_XV,12.826612889766691,1999,2,24
M_033_A_XV,19.435572385787964,1999,2,25
M_033_A_XV,25.71536016464233,1999,2,26
M_033_A_XV,19.98754574358464,1999,2,27
M_033_A_XV,10.129597718827426,1999,2,28
M_033_A_XV,6.7923127338290215,1999,3,1
M_033_A_XV,10.109361819922924,1999,3,2
M_033_A_XV,9.054677546024324,1999,3,3
M_033_A_XV,12.849478967487812,1999,3,4
M_033_A_XV,4.005335107445717,1999,3,5
M_033_A_XV,21.04670143127441,1999,3,6
M_033_A_XV,16.670528531074524,1999,3,7
M_033_A_XV,14.37727227807045,1999,3,8
M_033_A_XV,8.13236066699028,1999,3,9
M_033_A_XV,11.761580288410189,1999,3,10
M_033_A_XV,5.737504881806672,1999,3,11
M_033_A_XV,4.441999010741711,1999,3,12
M_033_A_XV,16.386348605155945,1999,3,13
M_033_A_XV,11.480953693389893,1999,3,14
M_033_A_XV,0.7626737505197525,1999,3,15
M_033_A_XV,5.274427980184555,1999,3,16
M_033_A_XV,9.98748430609703,1999,3,17
M_033_A_XV,9.633213520050049,1999,3,18
M_033_A_XV,3.5710237324237823,1999,3,19
M_033_A_XV,5.707713633775711,1999,3,20
M_033_A_XV,7.565970562398434,1999,3,21
M_033_A_XV,11.394882872700691,1999,3,22
M_033_A_XV,10.757991403341292,1999,3,23
M_033_A_XV,14.705957025289536,1999,3,24
M_033_A_XV,7.893218502402306,1999,3,25
M_033_A_XV,4.6667640209198,1999,3,26
M_033_A_XV,3.055172197520733,1999,3,27
M_033_A_XV,5.676798157393932,1999,3,28
M_033_A_XV,1.691967822611332,1999,3,29
M_033_A_XV,0.1769265402108431,1999,3,30
M_033_A_XV,1.8338834680616856,1999,3,31
M_033_A_XV,0.4956813785247504,1999,4,1
M_033_A_XV,1.2009952897205949,1999,4,2
M_033_A_XV,5.57301005073532,1999,4,3
M_033_A_XV,1.6209064424037931,1999,4,4
M_033_A_XV,2.0334420991130173,1999,4,5
M_033_A_XV,3.5583077520132065,1999,4,6
M_033_A_XV,0.2801879397593438,1999,4,7
M_033_A_XV,1.629445567727089,1999,4,8
M_033_A_XV,4.30676032602787,1999,4,9
M_033_A_XV,1.8836302757263184,1999,4,10
M_033_A_XV,2.1038498524576426,1999,4,11
M_033_A_XV,0.7740391450788593,1999,4,12
M_033_A_XV,0.1040155543014407,1999,4,13
M_033_A_XV,0.0,1999,4,14
M_033_A_XV,0.0,1999,4,15
M_033_A_XV,0.0,1999,4,16
M_033_A_XV,0.0,1999,4,17
M_033_A_XV,0.0,1999,4,18
M_033_A_XV,0.0,1999,4,19
M_033_A_XV,0.1117527931928634,1999,4,20
M_033_A_XV,0.91808021068573,1999,4,21
M_033_A_XV,0.4342005345970392,1999,4,22
M_033_A_XV,0.4218818191438913,1999,4,23
M_033_A_XV,0.5924051329493523,1999,4,24
M_033_A_XV,1.5644633397459984,1999,4,25
M_033_A_XV,0.0,1999,4,26
M_033_A_XV,0.033066380303353,1999,4,27
M_033_A_XV,0.011303327511996,1999,4,28
M_033_A_XV,0.0068647456355392,1999,4,29
M_033_A_XV,1.2506222645752132,1999,4,30
M_033_A_XV,3.636281153187156,1999,5,1
M_033_A_XV,5.042026579380035,1999,5,2
M_033_A_XV,0.0014025815762579,1999,5,3
M_033_A_XV,0.0,1999,5,4
M_033_A_XV,0.0,1999,5,5
M_033_A_XV,0.0,1999,5,6
M_033_A_XV,0.0,1999,5,7
M_033_A_XV,0.0,1999,5,8
M_033_A_XV,0.0,1999,5,9
M_033_A_XV,0.0,1999,5,10
M_033_A_XV,0.0,1999,5,11
M_033_A_XV,0.0,1999,5,12
M_033_A_XV,0.0,1999,5,13
M_033_A_XV,0.0,1999,5,14
M_033_A_XV,0.0,1999,5,15
M_033_A_XV,0.0,1999,5,16
M_033_A_XV,0.0,1999,5,17
M_033_A_XV,0.0,1999,5,18
M_033_A_XV,0.0,1999,5,19
M_033_A_XV,0.026966996025294,1999,5,20
M_033_A_XV,0.0068402863980736,1999,5,21
M_033_A_XV,0.0222730026580393,1999,5,22
M_033_A_XV,0.0004675271920859,1999,5,23
M_033_A_XV,0.0,1999,5,24
M_033_A_XV,0.0,1999,5,25
M_033_A_XV,0.0,1999,5,26
M_033_A_XV,0.0,1999,5,27
M_033_A_XV,0.0,1999,5,28
M_033_A_XV,0.0,1999,5,29
M_033_A_XV,0.0,1999,5,30
M_033_A_XV,0.0,1999,5,31
M_033_A_XV,0.0,1999,6,1
M_033_A_XV,0.0,1999,6,2
M_033_A_XV,0.0136827388778328,1999,6,3
M_033_A_XV,0.0686474614776671,1999,6,4
M_033_A_XV,0.0,1999,6,5
M_033_A_XV,0.0,1999,6,6
M_033_A_XV,0.0,1999,6,7
M_033_A_XV,0.0,1999,6,8
M_033_A_XV,0.0,1999,6,9
M_033_A_XV,0.0,1999,6,10
M_033_A_XV,0.0,1999,6,11
M_033_A_XV,0.0,1999,6,12
M_033_A_XV,0.0,1999,6,13
M_033_A_XV,0.0,1999,6,14
M_033_A_XV,0.0,1999,6,15
M_033_A_XV,0.0,1999,6,16
M_033_A_XV,0.0,1999,6,17
M_033_A_XV,0.0,1999,6,18
M_033_A_XV,0.0,1999,6,19
M_033_A_XV,0.0,1999,6,20
M_033_A_XV,0.0,1999,6,21
M_033_A_XV,0.0,1999,6,22
M_033_A_XV,0.0,1999,6,23
M_033_A_XV,0.0,1999,6,24
M_033_A_XV,0.0,1999,6,25
M_033_A_XV,0.0067712403833866,1999,6,26
M_033_A_XV,0.0477014905773103,1999,6,27
M_033_A_XV,0.0,1999,6,28
M_033_A_XV,0.0,1999,6,29
M_033_A_XV,0.0,1999,6,30
M_033_A_XV,0.0,1999,7,1
M_033_A_XV,0.0,1999,7,2
M_033_A_XV,0.0,1999,7,3
M_033_A_XV,0.0,1999,7,4
M_033_A_XV,0.0,1999,7,5
M_033_A_XV,0.0,1999,7,6
M_033_A_XV,0.0,1999,7,7
M_033_A_XV,0.0001402581547154,1999,7,8
M_033_A_XV,0.0006545380601892,1999,7,9
M_033_A_XV,0.0006077853322494,1999,7,10
M_033_A_XV,0.0,1999,7,11
M_033_A_XV,0.0,1999,7,12
M_033_A_XV,0.0,1999,7,13
M_033_A_XV,0.0,1999,7,14
M_033_A_XV,0.0,1999,7,15
M_033_A_XV,0.0,1999,7,16
M_033_A_XV,0.0067712403833866,1999,7,17
M_033_A_XV,0.0472584217786788,1999,7,18
M_033_A_XV,0.0,1999,7,19
M_033_A_XV,0.0,1999,7,20
M_033_A_XV,0.0,1999,7,21
M_033_A_XV,0.0,1999,7,22
M_033_A_XV,0.0001402581547154,1999,7,23
M_033_A_XV,0.0067712403833866,1999,7,24
M_033_A_XV,0.0,1999,7,25
M_033_A_XV,0.0270849615335464,1999,7,26
M_033_A_XV,0.0,1999,7,27
M_033_A_XV,0.0,1999,7,28
M_033_A_XV,0.0,1999,7,29
M_033_A_XV,0.0,1999,7,30
M_033_A_XV,4.67527170258e-05,1999,7,31
M_033_A_XV,0.1361152827739715,1999,8,1
M_033_A_XV,0.6667060852050781,1999,8,2
M_033_A_XV,0.0004675271920859,1999,8,3
M_033_A_XV,0.0,1999,8,4
M_033_A_XV,0.0,1999,8,5
M_033_A_XV,0.0,1999,8,6
M_033_A_XV,0.0,1999,8,7
M_033_A_XV,0.0,1999,8,8
M_033_A_XV,0.0207344945520162,1999,8,9
M_033_A_XV,0.42846754565835,1999,8,10
M_033_A_XV,0.0694422595552168,1999,8,11
M_033_A_XV,0.0,1999,8,12
M_033_A_XV,0.0,1999,8,13
M_033_A_XV,0.0,1999,8,14
M_033_A_XV,0.0,1999,8,15
M_033_A_XV,0.0,1999,8,16
M_033_A_XV,0.0,1999,8,17
M_033_A_XV,0.0,1999,8,18
M_033_A_XV,0.0,1999,8,19
M_033_A_XV,0.0,1999,8,20
M_033_A_XV,0.0,1999,8,21
M_033_A_XV,0.0,1999,8,22
M_033_A_XV,0.0,1999,8,23
M_033_A_XV,0.0,1999,8,24
M_033_A_XV,0.0,1999,8,25
M_033_A_XV,0.0,1999,8,26
M_033_A_XV,0.0,1999,8,27
M_033_A_XV,0.0,1999,8,28
M_033_A_XV,0.0,1999,8,29
M_033_A_XV,0.0,1999,8,30
M_033_A_XV,0.0,1999,8,31
M_033_A_XV,0.068061965983361,1999,9,1
M_033_A_XV,0.0216918429359793,1999,9,2
M_033_A_XV,0.0491486592218279,1999,9,3
M_033_A_XV,0.0500103342346847,1999,9,4
M_033_A_XV,0.0,1999,9,5
M_033_A_XV,0.0,1999,9,6
M_033_A_XV,0.0,1999,9,7
M_033_A_XV,0.0,1999,9,8
M_033_A_XV,0.0,1999,9,9
M_033_A_XV,0.0,1999,9,10
M_033_A_XV,0.0,1999,9,11
M_033_A_XV,0.0,1999,9,12
M_033_A_XV,0.0,1999,9,13
M_033_A_XV,0.0,1999,9,14
M_033_A_XV,0.0,1999,9,15
M_033_A_XV,0.0,1999,9,16
M_033_A_XV,0.0,1999,9,17
M_033_A_XV,0.298566079698503,1999,9,18
M_033_A_XV,2.4145998042076826,1999,9,19
M_033_A_XV,0.2196876662783324,1999,9,20
M_033_A_XV,0.0,1999,9,21
M_033_A_XV,0.0,1999,9,22
M_033_A_XV,0.0,1999,9,23
M_033_A_XV,0.0,1999,9,24
M_033_A_XV,0.0,1999,9,25
M_033_A_XV,0.3567782044410705,1999,9,26
M_033_A_XV,0.6846694105770439,1999,9,27
M_033_A_XV,0.077866293489933,1999,9,28
M_033_A_XV,0.0234022233635187,1999,9,29
M_033_A_XV,0.0067913671955466,1999,9,30
M_033_A_XV,1.9767513275146484,1999,10,1
M_033_A_XV,2.316722020506859,1999,10,2
M_033_A_XV,2.428440630435944,1999,10,3
M_033_A_XV,2.45481950044632,1999,10,4
M_033_A_XV,2.279534831643105,1999,10,5
M_033_A_XV,0.0001870108717412,1999,10,6
M_033_A_XV,0.0004675271920859,1999,10,7
M_033_A_XV,0.2099163569509983,1999,10,8
M_033_A_XV,0.0023376359604299,1999,10,9
M_033_A_XV,0.0099727179367619,1999,10,10
M_033_A_XV,0.0644813785766018,1999,10,11
M_033_A_XV,2.904817201197148,1999,10,12
M_033_A_XV,6.936000168323517,1999,10,13
M_033_A_XV,1.5815797541290522,1999,10,14
M_033_A_XV,0.008036361541599,1999,10,15
M_033_A_XV,6.9046014687e-05,1999,10,16
M_033_A_XV,0.0,1999,10,17
M_033_A_XV,0.0798186585307121,1999,10,18
M_033_A_XV,1.5064431726932526,1999,10,19
M_033_A_XV,0.530299874022603,1999,10,20
M_033_A_XV,1.339223176240921,1999,10,21
M_033_A_XV,0.1322535267099738,1999,10,22
M_033_A_XV,0.0,1999,10,23
M_033_A_XV,0.0,1999,10,24
M_033_A_XV,0.0,1999,10,25
M_033_A_XV,0.0,1999,10,26
M_033_A_XV,0.0,1999,10,27
M_033_A_XV,0.0,1999,10,28
M_033_A_XV,0.0004675271920859,1999,10,29
M_033_A_XV,0.9999219649471344,1999,10,30
M_033_A_XV,1.0945215416140854,1999,10,31
M_033_A_XV,0.0,1999,11,1
M_033_A_XV,0.0032726903446018,1999,11,2
M_033_A_XV,0.0,1999,11,3
M_033_A_XV,0.0,1999,11,4
M_033_A_XV,0.0,1999,11,5
M_033_A_XV,0.0,1999,11,6
M_033_A_XV,0.0,1999,11,7
M_033_A_XV,0.0,1999,11,8
M_033_A_XV,0.1518659594912605,1999,11,9
M_033_A_XV,0.1025580484420061,1999,11,10
M_033_A_XV,0.1009031012654304,1999,11,11
M_033_A_XV,0.0,1999,11,12
M_033_A_XV,0.0090621234849095,1999,11,13
M_033_A_XV,0.3691294708696659,1999,11,14
M_033_A_XV,0.0003272690228186,1999,11,15
M_033_A_XV,0.0024311413872055,1999,11,16
M_033_A_XV,0.0021973777948005,1999,11,17
M_033_A_XV,0.0,1999,11,18
M_033_A_XV,0.0,1999,11,19
M_033_A_XV,0.0,1999,11,20
M_033_A_XV,2.22933012992e-05,1999,11,21
M_033_A_XV,0.0073480678256601,1999,11,22
M_033_A_XV,0.6184319853782654,1999,11,23
M_033_A_XV,0.0006300786044448,1999,11,24
M_033_A_XV,0.0,1999,11,25
M_033_A_XV,0.0,1999,11,26
M_033_A_XV,0.0,1999,11,27
M_033_A_XV,0.0,1999,11,28
M_033_A_XV,0.0,1999,11,29
M_033_A_XV,0.0,1999,11,30
M_033_A_XV,0.0,1999,12,1
M_033_A_XV,0.8626185559551232,1999,12,2
M_033_A_XV,1.255699958652258,1999,12,3
M_033_A_XV,2.3436206728219986,1999,12,4
M_033_A_XV,0.0,1999,12,5
M_033_A_XV,0.0,1999,12,6
M_033_A_XV,0.0,1999,12,7
M_033_A_XV,0.0880728739757614,1999,12,8
M_033_A_XV,3.66309643862769,1999,12,9
M_033_A_XV,0.1963197290897369,1999,12,10
M_033_A_XV,0.0,1999,12,11
M_033_A_XV,0.0,1999,12,12
M_033_A_XV,0.0,1999,12,13
M_033_A_XV,0.0166984708048403,1999,12,14
M_033_A_XV,0.0,1999,12,15
M_033_A_XV,0.0,1999,12,16
M_033_A_XV,0.0,1999,12,17
M_033_A_XV,0.0,1999,12,18
M_033_A_XV,0.0,1999,12,19
M_033_A_XV,7.6912891417741776,1999,12,20
M_033_A_XV,7.657870573922992,1999,12,21
M_033_A_XV,11.709920719265938,1999,12,22
M_033_A_XV,13.897326414939016,1999,12,23
M_033_A_XV,1.0019492339342833,1999,12,24
M_033_A_XV,1.1029566638171673,1999,12,25
M_033_A_XV,0.8371274517849088,1999,12,26
M_033_A_XV,8.004425138235092,1999,12,27
M_033_A_XV,15.30720591545105,1999,12,28
M_033_A_XV,8.03721208870411,1999,12,29
M_033_A_XV,6.622018247842789,1999,12,30
M_033_A_XV,6.0387696623802185,1999,12,31
M_033_A_XV,0.5396108776330948,2000,1,1
M_033_A_XV,6.113398734480143,2000,1,2
M_033_A_XV,6.968993991613388,2000,1,3
M_033_A_XV,0.2051428155973553,2000,1,4
M_033_A_XV,0.9042144268751144,2000,1,5
M_033_A_XV,11.536083959043026,2000,1,6
M_033_A_XV,13.667298316955566,2000,1,7
M_033_A_XV,7.401973776519298,2000,1,8
M_033_A_XV,16.244139313697815,2000,1,9
M_033_A_XV,7.972291797399521,2000,1,10
M_033_A_XV,4.2188626527786255,2000,1,11
M_033_A_XV,8.729357913136482,2000,1,12
M_033_A_XV,7.990179866552353,2000,1,13
M_033_A_XV,4.945570789277554,2000,1,14
M_033_A_XV,4.501695930957794,2000,1,15
M_033_A_XV,6.556292116641998,2000,1,16
M_033_A_XV,7.435331933200359,2000,1,17
M_033_A_XV,3.092722244095057,2000,1,18
M_033_A_XV,2.220755398273468,2000,1,19
M_033_A_XV,8.915553957223892,2000,1,20
M_033_A_XV,8.345235049724579,2000,1,21
M_033_A_XV,5.086047470569611,2000,1,22
M_033_A_XV,4.855979949235916,2000,1,23
M_033_A_XV,10.531111478805542,2000,1,24
M_033_A_XV,6.101287603378296,2000,1,25
M_033_A_XV,14.888796091079712,2000,1,26
M_033_A_XV,4.45399720966816,2000,1,27
M_033_A_XV,10.879533141851423,2000,1,28
M_033_A_XV,8.284467101097107,2000,1,29
M_033_A_XV,1.7306364198157098,2000,1,30
M_033_A_XV,7.590739391744137,2000,1,31
M_033_A_XV,10.736923031508924,2000,2,1
M_033_A_XV,17.76997858285904,2000,2,2
M_033_A_XV,1.5467942506074903,2000,2,3
M_033_A_XV,0.0,2000,2,4
M_033_A_XV,0.0,2000,2,5
M_033_A_XV,0.1609700173139572,2000,2,6
M_033_A_XV,3.950001552700997,2000,2,7
M_033_A_XV,2.632852950133384,2000,2,8
M_033_A_XV,0.0452759395702742,2000,2,9
M_033_A_XV,8.083869250491261,2000,2,10
M_033_A_XV,23.94304847717285,2000,2,11
M_033_A_XV,8.648685574531555,2000,2,12
M_033_A_XV,1.7260939478874209,2000,2,13
M_033_A_XV,6.899113520979881,2000,2,14
M_033_A_XV,6.812155456515029,2000,2,15
M_033_A_XV,2.083946049213409,2000,2,16
M_033_A_XV,4.961009711027145,2000,2,17
M_033_A_XV,5.249896690249443,2000,2,18
M_033_A_XV,4.608917281031609,2000,2,19
M_033_A_XV,9.056257516145706,2000,2,20
M_033_A_XV,9.257941396906972,2000,2,21
M_033_A_XV,12.240489184856417,2000,2,22
M_033_A_XV,15.34061262011528,2000,2,23
M_033_A_XV,10.978851288557053,2000,2,24
M_033_A_XV,11.386884965002537,2000,2,25
M_033_A_XV,3.5170406103134155,2000,2,26
M_033_A_XV,6.236053764820099,2000,2,27
M_033_A_XV,5.38699945807457,2000,2,28
M_033_A_XV,4.464569509029388,2000,2,29
M_033_A_XV,4.367161050438881,2000,3,1
M_033_A_XV,3.505364489275962,2000,3,2
M_033_A_XV,6.473927319049835,2000,3,3
M_033_A_XV,6.783909000456333,2000,3,4
M_033_A_XV,4.130579721182585,2000,3,5
M_033_A_XV,7.329995185136795,2000,3,6
M_033_A_XV,16.011031325906515,2000,3,7
M_033_A_XV,20.284181028604507,2000,3,8
M_033_A_XV,5.519954018294811,2000,3,9
M_033_A_XV,2.394587315618992,2000,3,10
M_033_A_XV,0.6229273714125156,2000,3,11
M_033_A_XV,3.0606343671679497,2000,3,12
M_033_A_XV,0.0074681985133793,2000,3,13
M_033_A_XV,0.0,2000,3,14
M_033_A_XV,0.0002229330129921,2000,3,15
M_033_A_XV,0.0751928389072418,2000,3,16
M_033_A_XV,0.9324625241570176,2000,3,17
M_033_A_XV,7.44672803580761,2000,3,18
M_033_A_XV,3.560862585902214,2000,3,19
M_033_A_XV,0.7253091942984611,2000,3,20
M_033_A_XV,1.287776158656925,2000,3,21
M_033_A_XV,1.408737214282155,2000,3,22
M_033_A_XV,5.950612723827362,2000,3,23
M_033_A_XV,1.968428820371628,2000,3,24
M_033_A_XV,3.85398231446743,2000,3,25
M_033_A_XV,10.815625438466668,2000,3,26
M_033_A_XV,0.3624901110306382,2000,3,27
M_033_A_XV,0.6151206907816231,2000,3,28
M_033_A_XV,3.4238063916563988,2000,3,29
M_033_A_XV,0.1974810510873794,2000,3,30
M_033_A_XV,1.0579273467883468,2000,3,31
M_033_A_XV,0.6816722238436341,2000,4,1
M_033_A_XV,1.385461337864399,2000,4,2
M_033_A_XV,2.26236629486084,2000,4,3
M_033_A_XV,2.4979201555252075,2000,4,4
M_033_A_XV,2.8918554931879044,2000,4,5
M_033_A_XV,3.2814158126711845,2000,4,6
M_033_A_XV,2.447636470198632,2000,4,7
M_033_A_XV,2.951092418283224,2000,4,8
M_033_A_XV,0.2390065938234329,2000,4,9
M_033_A_XV,0.0,2000,4,10
M_033_A_XV,0.0,2000,4,11
M_033_A_XV,0.5840795040130615,2000,4,12
M_033_A_XV,0.4433342698030174,2000,4,13
M_033_A_XV,0.0002229330129921,2000,4,14
M_033_A_XV,1.214475467801094,2000,4,15
M_033_A_XV,3.395383073017001,2000,4,16
M_033_A_XV,0.0,2000,4,17
M_033_A_XV,0.0,2000,4,18
M_033_A_XV,0.0,2000,4,19
M_033_A_XV,0.0,2000,4,20
M_033_A_XV,0.0068647458174382,2000,4,21
M_033_A_XV,1.5920720556750894,2000,4,22
M_033_A_XV,3.329767203889787,2000,4,23
M_033_A_XV,0.0093972971080802,2000,4,24
M_033_A_XV,0.0,2000,4,25
M_033_A_XV,0.0003272690228186,2000,4,26
M_033_A_XV,0.788565753493458,2000,4,27
M_033_A_XV,0.0017146877944469,2000,4,28
M_033_A_XV,0.4803451766129001,2000,4,29
M_033_A_XV,0.0,2000,4,30
M_033_A_XV,0.0,2000,5,1
M_033_A_XV,0.0,2000,5,2
M_033_A_XV,0.0,2000,5,3
M_033_A_XV,0.0,2000,5,4
M_033_A_XV,0.0,2000,5,5
M_033_A_XV,0.0004675271920859,2000,5,6
M_033_A_XV,1.3062647581100464,2000,5,7
M_033_A_XV,1.312159338966012,2000,5,8
M_033_A_XV,2.248360216617584,2000,5,9
M_033_A_XV,0.0,2000,5,10
M_033_A_XV,0.1401000916957855,2000,5,11
M_033_A_XV,0.0046752719208598,2000,5,12
M_033_A_XV,1.1653984859585762,2000,5,13
M_033_A_XV,7.514956593513489,2000,5,14
M_033_A_XV,0.1853300377260893,2000,5,15
M_033_A_XV,0.0,2000,5,16
M_033_A_XV,0.0,2000,5,17
M_033_A_XV,0.0,2000,5,18
M_033_A_XV,0.0,2000,5,19
M_033_A_XV,0.0,2000,5,20
M_033_A_XV,0.0,2000,5,21
M_033_A_XV,0.0,2000,5,22
M_033_A_XV,0.0,2000,5,23
M_033_A_XV,0.0,2000,5,24
M_033_A_XV,0.0,2000,5,25
M_033_A_XV,0.0,2000,5,26
M_033_A_XV,0.0,2000,5,27
M_033_A_XV,0.0,2000,5,28
M_033_A_XV,0.0,2000,5,29
M_033_A_XV,0.0,2000,5,30
M_033_A_XV,0.0,2000,5,31
M_033_A_XV,0.0004458660259842,2000,6,1
M_033_A_XV,0.0685273259878158,2000,6,2
M_033_A_XV,0.0,2000,6,3
M_033_A_XV,0.0,2000,6,4
M_033_A_XV,0.0,2000,6,5
M_033_A_XV,0.0681799352169036,2000,6,6
M_033_A_XV,0.0773937805788591,2000,6,7
M_033_A_XV,0.099617866508197,2000,6,8
M_033_A_XV,0.0712656127288937,2000,6,9
M_033_A_XV,0.0009350543841719,2000,6,10
M_033_A_XV,0.0,2000,6,11
M_033_A_XV,0.0,2000,6,12
M_033_A_XV,0.0,2000,6,13
M_033_A_XV,0.0,2000,6,14
M_033_A_XV,0.0,2000,6,15
M_033_A_XV,0.0,2000,6,16
M_033_A_XV,0.0,2000,6,17
M_033_A_XV,0.0,2000,6,18
M_033_A_XV,0.0,2000,6,19
M_033_A_XV,0.0,2000,6,20
M_033_A_XV,0.0,2000,6,21
M_033_A_XV,0.0,2000,6,22
M_033_A_XV,0.0,2000,6,23
M_033_A_XV,0.0,2000,6,24
M_033_A_XV,0.0,2000,6,25
M_033_A_XV,0.0,2000,6,26
M_033_A_XV,0.0,2000,6,27
M_033_A_XV,0.0,2000,6,28
M_033_A_XV,0.0,2000,6,29
M_033_A_XV,0.0,2000,6,30
M_033_A_XV,0.0,2000,7,1
M_033_A_XV,0.0,2000,7,2
M_033_A_XV,0.0,2000,7,3
M_033_A_XV,0.0,2000,7,4
M_033_A_XV,0.0,2000,7,5
M_033_A_XV,0.0,2000,7,6
M_033_A_XV,0.0,2000,7,7
M_033_A_XV,0.0,2000,7,8
M_033_A_XV,0.0,2000,7,9
M_033_A_XV,0.0,2000,7,10
M_033_A_XV,0.0,2000,7,11
M_033_A_XV,0.0,2000,7,12
M_033_A_XV,0.0,2000,7,13
M_033_A_XV,0.0,2000,7,14
M_033_A_XV,0.0,2000,7,15
M_033_A_XV,0.0,2000,7,16
M_033_A_XV,0.0,2000,7,17
M_033_A_XV,0.0,2000,7,18
M_033_A_XV,0.0845433655194938,2000,7,19
M_033_A_XV,0.0314732193946838,2000,7,20
M_033_A_XV,0.0,2000,7,21
M_033_A_XV,0.0,2000,7,22
M_033_A_XV,0.0,2000,7,23
M_033_A_XV,0.0,2000,7,24
M_033_A_XV,0.0,2000,7,25
M_033_A_XV,0.1386758536100387,2000,7,26
M_033_A_XV,0.0084514115587808,2000,7,27
M_033_A_XV,0.0010285598691552,2000,7,28
M_033_A_XV,0.0,2000,7,29
M_033_A_XV,0.0,2000,7,30
M_033_A_XV,0.0,2000,7,31
M_033_A_XV,0.0,2000,8,1
M_033_A_XV,0.0,2000,8,2
M_033_A_XV,0.0,2000,8,3
M_033_A_XV,0.0,2000,8,4
M_033_A_XV,0.0,2000,8,5
M_033_A_XV,0.0,2000,8,6
M_033_A_XV,0.0,2000,8,7
M_033_A_XV,0.0,2000,8,8
M_033_A_XV,0.0,2000,8,9
M_033_A_XV,0.0009350543841719,2000,8,10
M_033_A_XV,0.0070985093225317,2000,8,11
M_033_A_XV,0.0,2000,8,12
M_033_A_XV,0.0072121415287256,2000,8,13
M_033_A_XV,0.0225333925336599,2000,8,14
M_033_A_XV,0.3954327573010232,2000,8,15
M_033_A_XV,0.2079929830506444,2000,8,16
M_033_A_XV,0.0,2000,8,17
M_033_A_XV,1.1402253359556198,2000,8,18
M_033_A_XV,0.8247035481035709,2000,8,19
M_033_A_XV,0.3581488481722772,2000,8,20
M_033_A_XV,0.6314191427081823,2000,8,21
M_033_A_XV,0.391920568421483,2000,8,22
M_033_A_XV,0.0001402581547154,2000,8,23
M_033_A_XV,0.0068647456355392,2000,8,24
M_033_A_XV,0.0,2000,8,25
M_033_A_XV,0.0,2000,8,26
M_033_A_XV,0.0,2000,8,27
M_033_A_XV,0.0,2000,8,28
M_033_A_XV,0.0,2000,8,29
M_033_A_XV,0.0,2000,8,30
M_033_A_XV,0.0,2000,8,31
M_033_A_XV,0.0004675271920859,2000,9,1
M_033_A_XV,0.0,2000,9,2
M_033_A_XV,0.0,2000,9,3
M_033_A_XV,0.0,2000,9,4
M_033_A_XV,0.0,2000,9,5
M_033_A_XV,0.0,2000,9,6
M_033_A_XV,0.0,2000,9,7
M_033_A_XV,0.0,2000,9,8
M_033_A_XV,0.0,2000,9,9
M_033_A_XV,0.002093041781336,2000,9,10
M_033_A_XV,0.0,2000,9,11
M_033_A_XV,0.0,2000,9,12
M_033_A_XV,0.0,2000,9,13
M_033_A_XV,0.0,2000,9,14
M_033_A_XV,0.0067244875244796,2000,9,15
M_033_A_XV,0.0,2000,9,16
M_033_A_XV,0.0,2000,9,17
M_033_A_XV,0.0,2000,9,18
M_033_A_XV,0.966791920363903,2000,9,19
M_033_A_XV,1.2326974123716354,2000,9,20
M_033_A_XV,0.2787478738464415,2000,9,21
M_033_A_XV,0.9269443284720182,2000,9,22
M_033_A_XV,0.0028051631525158,2000,9,23
M_033_A_XV,0.0,2000,9,24
M_033_A_XV,0.0,2000,9,25
M_033_A_XV,0.0,2000,9,26
M_033_A_XV,0.0,2000,9,27
M_033_A_XV,0.0,2000,9,28
M_033_A_XV,0.0,2000,9,29
M_033_A_XV,0.0218881499022245,2000,9,30
M_033_A_XV,0.0207481232355348,2000,10,1
M_033_A_XV,0.0412222295999527,2000,10,2
M_033_A_XV,0.0986518676836567,2000,10,3
M_033_A_XV,0.0,2000,10,4
M_033_A_XV,0.0,2000,10,5
M_033_A_XV,0.0,2000,10,6
M_033_A_XV,0.0695608556270599,2000,10,7
M_033_A_XV,1.023590739350766,2000,10,8
M_033_A_XV,0.1809770842082798,2000,10,9
M_033_A_XV,0.0102978213690221,2000,10,10
M_033_A_XV,0.0451810483355075,2000,10,11
M_033_A_XV,0.0,2000,10,12
M_033_A_XV,0.0023376359604299,2000,10,13
M_033_A_XV,5.303627595305443,2000,10,14
M_033_A_XV,7.056354463100433,2000,10,15
M_033_A_XV,2.082507088780403,2000,10,16
M_033_A_XV,0.0028051631525158,2000,10,17
M_033_A_XV,2.627845995943062,2000,10,18
M_033_A_XV,4.320266157388687,2000,10,19
M_033_A_XV,6.787919206544757,2000,10,20
M_033_A_XV,7.913116693496704,2000,10,21
M_033_A_XV,0.3669473752379417,2000,10,22
M_033_A_XV,0.0,2000,10,23
M_033_A_XV,0.0,2000,10,24
M_033_A_XV,0.5663865730166435,2000,10,25
M_033_A_XV,0.3377952518385427,2000,10,26
M_033_A_XV,0.7995396559126675,2000,10,27
M_033_A_XV,0.0100553934462368,2000,10,28
M_033_A_XV,0.0,2000,10,29
M_033_A_XV,0.0,2000,10,30
M_033_A_XV,0.0,2000,10,31
M_033_A_XV,0.0,2000,11,1
M_033_A_XV,0.0,2000,11,2
M_033_A_XV,0.0,2000,11,3
M_033_A_XV,0.0,2000,11,4
M_033_A_XV,0.0,2000,11,5
M_033_A_XV,0.0,2000,11,6
M_033_A_XV,0.0,2000,11,7
M_033_A_XV,0.0,2000,11,8
M_033_A_XV,0.0,2000,11,9
M_033_A_XV,0.0,2000,11,10
M_033_A_XV,0.0,2000,11,11
M_033_A_XV,0.0,2000,11,12
M_033_A_XV,0.0,2000,11,13
M_033_A_XV,0.0,2000,11,14
M_033_A_XV,0.0,2000,11,15
M_033_A_XV,0.0,2000,11,16
M_033_A_XV,0.0,2000,11,17
M_033_A_XV,0.0,2000,11,18
M_033_A_XV,0.0,2000,11,19
M_033_A_XV,0.0,2000,11,20
M_033_A_XV,0.0202202145010232,2000,11,21
M_033_A_XV,1.5362989231944084,2000,11,22
M_033_A_XV,5.198828339576721,2000,11,23
M_033_A_XV,1.0412356895394623,2000,11,24
M_033_A_XV,2.559371673502028,2000,11,25
M_033_A_XV,0.0004675271920859,2000,11,26
M_033_A_XV,0.0,2000,11,27
M_033_A_XV,0.4062744379043579,2000,11,28
M_033_A_XV,0.0269914548844099,2000,11,29
M_033_A_XV,0.0,2000,11,30
M_033_A_XV,0.0,2000,12,1
M_033_A_XV,0.0,2000,12,2
M_033_A_XV,0.0,2000,12,3
M_033_A_XV,0.0,2000,12,4
M_033_A_XV,0.0074149477295577,2000,12,5
M_033_A_XV,6.0261110663414,2000,12,6
M_033_A_XV,3.497936874628067,2000,12,7
M_033_A_XV,4.398755311965942,2000,12,8
M_033_A_XV,0.9964548051357268,2000,12,9
M_033_A_XV,3.1378553081303835,2000,12,10
M_033_A_XV,3.450638994574547,2000,12,11
M_033_A_XV,0.0819784682244062,2000,12,12
M_033_A_XV,0.0,2000,12,13
M_033_A_XV,0.0,2000,12,14
M_033_A_XV,0.0,2000,12,15
M_033_A_XV,1.5286613929529267,2000,12,16
M_033_A_XV,2.210462063550949,2000,12,17
M_033_A_XV,5.202530756592751,2000,12,18
M_033_A_XV,0.8459330447949469,2000,12,19
M_033_A_XV,11.597470194101334,2000,12,20
M_033_A_XV,12.487850666046144,2000,12,21
M_033_A_XV,10.377051591873167,2000,12,22
M_033_A_XV,0.8755640462040901,2000,12,23
M_033_A_XV,0.0644267261377535,2000,12,24
M_033_A_XV,1.1537201288156211,2000,12,25
M_033_A_XV,0.2951430447865277,2000,12,26
M_033_A_XV,0.0,2000,12,27
M_033_A_XV,3.380980378016829,2000,12,28
M_033_A_XV,4.179068475961685,2000,12,29
M_033_A_XV,7.171851588413119,2000,12,30
M_033_A_XV,7.957422256469727,2000,12,31
M_033_A_XV,4.420964598655701,2001,1,1
M_033_A_XV,3.60600268561393,2001,1,2
M_033_A_XV,6.802738070487976,2001,1,3
M_033_A_XV,8.75544023513794,2001,1,4
M_033_A_XV,1.717360477428883,2001,1,5
M_033_A_XV,8.339823641814291,2001,1,6
M_033_A_XV,6.028132483363152,2001,1,7
M_033_A_XV,0.5878270193934441,2001,1,8
M_033_A_XV,1.494832430034876,2001,1,9
M_033_A_XV,0.172584350570105,2001,1,10
M_033_A_XV,1.7432231800630689,2001,1,11
M_033_A_XV,13.356603503227234,2001,1,12
M_033_A_XV,0.9137773364782332,2001,1,13
M_033_A_XV,5.03118111519143,2001,1,14
M_033_A_XV,10.928841834887862,2001,1,15
M_033_A_XV,0.1536425650119781,2001,1,16
M_033_A_XV,3.0805478659895016,2001,1,17
M_033_A_XV,2.436679024249316,2001,1,18
M_033_A_XV,10.306896284222605,2001,1,19
M_033_A_XV,8.215832680463791,2001,1,20
M_033_A_XV,8.957444787025452,2001,1,21
M_033_A_XV,8.244171112775803,2001,1,22
M_033_A_XV,19.962554335594177,2001,1,23
M_033_A_XV,10.657733585685492,2001,1,24
M_033_A_XV,15.51736718416214,2001,1,25
M_033_A_XV,10.635478235781193,2001,1,26
M_033_A_XV,19.41018171608448,2001,1,27
M_033_A_XV,14.007078543305395,2001,1,28
M_033_A_XV,9.04153473675251,2001,1,29
M_033_A_XV,20.13594830036164,2001,1,30
M_033_A_XV,8.869335681200027,2001,1,31
M_033_A_XV,30.516624093055725,2001,2,1
M_033_A_XV,4.177621573209763,2001,2,2
M_033_A_XV,11.527524039149284,2001,2,3
M_033_A_XV,9.18238584510982,2001,2,4
M_033_A_XV,2.975536108016968,2001,2,5
M_033_A_XV,1.84787255525589,2001,2,6
M_033_A_XV,3.0721137523651123,2001,2,7
M_033_A_XV,3.0137914419174194,2001,2,8
M_033_A_XV,6.797240287065506,2001,2,9
M_033_A_XV,12.585253447294235,2001,2,10
M_033_A_XV,9.026720762252808,2001,2,11
M_033_A_XV,9.22136852145195,2001,2,12
M_033_A_XV,11.463192850351334,2001,2,13
M_033_A_XV,23.195674180984497,2001,2,14
M_033_A_XV,14.64760422706604,2001,2,15
M_033_A_XV,28.12714785337448,2001,2,16
M_033_A_XV,14.112308263778688,2001,2,17
M_033_A_XV,11.67367273569107,2001,2,18
M_033_A_XV,8.517736047506332,2001,2,19
M_033_A_XV,4.44617272913456,2001,2,20
M_033_A_XV,2.807892409618944,2001,2,21
M_033_A_XV,7.680494487285614,2001,2,22
M_033_A_XV,15.17104995250702,2001,2,23
M_033_A_XV,17.443029820919037,2001,2,24
M_033_A_XV,14.527973800897598,2001,2,25
M_033_A_XV,21.48207151889801,2001,2,26
M_033_A_XV,23.2011194229126,2001,2,27
M_033_A_XV,6.8096919405215885,2001,2,28
M_033_A_XV,3.750185251235962,2001,3,1
M_033_A_XV,5.866350303869695,2001,3,2
M_033_A_XV,18.19498246908188,2001,3,3
M_033_A_XV,7.835394412279129,2001,3,4
M_033_A_XV,19.29299294948578,2001,3,5
M_033_A_XV,3.526608757998474,2001,3,6
M_033_A_XV,4.753572940826416,2001,3,7
M_033_A_XV,5.084505036473274,2001,3,8
M_033_A_XV,13.099014401435852,2001,3,9
M_033_A_XV,7.622258752584457,2001,3,10
M_033_A_XV,25.20455658435821,2001,3,11
M_033_A_XV,2.8924277839250863,2001,3,12
M_033_A_XV,1.7113646417856216,2001,3,13
M_033_A_XV,5.2739497423172,2001,3,14
M_033_A_XV,16.923601150512695,2001,3,15
M_033_A_XV,4.819807752966881,2001,3,16
M_033_A_XV,7.273410186171532,2001,3,17
M_033_A_XV,9.069973692297935,2001,3,18
M_033_A_XV,9.986794769763948,2001,3,19
M_033_A_XV,14.42320129275322,2001,3,20
M_033_A_XV,11.132155001163484,2001,3,21
M_033_A_XV,0.2840012374799698,2001,3,22
M_033_A_XV,0.0003566928207874,2001,3,23
M_033_A_XV,0.0,2001,3,24
M_033_A_XV,1.1080338060855863,2001,3,25
M_033_A_XV,0.0042077447287738,2001,3,26
M_033_A_XV,0.011773781850934,2001,3,27
M_033_A_XV,0.0,2001,3,28
M_033_A_XV,0.0072855199687182,2001,3,29
M_033_A_XV,0.0945247556082904,2001,3,30
M_033_A_XV,0.0009350543841719,2001,3,31
M_033_A_XV,0.0074804350733757,2001,4,1
M_033_A_XV,2.030836535617709,2001,4,2
M_033_A_XV,1.2481450084596872,2001,4,3
M_033_A_XV,0.620969831943512,2001,4,4
M_033_A_XV,0.8276671278290451,2001,4,5
M_033_A_XV,5.568816766142845,2001,4,6
M_033_A_XV,12.379120767116548,2001,4,7
M_033_A_XV,7.302746534347534,2001,4,8
M_033_A_XV,9.520318925380709,2001,4,9
M_033_A_XV,1.7445894181728363,2001,4,10
M_033_A_XV,4.279233555775136,2001,4,11
M_033_A_XV,1.197080373764038,2001,4,12
M_033_A_XV,1.2646711766719818,2001,4,13
M_033_A_XV,1.4154151380062103,2001,4,14
M_033_A_XV,0.2689795196056366,2001,4,15
M_033_A_XV,0.0,2001,4,16
M_033_A_XV,0.0,2001,4,17
M_033_A_XV,0.0,2001,4,18
M_033_A_XV,0.0084543377161026,2001,4,19
M_033_A_XV,0.0068647456355392,2001,4,20
M_033_A_XV,0.0,2001,4,21
M_033_A_XV,0.0,2001,4,22
M_033_A_XV,0.0,2001,4,23
M_033_A_XV,0.0,2001,4,24
M_033_A_XV,0.0,2001,4,25
M_033_A_XV,0.0,2001,4,26
M_033_A_XV,0.0,2001,4,27
M_033_A_XV,1.641854591667652,2001,4,28
M_033_A_XV,0.5489286029624054,2001,4,29
M_033_A_XV,0.0695825135335326,2001,4,30
M_033_A_XV,0.0,2001,5,1
M_033_A_XV,0.0014025815762579,2001,5,2
M_033_A_XV,0.0038804756914032,2001,5,3
M_033_A_XV,0.474454338196665,2001,5,4
M_033_A_XV,2.636406123638153,2001,5,5
M_033_A_XV,0.1777511518448591,2001,5,6
M_033_A_XV,0.0,2001,5,7
M_033_A_XV,0.0,2001,5,8
M_033_A_XV,0.0,2001,5,9
M_033_A_XV,0.0,2001,5,10
M_033_A_XV,0.0,2001,5,11
M_033_A_XV,0.0,2001,5,12
M_033_A_XV,0.0,2001,5,13
M_033_A_XV,0.0085478434339165,2001,5,14
M_033_A_XV,0.2787109627388417,2001,5,15
M_033_A_XV,0.0,2001,5,16
M_033_A_XV,0.0,2001,5,17
M_033_A_XV,0.0003272690228186,2001,5,18
M_033_A_XV,0.1372949206270277,2001,5,19
M_033_A_XV,0.0007480435015168,2001,5,20
M_033_A_XV,0.0,2001,5,21
M_033_A_XV,0.0,2001,5,22
M_033_A_XV,0.0,2001,5,23
M_033_A_XV,0.0,2001,5,24
M_033_A_XV,0.0,2001,5,25
M_033_A_XV,0.0,2001,5,26
M_033_A_XV,0.0,2001,5,27
M_033_A_XV,0.0,2001,5,28
M_033_A_XV,0.0,2001,5,29
M_033_A_XV,0.0,2001,5,30
M_033_A_XV,0.0,2001,5,31
M_033_A_XV,0.0,2001,6,1
M_033_A_XV,0.0,2001,6,2
M_033_A_XV,0.0,2001,6,3
M_033_A_XV,0.0,2001,6,4
M_033_A_XV,0.0,2001,6,5
M_033_A_XV,0.0,2001,6,6
M_033_A_XV,0.0,2001,6,7
M_033_A_XV,0.0,2001,6,8
M_033_A_XV,0.0,2001,6,9
M_033_A_XV,0.0,2001,6,10
M_033_A_XV,0.0,2001,6,11
M_033_A_XV,0.0,2001,6,12
M_033_A_XV,0.0,2001,6,13
M_033_A_XV,0.0,2001,6,14
M_033_A_XV,0.0,2001,6,15
M_033_A_XV,0.0,2001,6,16
M_033_A_XV,0.0,2001,6,17
M_033_A_XV,0.0,2001,6,18
M_033_A_XV,0.0,2001,6,19
M_033_A_XV,0.0,2001,6,20
M_033_A_XV,0.0,2001,6,21
M_033_A_XV,0.0011623196769505,2001,6,22
M_033_A_XV,0.0014025815762579,2001,6,23
M_033_A_XV,0.0,2001,6,24
M_033_A_XV,0.0,2001,6,25
M_033_A_XV,0.0,2001,6,26
M_033_A_XV,0.1431311108171939,2001,6,27
M_033_A_XV,1.889646674040705,2001,6,28
M_033_A_XV,0.0,2001,6,29
M_033_A_XV,0.0008883016416803,2001,6,30
M_033_A_XV,0.0001870108681032,2001,7,1
M_033_A_XV,0.0,2001,7,2
M_033_A_XV,0.0,2001,7,3
M_033_A_XV,0.0,2001,7,4
M_033_A_XV,0.0011579873971641,2001,7,5
M_033_A_XV,2.1612430065870285,2001,7,6
M_033_A_XV,0.1884558503516018,2001,7,7
M_033_A_XV,0.0088974060490727,2001,7,8
M_033_A_XV,0.0,2001,7,9
M_033_A_XV,0.0,2001,7,10
M_033_A_XV,0.0,2001,7,11
M_033_A_XV,0.0,2001,7,12
M_033_A_XV,0.0,2001,7,13
M_033_A_XV,0.0,2001,7,14
M_033_A_XV,0.0,2001,7,15
M_033_A_XV,0.0,2001,7,16
M_033_A_XV,0.0,2001,7,17
M_033_A_XV,0.0,2001,7,18
M_033_A_XV,0.0,2001,7,19
M_033_A_XV,0.0,2001,7,20
M_033_A_XV,0.0,2001,7,21
M_033_A_XV,0.0,2001,7,22
M_033_A_XV,0.0,2001,7,23
M_033_A_XV,0.0,2001,7,24
M_033_A_XV,0.0,2001,7,25
M_033_A_XV,0.0,2001,7,26
M_033_A_XV,0.0,2001,7,27
M_033_A_XV,0.0,2001,7,28
M_033_A_XV,0.0,2001,7,29
M_033_A_XV,0.0,2001,7,30
M_033_A_XV,0.0,2001,7,31
M_033_A_XV,0.023749615997076,2001,8,1
M_033_A_XV,0.0,2001,8,2
M_033_A_XV,0.0,2001,8,3
M_033_A_XV,0.0,2001,8,4
M_033_A_XV,0.0,2001,8,5
M_033_A_XV,0.0,2001,8,6
M_033_A_XV,0.0005142799091117,2001,8,7
M_033_A_XV,0.0,2001,8,8
M_033_A_XV,0.0202669672180491,2001,8,9
M_033_A_XV,0.0004675271920859,2001,8,10
M_033_A_XV,0.0067244875244796,2001,8,11
M_033_A_XV,0.0004675271920859,2001,8,12
M_033_A_XV,0.0,2001,8,13
M_033_A_XV,0.0,2001,8,14
M_033_A_XV,0.0309344795532524,2001,8,15
M_033_A_XV,1.3506226390600204,2001,8,16
M_033_A_XV,2.1677620857954025,2001,8,17
M_033_A_XV,0.0002805163094308,2001,8,18
M_033_A_XV,0.0056103263050317,2001,8,19
M_033_A_XV,4.396752981469035,2001,8,20
M_033_A_XV,6.245492249727249,2001,8,21
M_033_A_XV,1.7845459580421448,2001,8,22
M_033_A_XV,0.0004675271920859,2001,8,23
M_033_A_XV,0.0,2001,8,24
M_033_A_XV,0.0,2001,8,25
M_033_A_XV,0.0,2001,8,26
M_033_A_XV,0.0,2001,8,27
M_033_A_XV,0.0,2001,8,28
M_033_A_XV,0.0,2001,8,29
M_033_A_XV,0.0677124038338661,2001,8,30
M_033_A_XV,0.662130668759346,2001,8,31
M_033_A_XV,0.9518934488296508,2001,9,1
M_033_A_XV,4.67527170258e-05,2001,9,2
M_033_A_XV,0.2801785171031952,2001,9,3
M_033_A_XV,1.572993299458176,2001,9,4
M_033_A_XV,0.9878776296973228,2001,9,5
M_033_A_XV,2.6320164799690247,2001,9,6
M_033_A_XV,0.100431203842163,2001,9,7
M_033_A_XV,0.5041380524635315,2001,9,8
M_033_A_XV,2.204165071249008,2001,9,9
M_033_A_XV,0.73969367146492,2001,9,10
M_033_A_XV,3.878179533407092,2001,9,11
M_033_A_XV,0.8157999026589096,2001,9,12
M_033_A_XV,4.67527170258e-05,2001,9,13
M_033_A_XV,0.0,2001,9,14
M_033_A_XV,0.0,2001,9,15
M_033_A_XV,0.0,2001,9,16
M_033_A_XV,0.0,2001,9,17
M_033_A_XV,0.0,2001,9,18
M_033_A_XV,0.0,2001,9,19
M_033_A_XV,0.055895438461448,2001,9,20
M_033_A_XV,0.0,2001,9,21
M_033_A_XV,0.0004675271920859,2001,9,22
M_033_A_XV,0.0,2001,9,23
M_033_A_XV,0.0,2001,9,24
M_033_A_XV,0.0,2001,9,25
M_033_A_XV,0.0,2001,9,26
M_033_A_XV,0.0,2001,9,27
M_033_A_XV,0.0,2001,9,28
M_033_A_XV,0.0,2001,9,29
M_033_A_XV,0.0,2001,9,30
M_033_A_XV,0.0,2001,10,1
M_033_A_XV,0.0,2001,10,2
M_033_A_XV,0.0004675271920859,2001,10,3
M_033_A_XV,0.1419701906852424,2001,10,4
M_033_A_XV,4.858445912599564,2001,10,5
M_033_A_XV,8.262638509273529,2001,10,6
M_033_A_XV,0.0001870108681032,2001,10,7
M_033_A_XV,0.0,2001,10,8
M_033_A_XV,0.0,2001,10,9
M_033_A_XV,0.0,2001,10,10
M_033_A_XV,0.0,2001,10,11
M_033_A_XV,0.0018701087683439,2001,10,12
M_033_A_XV,0.0,2001,10,13
M_033_A_XV,0.0,2001,10,14
M_033_A_XV,0.0,2001,10,15
M_033_A_XV,0.0249177813529968,2001,10,16
M_033_A_XV,0.1287628789432346,2001,10,17
M_033_A_XV,0.0,2001,10,18
M_033_A_XV,0.0,2001,10,19
M_033_A_XV,0.0,2001,10,20
M_033_A_XV,0.0,2001,10,21
M_033_A_XV,0.0,2001,10,22
M_033_A_XV,0.0007681706665607,2001,10,23
M_033_A_XV,0.4603987013979349,2001,10,24
M_033_A_XV,0.9422108647413552,2001,10,25
M_033_A_XV,0.0690499991178512,2001,10,26
M_033_A_XV,2.5950957238674164,2001,10,27
M_033_A_XV,0.0470325639907969,2001,10,28
M_033_A_XV,0.0,2001,10,29
M_033_A_XV,0.0626710206270217,2001,10,30
M_033_A_XV,7.16190617531538,2001,10,31
M_033_A_XV,5.500630289316177,2001,11,1
M_033_A_XV,0.1411710716784,2001,11,2
M_033_A_XV,0.0,2001,11,3
M_033_A_XV,0.0,2001,11,4
M_033_A_XV,0.0005142799091117,2001,11,5
M_033_A_XV,0.0004675271920859,2001,11,6
M_033_A_XV,0.0,2001,11,7
M_033_A_XV,1.6501572839915752,2001,11,8
M_033_A_XV,0.2360603995621204,2001,11,9
M_033_A_XV,0.0,2001,11,10
M_033_A_XV,0.0,2001,11,11
M_033_A_XV,0.0,2001,11,12
M_033_A_XV,0.0,2001,11,13
M_033_A_XV,0.0,2001,11,14
M_033_A_XV,0.0,2001,11,15
M_033_A_XV,0.0,2001,11,16
M_033_A_XV,0.0,2001,11,17
M_033_A_XV,0.0,2001,11,18
M_033_A_XV,0.0,2001,11,19
M_033_A_XV,0.0031804491300135,2001,11,20
M_033_A_XV,3.5669449486304075,2001,11,21
M_033_A_XV,11.26974794268608,2001,11,22
M_033_A_XV,5.142376869916916,2001,11,23
M_033_A_XV,2.7960398867726326,2001,11,24
M_033_A_XV,0.3003375008702278,2001,11,25
M_033_A_XV,2.2479935833252966,2001,11,26
M_033_A_XV,7.280754208564758,2001,11,27
M_033_A_XV,3.461932837963104,2001,11,28
M_033_A_XV,0.9672545194625854,2001,11,29
M_033_A_XV,0.0,2001,11,30
M_033_A_XV,0.0,2001,12,1
M_033_A_XV,0.0717114751168992,2001,12,2
M_033_A_XV,0.0,2001,12,3
M_033_A_XV,0.0,2001,12,4
M_033_A_XV,0.0,2001,12,5
M_033_A_XV,0.6916015148162842,2001,12,6
M_033_A_XV,0.751701180357486,2001,12,7
M_033_A_XV,0.463989645242691,2001,12,8
M_033_A_XV,0.1755847036838531,2001,12,9
M_033_A_XV,0.0068647456355392,2001,12,10
M_033_A_XV,0.0,2001,12,11
M_033_A_XV,0.674786388874054,2001,12,12
M_033_A_XV,1.4400193020701408,2001,12,13
M_033_A_XV,3.6682116836309433,2001,12,14
M_033_A_XV,3.679826393723488,2001,12,15
M_033_A_XV,6.684463560581207,2001,12,16
M_033_A_XV,22.32585108280182,2001,12,17
M_033_A_XV,16.790882229804993,2001,12,18
M_033_A_XV,0.6331900171935558,2001,12,19
M_033_A_XV,0.015428396873176,2001,12,20
M_033_A_XV,0.0,2001,12,21
M_033_A_XV,1.2298517422750592,2001,12,22
M_033_A_XV,1.9068197598098773,2001,12,23
M_033_A_XV,0.2415255061350762,2001,12,24
M_033_A_XV,0.509828832000494,2001,12,25
M_033_A_XV,0.8350471393205225,2001,12,26
M_033_A_XV,0.0,2001,12,27
M_033_A_XV,2.346489191055298,2001,12,28
M_033_A_XV,16.60002326965332,2001,12,29
M_033_A_XV,2.4067834988236427,2001,12,30
M_033_A_XV,0.0,2001,12,31
M_033_A_XV,0.0,2002,1,1
M_033_A_XV,0.7825291752815247,2002,1,2
M_033_A_XV,1.4859735745449143,2002,1,3
M_033_A_XV,0.0,2002,1,4
M_033_A_XV,0.0,2002,1,5
M_033_A_XV,0.0,2002,1,6
M_033_A_XV,0.0,2002,1,7
M_033_A_XV,0.0,2002,1,8
M_033_A_XV,0.0011579873971641,2002,1,9
M_033_A_XV,3.9964390504173934,2002,1,10
M_033_A_XV,2.56189177185297,2002,1,11
M_033_A_XV,2.918243885040283,2002,1,12
M_033_A_XV,0.0018484476022422,2002,1,13
M_033_A_XV,0.5796874165534973,2002,1,14
M_033_A_XV,11.350930988788605,2002,1,15
M_033_A_XV,0.9702395796775818,2002,1,16
M_033_A_XV,0.0014025815762579,2002,1,17
M_033_A_XV,5.4016110599040985,2002,1,18
M_033_A_XV,1.8126894533634184,2002,1,19
M_033_A_XV,1.5751295466907322,2002,1,20
M_033_A_XV,7.107885479927063,2002,1,21
M_033_A_XV,6.669189691543579,2002,1,22
M_033_A_XV,11.49162209033966,2002,1,23
M_033_A_XV,7.126617431640625,2002,1,24
M_033_A_XV,5.522868664935231,2002,1,25
M_033_A_XV,7.137670159339905,2002,1,26
M_033_A_XV,8.884984791278839,2002,1,27
M_033_A_XV,3.897729828953743,2002,1,28
M_033_A_XV,3.0013651102781296,2002,1,29
M_033_A_XV,3.761697694659233,2002,1,30
M_033_A_XV,4.954661202151328,2002,1,31
M_033_A_XV,16.092124089598656,2002,2,1
M_033_A_XV,19.30350992083549,2002,2,2
M_033_A_XV,21.75340700149536,2002,2,3
M_033_A_XV,26.94463539123535,2002,2,4
M_033_A_XV,12.95447599887848,2002,2,5
M_033_A_XV,9.74533474445343,2002,2,6
M_033_A_XV,2.400494299829006,2002,2,7
M_033_A_XV,0.314462661743164,2002,2,8
M_033_A_XV,1.5428759008646011,2002,2,9
M_033_A_XV,3.5178916975855827,2002,2,10
M_033_A_XV,21.3970947265625,2002,2,11
M_033_A_XV,15.359820485115051,2002,2,12
M_033_A_XV,14.930243730545044,2002,2,13
M_033_A_XV,16.737229108810425,2002,2,14
M_033_A_XV,10.805865913629532,2002,2,15
M_033_A_XV,12.19897609949112,2002,2,16
M_033_A_XV,14.135751783847809,2002,2,17
M_033_A_XV,13.446866631507874,2002,2,18
M_033_A_XV,3.026959165930748,2002,2,19
M_033_A_XV,1.0782556384801865,2002,2,20
M_033_A_XV,0.0232597747817635,2002,2,21
M_033_A_XV,0.0,2002,2,22
M_033_A_XV,0.1334949620068073,2002,2,23
M_033_A_XV,4.804246656596661,2002,2,24
M_033_A_XV,8.866429448127747,2002,2,25
M_033_A_XV,11.727454662322998,2002,2,26
M_033_A_XV,3.2186030596494675,2002,2,27
M_033_A_XV,3.760007105767727,2002,2,28
M_033_A_XV,2.7274143621325493,2002,3,1
M_033_A_XV,16.00111934542656,2002,3,2
M_033_A_XV,10.273928701877594,2002,3,3
M_033_A_XV,2.727571353316307,2002,3,4
M_033_A_XV,1.2705569714307785,2002,3,5
M_033_A_XV,9.05183233320713,2002,3,6
M_033_A_XV,14.928196653723717,2002,3,7
M_033_A_XV,6.786023907363415,2002,3,8
M_033_A_XV,20.51716811209917,2002,3,9
M_033_A_XV,11.05923357605934,2002,3,10
M_033_A_XV,1.9774550199508667,2002,3,11
M_033_A_XV,5.183190010488033,2002,3,12
M_033_A_XV,7.199899842962623,2002,3,13
M_033_A_XV,7.705155044794083,2002,3,14
M_033_A_XV,5.081587076187134,2002,3,15
M_033_A_XV,7.465219680219889,2002,3,16
M_033_A_XV,5.112135127186775,2002,3,17
M_033_A_XV,0.0235870666801929,2002,3,18
M_033_A_XV,0.0,2002,3,19
M_033_A_XV,2.498249053955078,2002,3,20
M_033_A_XV,5.446762688457966,2002,3,21
M_033_A_XV,7.498000502586365,2002,3,22
M_033_A_XV,3.796558767557144,2002,3,23
M_033_A_XV,1.994157302193344,2002,3,24
M_033_A_XV,2.10000335238874,2002,3,25
M_033_A_XV,2.1829324066638947,2002,3,26
M_033_A_XV,3.647146582603455,2002,3,27
M_033_A_XV,1.1933200359344482,2002,3,28
M_033_A_XV,1.4635342257097363,2002,3,29
M_033_A_XV,2.933559272438288,2002,3,30
M_033_A_XV,3.693129427731037,2002,3,31
M_033_A_XV,0.3395349234342575,2002,4,1
M_033_A_XV,0.0,2002,4,2
M_033_A_XV,4.440675735473633,2002,4,3
M_033_A_XV,5.312602996826172,2002,4,4
M_033_A_XV,3.4819622337818146,2002,4,5
M_033_A_XV,0.0078767500817775,2002,4,6
M_033_A_XV,0.3472228571772575,2002,4,7
M_033_A_XV,1.9658673033118248,2002,4,8
M_033_A_XV,1.561797708272934,2002,4,9
M_033_A_XV,3.638714760541916,2002,4,10
M_033_A_XV,3.693095564376563,2002,4,11
M_033_A_XV,8.712892532348633,2002,4,12
M_033_A_XV,4.483601562678814,2002,4,13
M_033_A_XV,7.609330162405968,2002,4,14
M_033_A_XV,3.2624166011810303,2002,4,15
M_033_A_XV,8.71489405632019,2002,4,16
M_033_A_XV,6.542937636375427,2002,4,17
M_033_A_XV,3.890218496322632,2002,4,18
M_033_A_XV,3.672427654266357,2002,4,19
M_033_A_XV,2.7868517651222646,2002,4,20
M_033_A_XV,9.417526960372925,2002,4,21
M_033_A_XV,11.053236961364746,2002,4,22
M_033_A_XV,6.202709205448628,2002,4,23
M_033_A_XV,0.0,2002,4,24
M_033_A_XV,0.7909884679575043,2002,4,25
M_033_A_XV,3.987142324447632,2002,4,26
M_033_A_XV,4.048833221197128,2002,4,27
M_033_A_XV,0.9282812559977174,2002,4,28
M_033_A_XV,0.0,2002,4,29
M_033_A_XV,0.0,2002,4,30
M_033_A_XV,0.0672448799014091,2002,5,1
M_033_A_XV,0.4397098422050476,2002,5,2
M_033_A_XV,0.1941325683146715,2002,5,3
M_033_A_XV,1.7919916585087776,2002,5,4
M_033_A_XV,0.3096827855333686,2002,5,5
M_033_A_XV,1.2611560821533203,2002,5,6
M_033_A_XV,0.4407833884470165,2002,5,7
M_033_A_XV,0.0,2002,5,8
M_033_A_XV,0.2717846930027008,2002,5,9
M_033_A_XV,0.2741223275661468,2002,5,10
M_033_A_XV,0.0902702584862709,2002,5,11
M_033_A_XV,0.0705175730399787,2002,5,12
M_033_A_XV,3.0228602588176727,2002,5,13
M_033_A_XV,2.613033330999315,2002,5,14
M_033_A_XV,0.0009350543841719,2002,5,15
M_033_A_XV,0.0028051631525158,2002,5,16
M_033_A_XV,0.0,2002,5,17
M_033_A_XV,0.0,2002,5,18
M_033_A_XV,0.0,2002,5,19
M_033_A_XV,0.0,2002,5,20
M_033_A_XV,0.0,2002,5,21
M_033_A_XV,0.0,2002,5,22
M_033_A_XV,0.0,2002,5,23
M_033_A_XV,0.0203360151499509,2002,5,24
M_033_A_XV,0.4160058763809502,2002,5,25
M_033_A_XV,0.3401487017981708,2002,5,26
M_033_A_XV,0.0,2002,5,27
M_033_A_XV,0.0,2002,5,28
M_033_A_XV,0.0,2002,5,29
M_033_A_XV,0.0,2002,5,30
M_033_A_XV,0.0,2002,5,31
M_033_A_XV,0.0,2002,6,1
M_033_A_XV,0.0,2002,6,2
M_033_A_XV,0.0,2002,6,3
M_033_A_XV,0.0,2002,6,4
M_033_A_XV,0.0,2002,6,5
M_033_A_XV,0.0,2002,6,6
M_033_A_XV,0.0,2002,6,7
M_033_A_XV,0.0,2002,6,8
M_033_A_XV,0.0,2002,6,9
M_033_A_XV,0.0,2002,6,10
M_033_A_XV,0.0,2002,6,11
M_033_A_XV,0.0,2002,6,12
M_033_A_XV,0.0,2002,6,13
M_033_A_XV,0.0,2002,6,14
M_033_A_XV,0.0,2002,6,15
M_033_A_XV,4.67527170258e-05,2002,6,16
M_033_A_XV,0.0,2002,6,17
M_033_A_XV,0.0,2002,6,18
M_033_A_XV,0.0,2002,6,19
M_033_A_XV,0.0,2002,6,20
M_033_A_XV,0.0,2002,6,21
M_033_A_XV,0.0004675271920859,2002,6,22
M_033_A_XV,0.0,2002,6,23
M_033_A_XV,0.0001870108717412,2002,6,24
M_033_A_XV,4.67527170258e-05,2002,6,25
M_033_A_XV,0.0004675271920859,2002,6,26
M_033_A_XV,0.5643231901340187,2002,6,27
M_033_A_XV,0.2614435516297817,2002,6,28
M_033_A_XV,0.7573946812190115,2002,6,29
M_033_A_XV,1.8966725766658783,2002,6,30
M_033_A_XV,0.7091453969478607,2002,7,1
M_033_A_XV,0.978815346956253,2002,7,2
M_033_A_XV,6.687913119792938,2002,7,3
M_033_A_XV,0.151024404913187,2002,7,4
M_033_A_XV,0.0,2002,7,5
M_033_A_XV,0.0,2002,7,6
M_033_A_XV,0.0,2002,7,7
M_033_A_XV,0.0,2002,7,8
M_033_A_XV,0.0,2002,7,9
M_033_A_XV,0.5127027332782745,2002,7,10
M_033_A_XV,6.251190885901451,2002,7,11
M_033_A_XV,0.011513392906636,2002,7,12
M_033_A_XV,0.0938082943175686,2002,7,13
M_033_A_XV,0.0780971073545515,2002,7,14
M_033_A_XV,0.0,2002,7,15
M_033_A_XV,0.0258534662425518,2002,7,16
M_033_A_XV,3.0990138482302427,2002,7,17
M_033_A_XV,0.0058908426144625,2002,7,18
M_033_A_XV,0.0,2002,7,19
M_033_A_XV,0.0,2002,7,20
M_033_A_XV,0.0,2002,7,21
M_033_A_XV,0.0,2002,7,22
M_033_A_XV,0.0,2002,7,23
M_033_A_XV,0.0,2002,7,24
M_033_A_XV,0.0001402581547154,2002,7,25
M_033_A_XV,0.0,2002,7,26
M_033_A_XV,0.0,2002,7,27
M_033_A_XV,6.973650231957436,2002,7,28
M_033_A_XV,0.7390051782131195,2002,7,29
M_033_A_XV,0.0,2002,7,30
M_033_A_XV,0.0,2002,7,31
M_033_A_XV,0.0,2002,8,1
M_033_A_XV,0.0,2002,8,2
M_033_A_XV,0.1594075411558151,2002,8,3
M_033_A_XV,0.0068647456355392,2002,8,4
M_033_A_XV,0.0,2002,8,5
M_033_A_XV,0.0004675271920859,2002,8,6
M_033_A_XV,0.1387334336468484,2002,8,7
M_033_A_XV,0.4661316331475973,2002,8,8
M_033_A_XV,0.747243130204879,2002,8,9
M_033_A_XV,0.0698967891657957,2002,8,10
M_033_A_XV,0.0676907491870224,2002,8,11
M_033_A_XV,0.2714967653155327,2002,8,12
M_033_A_XV,0.4417172917164862,2002,8,13
M_033_A_XV,0.0973421327653341,2002,8,14
M_033_A_XV,0.0240294798277318,2002,8,15
M_033_A_XV,0.7729332521557808,2002,8,16
M_033_A_XV,0.1510625081136822,2002,8,17
M_033_A_XV,0.0,2002,8,18
M_033_A_XV,0.0,2002,8,19
M_033_A_XV,0.0,2002,8,20
M_033_A_XV,0.0,2002,8,21
M_033_A_XV,0.0,2002,8,22
M_033_A_XV,0.0,2002,8,23
M_033_A_XV,0.0,2002,8,24
M_033_A_XV,0.0281760673969984,2002,8,25
M_033_A_XV,0.854969248175621,2002,8,26
M_033_A_XV,1.573172926902771,2002,8,27
M_033_A_XV,0.0,2002,8,28
M_033_A_XV,0.0,2002,8,29
M_033_A_XV,0.0,2002,8,30
M_033_A_XV,0.0078688459470868,2002,8,31
M_033_A_XV,0.069114985410124,2002,9,1
M_033_A_XV,0.2796243485063314,2002,9,2
M_033_A_XV,0.0234086960554122,2002,9,3
M_033_A_XV,0.0045133525854907,2002,9,4
M_033_A_XV,0.0,2002,9,5
M_033_A_XV,0.0,2002,9,6
M_033_A_XV,0.0,2002,9,7
M_033_A_XV,0.0009350543841719,2002,9,8
M_033_A_XV,1.0917724361643195,2002,9,9
M_033_A_XV,2.872494488954544,2002,9,10
M_033_A_XV,0.4697788460180163,2002,9,11
M_033_A_XV,0.0497765727341175,2002,9,12
M_033_A_XV,0.0868751588277518,2002,9,13
M_033_A_XV,0.0,2002,9,14
M_033_A_XV,0.0,2002,9,15
M_033_A_XV,0.0,2002,9,16
M_033_A_XV,0.0027835019864141,2002,9,17
M_033_A_XV,0.5020704790949821,2002,9,18
M_033_A_XV,0.0691509117314126,2002,9,19
M_033_A_XV,0.0,2002,9,20
M_033_A_XV,0.0,2002,9,21
M_033_A_XV,0.0,2002,9,22
M_033_A_XV,0.0,2002,9,23
M_033_A_XV,0.0,2002,9,24
M_033_A_XV,0.0,2002,9,25
M_033_A_XV,0.0,2002,9,26
M_033_A_XV,0.2787759304046631,2002,9,27
M_033_A_XV,1.6963835107162597,2002,9,28
M_033_A_XV,3.931889027357101,2002,9,29
M_033_A_XV,0.0067244875244796,2002,9,30
M_033_A_XV,0.1358923465013504,2002,10,1
M_033_A_XV,0.2323446300324576,2002,10,2
M_033_A_XV,1.72914045676589,2002,10,3
M_033_A_XV,2.010029122233391,2002,10,4
M_033_A_XV,1.5938036581501365,2002,10,5
M_033_A_XV,0.0541208745853509,2002,10,6
M_033_A_XV,0.0009133932180702,2002,10,7
M_033_A_XV,3.898839354515076,2002,10,8
M_033_A_XV,9.641039609909058,2002,10,9
M_033_A_XV,0.5321333007887006,2002,10,10
M_033_A_XV,0.0,2002,10,11
M_033_A_XV,1.4905645549297333,2002,10,12
M_033_A_XV,5.157467603683472,2002,10,13
M_033_A_XV,0.0,2002,10,14
M_033_A_XV,0.0672448799014091,2002,10,15
M_033_A_XV,0.7981649860739708,2002,10,16
M_033_A_XV,3.597256941720844,2002,10,17
M_033_A_XV,0.0,2002,10,18
M_033_A_XV,0.0,2002,10,19
M_033_A_XV,0.0,2002,10,20
M_033_A_XV,0.9491286861011758,2002,10,21
M_033_A_XV,10.609530329704285,2002,10,22
M_033_A_XV,5.000970840454102,2002,10,23
M_033_A_XV,1.3115874361246824,2002,10,24
M_033_A_XV,2.7052887976169586,2002,10,25
M_033_A_XV,0.1490608006715774,2002,10,26
M_033_A_XV,0.0,2002,10,27
M_033_A_XV,0.0,2002,10,28
M_033_A_XV,0.0018701087683439,2002,10,29
M_033_A_XV,0.1898723277263343,2002,10,30
M_033_A_XV,0.5161461080424488,2002,10,31
M_033_A_XV,0.0071452619013143,2002,11,1
M_033_A_XV,0.1403697806854325,2002,11,2
M_033_A_XV,0.0,2002,11,3
M_033_A_XV,0.0,2002,11,4
M_033_A_XV,0.0,2002,11,5
M_033_A_XV,0.0011579873971641,2002,11,6
M_033_A_XV,2.910977080464363,2002,11,7
M_033_A_XV,1.866184277459979,2002,11,8
M_033_A_XV,0.0073545664054108,2002,11,9
M_033_A_XV,0.0,2002,11,10
M_033_A_XV,0.0,2002,11,11
M_033_A_XV,0.0,2002,11,12
M_033_A_XV,0.0,2002,11,13
M_033_A_XV,0.6821265615872107,2002,11,14
M_033_A_XV,3.9544455260038376,2002,11,15
M_033_A_XV,7.444286823272705,2002,11,16
M_033_A_XV,0.0071920147165656,2002,11,17
M_033_A_XV,0.6901065111160278,2002,11,18
M_033_A_XV,6.275139570236206,2002,11,19
M_033_A_XV,6.449500547721982,2002,11,20
M_033_A_XV,6.214012637734413,2002,11,21
M_033_A_XV,4.156683575827628,2002,11,22
M_033_A_XV,15.276300072669985,2002,11,23
M_033_A_XV,9.987295117229223,2002,11,24
M_033_A_XV,1.1667084135115149,2002,11,25
M_033_A_XV,11.801272988319395,2002,11,26
M_033_A_XV,0.9443455967120826,2002,11,27
M_033_A_XV,0.0019168614853697,2002,11,28
M_033_A_XV,0.0,2002,11,29
M_033_A_XV,0.0,2002,11,30
M_033_A_XV,0.0023376359604299,2002,12,1
M_033_A_XV,3.931106761097908,2002,12,2
M_033_A_XV,4.356046438217163,2002,12,3
M_033_A_XV,3.4788668444380164,2002,12,4
M_033_A_XV,11.134664058685305,2002,12,5
M_033_A_XV,0.0015428398037329,2002,12,6
M_033_A_XV,0.0,2002,12,7
M_033_A_XV,4.67527170258e-05,2002,12,8
M_033_A_XV,0.0,2002,12,9
M_033_A_XV,0.0,2002,12,10
M_033_A_XV,0.069161743249424,2002,12,11
M_033_A_XV,2.329530030488968,2002,12,12
M_033_A_XV,0.0221061324700713,2002,12,13
M_033_A_XV,0.0,2002,12,14
M_033_A_XV,0.0,2002,12,15
M_033_A_XV,0.0,2002,12,16
M_033_A_XV,2.0006993445567787,2002,12,17
M_033_A_XV,16.767114758491516,2002,12,18
M_033_A_XV,2.0497784139588475,2002,12,19
M_033_A_XV,8.430707668419927,2002,12,20
M_033_A_XV,14.275148272514343,2002,12,21
M_033_A_XV,1.285974119182356,2002,12,22
M_033_A_XV,0.0,2002,12,23
M_033_A_XV,0.0017499778186902,2002,12,24
M_033_A_XV,0.1709728704881854,2002,12,25
M_033_A_XV,8.557998359203339,2002,12,26
M_033_A_XV,11.775741040706636,2002,12,27
M_033_A_XV,3.580719623714685,2002,12,28
M_033_A_XV,15.593829035758972,2002,12,29
M_033_A_XV,9.773015916347504,2002,12,30
M_033_A_XV,5.883239962160587,2002,12,31
M_033_A_XV,10.722227454185486,2003,1,1
M_033_A_XV,0.4080401957035064,2003,1,2
M_033_A_XV,0.0,2003,1,3
M_033_A_XV,0.0,2003,1,4
M_033_A_XV,0.0,2003,1,5
M_033_A_XV,0.0,2003,1,6
M_033_A_XV,4.132786459289491,2003,1,7
M_033_A_XV,7.559138785582036,2003,1,8
M_033_A_XV,1.6478118896484375,2003,1,9
M_033_A_XV,4.468382567167282,2003,1,10
M_033_A_XV,20.330724000930783,2003,1,11
M_033_A_XV,7.8282135128974915,2003,1,12
M_033_A_XV,2.59306813389776,2003,1,13
M_033_A_XV,0.0034523010253906,2003,1,14
M_033_A_XV,2.0716433769994183,2003,1,15
M_033_A_XV,7.489601358771324,2003,1,16
M_033_A_XV,11.278698563575745,2003,1,17
M_033_A_XV,4.018446773290634,2003,1,18
M_033_A_XV,11.649827599525452,2003,1,19
M_033_A_XV,11.473291099071504,2003,1,20
M_033_A_XV,0.1513134683482349,2003,1,21
M_033_A_XV,0.0009350543841719,2003,1,22
M_033_A_XV,2.483290086966008,2003,1,23
M_033_A_XV,14.050483778119087,2003,1,24
M_033_A_XV,19.95584148168564,2003,1,25
M_033_A_XV,1.2872261852025986,2003,1,26
M_033_A_XV,0.0098180710338056,2003,1,27
M_033_A_XV,3.2954410910606384,2003,1,28
M_033_A_XV,7.076695889234543,2003,1,29
M_033_A_XV,10.37033036351204,2003,1,30
M_033_A_XV,5.568635582923889,2003,1,31
M_033_A_XV,6.920965433120728,2003,2,1
M_033_A_XV,2.480483315885067,2003,2,2
M_033_A_XV,1.2845563888549805,2003,2,3
M_033_A_XV,7.496627672575414,2003,2,4
M_033_A_XV,12.055307388305664,2003,2,5
M_033_A_XV,1.1412053853273392,2003,2,6
M_033_A_XV,4.360465574223781,2003,2,7
M_033_A_XV,1.560636430978775,2003,2,8
M_033_A_XV,0.4062744379043579,2003,2,9
M_033_A_XV,3.0366088189184666,2003,2,10
M_033_A_XV,1.9960008561611176,2003,2,11
M_033_A_XV,0.7325497334823012,2003,2,12
M_033_A_XV,3.466174171626335,2003,2,13
M_033_A_XV,1.6886757191969082,2003,2,14
M_033_A_XV,2.3225353844463825,2003,2,15
M_033_A_XV,2.642695616788842,2003,2,16
M_033_A_XV,1.1095933616161346,2003,2,17
M_033_A_XV,4.39413339458406,2003,2,18
M_033_A_XV,8.401694551110268,2003,2,19
M_033_A_XV,2.299758662004024,2003,2,20
M_033_A_XV,1.0287299531955796,2003,2,21
M_033_A_XV,3.625932625494898,2003,2,22
M_033_A_XV,12.247566401958466,2003,2,23
M_033_A_XV,17.553701102733612,2003,2,24
M_033_A_XV,14.979021072387695,2003,2,25
M_033_A_XV,12.307397902011871,2003,2,26
M_033_A_XV,10.70311450958252,2003,2,27
M_033_A_XV,21.21915847063065,2003,2,28
M_033_A_XV,10.560136556625366,2003,3,1
M_033_A_XV,4.649747520685196,2003,3,2
M_033_A_XV,5.6325073055922985,2003,3,3
M_033_A_XV,11.609176754951475,2003,3,4
M_033_A_XV,7.066202104091644,2003,3,5
M_033_A_XV,4.823858559131622,2003,3,6
M_033_A_XV,6.496254086494446,2003,3,7
M_033_A_XV,1.438172317110002,2003,3,8
M_033_A_XV,1.7890412574633956,2003,3,9
M_033_A_XV,0.8694993872195482,2003,3,10
M_033_A_XV,0.5633706413645996,2003,3,11
M_033_A_XV,1.4178197922883555,2003,3,12
M_033_A_XV,5.484051271807402,2003,3,13
M_033_A_XV,7.30016815662384,2003,3,14
M_033_A_XV,0.0,2003,3,15
M_033_A_XV,0.4377067685127258,2003,3,16
M_033_A_XV,15.60964610427618,2003,3,17
M_033_A_XV,15.815444946289062,2003,3,18
M_033_A_XV,3.747176721692085,2003,3,19
M_033_A_XV,10.7198326587677,2003,3,20
M_033_A_XV,16.179145336151123,2003,3,21
M_033_A_XV,31.022856276482344,2003,3,22
M_033_A_XV,12.165714263916016,2003,3,23
M_033_A_XV,6.27669095993042,2003,3,24
M_033_A_XV,1.959256261587143,2003,3,25
M_033_A_XV,1.8240054249763489,2003,3,26
M_033_A_XV,3.077953338623047,2003,3,27
M_033_A_XV,2.800773203372956,2003,3,28
M_033_A_XV,5.164801865816116,2003,3,29
M_033_A_XV,14.482765316963196,2003,3,30
M_033_A_XV,5.137035235762596,2003,3,31
M_033_A_XV,3.3418006184510887,2003,4,1
M_033_A_XV,2.838177082594484,2003,4,2
M_033_A_XV,4.3350401520729065,2003,4,3
M_033_A_XV,0.0093893924640724,2003,4,4
M_033_A_XV,0.0,2003,4,5
M_033_A_XV,0.0,2003,4,6
M_033_A_XV,0.0,2003,4,7
M_033_A_XV,0.0,2003,4,8
M_033_A_XV,0.0,2003,4,9
M_033_A_XV,0.0,2003,4,10
M_033_A_XV,0.0,2003,4,11
M_033_A_XV,1.0604665540158749,2003,4,12
M_033_A_XV,0.8450024663470685,2003,4,13
M_033_A_XV,0.0886806659400463,2003,4,14
M_033_A_XV,0.0023376359604299,2003,4,15
M_033_A_XV,1.0352846831083298,2003,4,16
M_033_A_XV,0.0,2003,4,17
M_033_A_XV,0.0,2003,4,18
M_033_A_XV,0.0,2003,4,19
M_033_A_XV,0.0,2003,4,20
M_033_A_XV,0.0,2003,4,21
M_033_A_XV,1.0965088196098804,2003,4,22
M_033_A_XV,1.028956844471395,2003,4,23
M_033_A_XV,1.7001774683594704,2003,4,24
M_033_A_XV,1.7774620801210403,2003,4,25
M_033_A_XV,3.558781519532204,2003,4,26
M_033_A_XV,0.0067244875244796,2003,4,27
M_033_A_XV,0.2689795196056366,2003,4,28
M_033_A_XV,0.0679353401064872,2003,4,29
M_033_A_XV,0.289152979850769,2003,4,30
M_033_A_XV,0.0,2003,5,1
M_033_A_XV,0.0,2003,5,2
M_033_A_XV,0.0,2003,5,3
M_033_A_XV,0.0,2003,5,4
M_033_A_XV,0.0,2003,5,5
M_033_A_XV,0.0,2003,5,6
M_033_A_XV,0.0,2003,5,7
M_033_A_XV,0.0,2003,5,8
M_033_A_XV,0.0,2003,5,9
M_033_A_XV,0.0,2003,5,10
M_033_A_XV,0.8230012059211731,2003,5,11
M_033_A_XV,3.0663440003991127,2003,5,12
M_033_A_XV,0.8675882071256638,2003,5,13
M_033_A_XV,1.5135234110057354,2003,5,14
M_033_A_XV,0.8049002173356712,2003,5,15
M_033_A_XV,7.827562928199768,2003,5,16
M_033_A_XV,4.773072242736816,2003,5,17
M_033_A_XV,2.449365604668856,2003,5,18
M_033_A_XV,1.5371150076389313,2003,5,19
M_033_A_XV,0.0077997999615035,2003,5,20
M_033_A_XV,0.0,2003,5,21
M_033_A_XV,0.0,2003,5,22
M_033_A_XV,0.0,2003,5,23
M_033_A_XV,0.0,2003,5,24
M_033_A_XV,0.0,2003,5,25
M_033_A_XV,0.0,2003,5,26
M_033_A_XV,0.0,2003,5,27
M_033_A_XV,0.0,2003,5,28
M_033_A_XV,0.0,2003,5,29
M_033_A_XV,0.0,2003,5,30
M_033_A_XV,0.0,2003,5,31
M_033_A_XV,0.0,2003,6,1
M_033_A_XV,0.0,2003,6,2
M_033_A_XV,0.0,2003,6,3
M_033_A_XV,0.0,2003,6,4
M_033_A_XV,0.0,2003,6,5
M_033_A_XV,0.0,2003,6,6
M_033_A_XV,0.0,2003,6,7
M_033_A_XV,0.0,2003,6,8
M_033_A_XV,0.0,2003,6,9
M_033_A_XV,0.0,2003,6,10
M_033_A_XV,0.0,2003,6,11
M_033_A_XV,0.0,2003,6,12
M_033_A_XV,0.0,2003,6,13
M_033_A_XV,0.0,2003,6,14
M_033_A_XV,0.0,2003,6,15
M_033_A_XV,0.0,2003,6,16
M_033_A_XV,0.0,2003,6,17
M_033_A_XV,0.0,2003,6,18
M_033_A_XV,0.0,2003,6,19
M_033_A_XV,0.7380407303571701,2003,6,20
M_033_A_XV,0.0,2003,6,21
M_033_A_XV,0.0,2003,6,22
M_033_A_XV,0.0,2003,6,23
M_033_A_XV,0.0,2003,6,24
M_033_A_XV,0.0,2003,6,25
M_033_A_XV,0.0,2003,6,26
M_033_A_XV,0.0,2003,6,27
M_033_A_XV,0.0,2003,6,28
M_033_A_XV,0.0,2003,6,29
M_033_A_XV,0.0,2003,6,30
M_033_A_XV,0.0,2003,7,1
M_033_A_XV,0.0,2003,7,2
M_033_A_XV,0.0,2003,7,3
M_033_A_XV,0.0,2003,7,4
M_033_A_XV,0.0,2003,7,5
M_033_A_XV,0.0,2003,7,6
M_033_A_XV,0.0,2003,7,7
M_033_A_XV,0.0,2003,7,8
M_033_A_XV,0.0,2003,7,9
M_033_A_XV,0.0,2003,7,10
M_033_A_XV,0.0,2003,7,11
M_033_A_XV,0.0,2003,7,12
M_033_A_XV,0.0,2003,7,13
M_033_A_XV,0.0,2003,7,14
M_033_A_XV,0.0,2003,7,15
M_033_A_XV,0.0,2003,7,16
M_033_A_XV,0.6508285067975521,2003,7,17
M_033_A_XV,3.057971604168415,2003,7,18
M_033_A_XV,0.7935458136635134,2003,7,19
M_033_A_XV,1.1440104097127914,2003,7,20
M_033_A_XV,0.4034692645072937,2003,7,21
M_033_A_XV,0.0014025815762579,2003,7,22
M_033_A_XV,0.0,2003,7,23
M_033_A_XV,0.0691149905323982,2003,7,24
M_033_A_XV,0.0014025815762579,2003,7,25
M_033_A_XV,0.0009350543841719,2003,7,26
M_033_A_XV,0.0085945962928235,2003,7,27
M_033_A_XV,1.119747258722782,2003,7,28
M_033_A_XV,0.0042077447287738,2003,7,29
M_033_A_XV,0.0073790256865322,2003,7,30
M_033_A_XV,0.0,2003,7,31
M_033_A_XV,0.0,2003,8,1
M_033_A_XV,0.9075834243558348,2003,8,2
M_033_A_XV,3.889333307743073,2003,8,3
M_033_A_XV,0.3578089383372571,2003,8,4
M_033_A_XV,0.0,2003,8,5
M_033_A_XV,0.0,2003,8,6
M_033_A_XV,4.67527170258e-05,2003,8,7
M_033_A_XV,0.0218766872276319,2003,8,8
M_033_A_XV,0.7809163965284824,2003,8,9
M_033_A_XV,0.0950508783571422,2003,8,10
M_033_A_XV,0.0004675271920859,2003,8,11
M_033_A_XV,0.0,2003,8,12
M_033_A_XV,0.0,2003,8,13
M_033_A_XV,0.0,2003,8,14
M_033_A_XV,0.0,2003,8,15
M_033_A_XV,0.0,2003,8,16
M_033_A_XV,0.0,2003,8,17
M_033_A_XV,0.0,2003,8,18
M_033_A_XV,0.0,2003,8,19
M_033_A_XV,0.0,2003,8,20
M_033_A_XV,0.0,2003,8,21
M_033_A_XV,0.0,2003,8,22
M_033_A_XV,0.0,2003,8,23
M_033_A_XV,0.0,2003,8,24
M_033_A_XV,0.0,2003,8,25
M_033_A_XV,0.0,2003,8,26
M_033_A_XV,0.0912505555897951,2003,8,27
M_033_A_XV,0.0,2003,8,28
M_033_A_XV,0.0,2003,8,29
M_033_A_XV,0.0,2003,8,30
M_033_A_XV,0.0,2003,8,31
M_033_A_XV,0.0,2003,9,1
M_033_A_XV,0.0212487741373479,2003,9,2
M_033_A_XV,0.1415385921427514,2003,9,3
M_033_A_XV,0.0,2003,9,4
M_033_A_XV,0.0705175730399787,2003,9,5
M_033_A_XV,0.0,2003,9,6
M_033_A_XV,0.0,2003,9,7
M_033_A_XV,0.0,2003,9,8
M_033_A_XV,0.0,2003,9,9
M_033_A_XV,0.0,2003,9,10
M_033_A_XV,0.0018125254573533,2003,9,11
M_033_A_XV,0.0014493342932837,2003,9,12
M_033_A_XV,0.0,2003,9,13
M_033_A_XV,0.0208279993385076,2003,9,14
M_033_A_XV,0.0,2003,9,15
M_033_A_XV,0.0,2003,9,16
M_033_A_XV,0.0,2003,9,17
M_033_A_XV,0.1356477439403534,2003,9,18
M_033_A_XV,0.2083336348150624,2003,9,19
M_033_A_XV,0.7506549539975822,2003,9,20
M_033_A_XV,2.623323768377304,2003,9,21
M_033_A_XV,0.6344178449362516,2003,9,22
M_033_A_XV,2.0207387753762305,2003,9,23
M_033_A_XV,0.3991525056771934,2003,9,24
M_033_A_XV,4.67527170258e-05,2003,9,25
M_033_A_XV,0.0,2003,9,26
M_033_A_XV,0.0,2003,9,27
M_033_A_XV,0.0,2003,9,28
M_033_A_XV,0.2637510895729065,2003,9,29
M_033_A_XV,3.2330321967601776,2003,9,30
M_033_A_XV,2.604523708112538,2003,10,1
M_033_A_XV,3.4264172189868987,2003,10,2
M_033_A_XV,2.812362998723984,2003,10,3
M_033_A_XV,0.0002805163094308,2003,10,4
M_033_A_XV,0.0,2003,10,5
M_033_A_XV,0.0,2003,10,6
M_033_A_XV,0.0,2003,10,7
M_033_A_XV,0.0,2003,10,8
M_033_A_XV,0.0,2003,10,9
M_033_A_XV,0.0,2003,10,10
M_033_A_XV,0.0,2003,10,11
M_033_A_XV,0.0071531661087647,2003,10,12
M_033_A_XV,0.5333593394607306,2003,10,13
M_033_A_XV,0.3065895140171051,2003,10,14
M_033_A_XV,0.0,2003,10,15
M_033_A_XV,0.0,2003,10,16
M_033_A_XV,0.0,2003,10,17
M_033_A_XV,0.0,2003,10,18
M_033_A_XV,0.0,2003,10,19
M_033_A_XV,0.0,2003,10,20
M_033_A_XV,0.0,2003,10,21
M_033_A_XV,0.0,2003,10,22
M_033_A_XV,0.0,2003,10,23
M_033_A_XV,0.0,2003,10,24
M_033_A_XV,0.2743019280023873,2003,10,25
M_033_A_XV,0.0,2003,10,26
M_033_A_XV,0.0,2003,10,27
M_033_A_XV,1.922548461239785,2003,10,28
M_033_A_XV,0.2521526361815631,2003,10,29
M_033_A_XV,0.0037402175366878,2003,10,30
M_033_A_XV,0.0005142799091117,2003,10,31
M_033_A_XV,0.0004675271920859,2003,11,1
M_033_A_XV,0.0,2003,11,2
M_033_A_XV,0.0,2003,11,3
M_033_A_XV,0.0,2003,11,4
M_033_A_XV,0.0,2003,11,5
M_033_A_XV,0.0,2003,11,6
M_033_A_XV,0.0,2003,11,7
M_033_A_XV,2.011852398514748,2003,11,8
M_033_A_XV,2.98578829318285,2003,11,9
M_033_A_XV,7.182755470275879,2003,11,10
M_033_A_XV,0.156610140344128,2003,11,11
M_033_A_XV,0.0085945964092388,2003,11,12
M_033_A_XV,3.198300469201058,2003,11,13
M_033_A_XV,0.3236449845135212,2003,11,14
M_033_A_XV,0.0,2003,11,15
M_033_A_XV,0.0,2003,11,16
M_033_A_XV,0.0,2003,11,17
M_033_A_XV,0.0,2003,11,18
M_033_A_XV,0.0,2003,11,19
M_033_A_XV,2.157891020178795,2003,11,20
M_033_A_XV,1.9458540603518488,2003,11,21
M_033_A_XV,0.7733838483691216,2003,11,22
M_033_A_XV,0.6752322465181351,2003,11,23
M_033_A_XV,0.6167261613445589,2003,11,24
M_033_A_XV,0.0005142799091117,2003,11,25
M_033_A_XV,0.0,2003,11,26
M_033_A_XV,3.475626887287945,2003,11,27
M_033_A_XV,0.0429873702560144,2003,11,28
M_033_A_XV,0.0023376359604299,2003,11,29
M_033_A_XV,0.0093972965587454,2003,11,30
M_033_A_XV,0.5181244001141749,2003,12,1
M_033_A_XV,0.0009350543841719,2003,12,2
M_033_A_XV,0.0,2003,12,3
M_033_A_XV,0.0,2003,12,4
M_033_A_XV,0.03228759765625,2003,12,5
M_033_A_XV,5.530613596085459,2003,12,6
M_033_A_XV,0.346214254910592,2003,12,7
M_033_A_XV,3.669467747211456,2003,12,8
M_033_A_XV,1.2814322442718549,2003,12,9
M_033_A_XV,0.0037402175366878,2003,12,10
M_033_A_XV,0.0,2003,12,11
M_033_A_XV,1.9991097766906023,2003,12,12
M_033_A_XV,7.431541800498962,2003,12,13
M_033_A_XV,0.0,2003,12,14
M_033_A_XV,4.67527170258e-05,2003,12,15
M_033_A_XV,6.012915372848511,2003,12,16
M_033_A_XV,7.256518483161926,2003,12,17
M_033_A_XV,5.939507998526096,2003,12,18
M_033_A_XV,4.624468483030796,2003,12,19
M_033_A_XV,3.3011872619390488,2003,12,20
M_033_A_XV,3.2440731525421143,2003,12,21
M_033_A_XV,1.7819632794708014,2003,12,22
M_033_A_XV,13.623764514923096,2003,12,23
M_033_A_XV,0.9248510733159492,2003,12,24
M_033_A_XV,10.958282336592674,2003,12,25
M_033_A_XV,11.906741380691528,2003,12,26
M_033_A_XV,0.0269447024911642,2003,12,27
M_033_A_XV,0.0,2003,12,28
M_033_A_XV,10.813649728894234,2003,12,29
M_033_A_XV,3.714242421090603,2003,12,30
M_033_A_XV,0.2879740330390632,2003,12,31
M_033_A_XV,8.796919524669647,2004,1,1
M_033_A_XV,4.677086524665356,2004,1,2
M_033_A_XV,2.0709421252831817,2004,1,3
M_033_A_XV,3.8399319392628968,2004,1,4
M_033_A_XV,7.330615386366844,2004,1,5
M_033_A_XV,15.456907451152802,2004,1,6
M_033_A_XV,9.180644646286964,2004,1,7
M_033_A_XV,23.005687832832336,2004,1,8
M_033_A_XV,2.639314830303192,2004,1,9
M_033_A_XV,19.94993162155152,2004,1,10
M_033_A_XV,12.38601851463318,2004,1,11
M_033_A_XV,24.215728282928467,2004,1,12
M_033_A_XV,13.375773549079897,2004,1,13
M_033_A_XV,1.070882424712181,2004,1,14
M_033_A_XV,0.0341122588142752,2004,1,15
M_033_A_XV,1.928594052791596,2004,1,16
M_033_A_XV,4.631252184510231,2004,1,17
M_033_A_XV,4.904266536235809,2004,1,18
M_033_A_XV,2.4718089777488785,2004,1,19
M_033_A_XV,0.1103257564827799,2004,1,20
M_033_A_XV,0.0209437992889434,2004,1,21
M_033_A_XV,2.16769640147686,2004,1,22
M_033_A_XV,2.9115889333188534,2004,1,23
M_033_A_XV,15.059691429138184,2004,1,24
M_033_A_XV,19.001049995422363,2004,1,25
M_033_A_XV,6.607885785400868,2004,1,26
M_033_A_XV,7.493079865467735,2004,1,27
M_033_A_XV,12.004963994026184,2004,1,28
M_033_A_XV,4.507162116467953,2004,1,29
M_033_A_XV,3.5548748672008514,2004,1,30
M_033_A_XV,11.618328839540482,2004,1,31
M_033_A_XV,5.453623056411743,2004,2,1
M_033_A_XV,11.432764947414398,2004,2,2
M_033_A_XV,4.556922882795334,2004,2,3
M_033_A_XV,0.3201727266423404,2004,2,4
M_033_A_XV,15.5756276845932,2004,2,5
M_033_A_XV,12.51451337337494,2004,2,6
M_033_A_XV,14.75625278055668,2004,2,7
M_033_A_XV,27.81359541416168,2004,2,8
M_033_A_XV,23.29977035522461,2004,2,9
M_033_A_XV,23.42402625083924,2004,2,10
M_033_A_XV,16.043655931949615,2004,2,11
M_033_A_XV,16.157952159643173,2004,2,12
M_033_A_XV,6.419525131583214,2004,2,13
M_033_A_XV,2.0345797538757324,2004,2,14
M_033_A_XV,0.4590747738693608,2004,2,15
M_033_A_XV,0.0,2004,2,16
M_033_A_XV,0.0,2004,2,17
M_033_A_XV,0.9505205750465392,2004,2,18
M_033_A_XV,7.562737375090364,2004,2,19
M_033_A_XV,17.620701551437378,2004,2,20
M_033_A_XV,0.7538283616304398,2004,2,21
M_033_A_XV,0.0,2004,2,22
M_033_A_XV,0.3536005616188049,2004,2,23
M_033_A_XV,0.0930815142091887,2004,2,24
M_033_A_XV,1.1026396751403809,2004,2,25
M_033_A_XV,3.019631997682154,2004,2,26
M_033_A_XV,0.3371594473719597,2004,2,27
M_033_A_XV,0.3362243995070457,2004,2,28
M_033_A_XV,1.1835098266601562,2004,2,29
M_033_A_XV,1.2823278829455376,2004,3,1
M_033_A_XV,2.329004228115082,2004,3,2
M_033_A_XV,3.7847471833229065,2004,3,3
M_033_A_XV,0.2779093015451508,2004,3,4
M_033_A_XV,5.383922874927521,2004,3,5
M_033_A_XV,8.71809846162796,2004,3,6
M_033_A_XV,4.200303360819817,2004,3,7
M_033_A_XV,8.986367017030716,2004,3,8
M_033_A_XV,9.690107017755508,2004,3,9
M_033_A_XV,9.579392790794373,2004,3,10
M_033_A_XV,7.155087232589722,2004,3,11
M_033_A_XV,0.0270458202576264,2004,3,12
M_033_A_XV,1.4509703635703772,2004,3,13
M_033_A_XV,3.8595881909132,2004,3,14
M_033_A_XV,9.36530938744545,2004,3,15
M_033_A_XV,5.674160748720169,2004,3,16
M_033_A_XV,3.137605756521225,2004,3,17
M_033_A_XV,1.928307518362999,2004,3,18
M_033_A_XV,3.51267502643168,2004,3,19
M_033_A_XV,5.85888397693634,2004,3,20
M_033_A_XV,4.568733632564545,2004,3,21
M_033_A_XV,0.3528350810520351,2004,3,22
M_033_A_XV,2.9627147912979126,2004,3,23
M_033_A_XV,5.579743472393602,2004,3,24
M_033_A_XV,0.7261561676859856,2004,3,25
M_033_A_XV,0.0,2004,3,26
M_033_A_XV,0.0,2004,3,27
M_033_A_XV,0.0042544975876808,2004,3,28
M_033_A_XV,2.590520131867379,2004,3,29
M_033_A_XV,9.410979568958282,2004,3,30
M_033_A_XV,2.5337264388799667,2004,3,31
M_033_A_XV,6.273808567784727,2004,4,1
M_033_A_XV,3.99151783855632,2004,4,2
M_033_A_XV,7.278168022632599,2004,4,3
M_033_A_XV,3.411766982637346,2004,4,4
M_033_A_XV,4.260316519066691,2004,4,5
M_033_A_XV,0.0415827063843607,2004,4,6
M_033_A_XV,0.0597246668185107,2004,4,7
M_033_A_XV,1.743877513334155,2004,4,8
M_033_A_XV,2.280290275812149,2004,4,9
M_033_A_XV,0.1516831498593092,2004,4,10
M_033_A_XV,0.0,2004,4,11
M_033_A_XV,0.0,2004,4,12
M_033_A_XV,0.0028051631525158,2004,4,13
M_033_A_XV,0.4139777831733227,2004,4,14
M_033_A_XV,2.124844995792955,2004,4,15
M_033_A_XV,3.146420992910862,2004,4,16
M_033_A_XV,2.548276525965776,2004,4,17
M_033_A_XV,1.4894544631242752,2004,4,18
M_033_A_XV,0.0018701087683439,2004,4,19
M_033_A_XV,0.0001402581547154,2004,4,20
M_033_A_XV,0.0,2004,4,21
M_033_A_XV,0.0,2004,4,22
M_033_A_XV,0.0,2004,4,23
M_033_A_XV,0.0011579873971641,2004,4,24
M_033_A_XV,5.3892045468091965,2004,4,25
M_033_A_XV,3.659285306930542,2004,4,26
M_033_A_XV,0.0,2004,4,27
M_033_A_XV,0.6329901218414307,2004,4,28
M_033_A_XV,1.7103574946522713,2004,4,29
M_033_A_XV,0.0,2004,4,30
M_033_A_XV,0.0,2004,5,1
M_033_A_XV,0.0,2004,5,2
M_033_A_XV,0.0,2004,5,3
M_033_A_XV,0.0,2004,5,4
M_033_A_XV,0.0,2004,5,5
M_033_A_XV,0.0,2004,5,6
M_033_A_XV,0.0,2004,5,7
M_033_A_XV,0.0,2004,5,8
M_033_A_XV,0.0,2004,5,9
M_033_A_XV,0.0,2004,5,10
M_033_A_XV,0.0,2004,5,11
M_033_A_XV,0.0,2004,5,12
M_033_A_XV,0.0,2004,5,13
M_033_A_XV,0.0,2004,5,14
M_033_A_XV,0.0,2004,5,15
M_033_A_XV,0.0,2004,5,16
M_033_A_XV,0.0,2004,5,17
M_033_A_XV,0.0,2004,5,18
M_033_A_XV,0.0,2004,5,19
M_033_A_XV,0.0,2004,5,20
M_033_A_XV,0.0,2004,5,21
M_033_A_XV,0.0,2004,5,22
M_033_A_XV,0.0,2004,5,23
M_033_A_XV,0.0,2004,5,24
M_033_A_XV,0.0,2004,5,25
M_033_A_XV,0.0,2004,5,26
M_033_A_XV,0.0,2004,5,27
M_033_A_XV,0.0,2004,5,28
M_033_A_XV,0.0,2004,5,29
M_033_A_XV,0.0,2004,5,30
M_033_A_XV,0.0,2004,5,31
M_033_A_XV,0.0,2004,6,1
M_033_A_XV,0.0,2004,6,2
M_033_A_XV,0.0,2004,6,3
M_033_A_XV,0.0,2004,6,4
M_033_A_XV,0.0,2004,6,5
M_033_A_XV,0.0,2004,6,6
M_033_A_XV,0.0697695253329584,2004,6,7
M_033_A_XV,4.67527170258e-05,2004,6,8
M_033_A_XV,0.0,2004,6,9
M_033_A_XV,0.0,2004,6,10
M_033_A_XV,0.0,2004,6,11
M_033_A_XV,0.0,2004,6,12
M_033_A_XV,0.0,2004,6,13
M_033_A_XV,0.0,2004,6,14
M_033_A_XV,0.0,2004,6,15
M_033_A_XV,0.0,2004,6,16
M_033_A_XV,0.0,2004,6,17
M_033_A_XV,0.0,2004,6,18
M_033_A_XV,0.0,2004,6,19
M_033_A_XV,0.0,2004,6,20
M_033_A_XV,0.0,2004,6,21
M_033_A_XV,0.0,2004,6,22
M_033_A_XV,0.0009350543841719,2004,6,23
M_033_A_XV,0.1774331736378371,2004,6,24
M_033_A_XV,0.0,2004,6,25
M_033_A_XV,0.0,2004,6,26
M_033_A_XV,0.0014025815762579,2004,6,27
M_033_A_XV,0.0,2004,6,28
M_033_A_XV,0.0073523996397852,2004,6,29
M_033_A_XV,0.2988479691557586,2004,6,30
M_033_A_XV,0.9195932042784988,2004,7,1
M_033_A_XV,6.191097795963287,2004,7,2
M_033_A_XV,8.443583250045776,2004,7,3
M_033_A_XV,2.923664167523384,2004,7,4
M_033_A_XV,1.6964499461464584,2004,7,5
M_033_A_XV,1.4518490172922611,2004,7,6
M_033_A_XV,0.0,2004,7,7
M_033_A_XV,0.0,2004,7,8
M_033_A_XV,0.0,2004,7,9
M_033_A_XV,0.0,2004,7,10
M_033_A_XV,0.0,2004,7,11
M_033_A_XV,0.0,2004,7,12
M_033_A_XV,0.0,2004,7,13
M_033_A_XV,0.0,2004,7,14
M_033_A_XV,0.0,2004,7,15
M_033_A_XV,0.0,2004,7,16
M_033_A_XV,0.0698522034545021,2004,7,17
M_033_A_XV,0.0014025815762579,2004,7,18
M_033_A_XV,0.0,2004,7,19
M_033_A_XV,0.0,2004,7,20
M_033_A_XV,0.0,2004,7,21
M_033_A_XV,0.0,2004,7,22
M_033_A_XV,0.0,2004,7,23
M_033_A_XV,0.0004207744786981,2004,7,24
M_033_A_XV,0.0091779217946168,2004,7,25
M_033_A_XV,0.5069961347617209,2004,7,26
M_033_A_XV,0.3676824433641741,2004,7,27
M_033_A_XV,0.0,2004,7,28
M_033_A_XV,0.0,2004,7,29
M_033_A_XV,0.0,2004,7,30
M_033_A_XV,0.0,2004,7,31
M_033_A_XV,0.0,2004,8,1
M_033_A_XV,0.0,2004,8,2
M_033_A_XV,0.0,2004,8,3
M_033_A_XV,0.0073523996397852,2004,8,4
M_033_A_XV,0.0067712403833866,2004,8,5
M_033_A_XV,0.0,2004,8,6
M_033_A_XV,0.9397889487445354,2004,8,7
M_033_A_XV,4.146794319152832,2004,8,8
M_033_A_XV,6.050487741827965,2004,8,9
M_033_A_XV,6.810789704322815,2004,8,10
M_033_A_XV,7.935594916343689,2004,8,11
M_033_A_XV,1.0837793052196505,2004,8,12
M_033_A_XV,1.7502152621746063,2004,8,13
M_033_A_XV,0.5460860654711723,2004,8,14
M_033_A_XV,1.160198109224439,2004,8,15
M_033_A_XV,1.729484814684838,2004,8,16
M_033_A_XV,0.2054531937465071,2004,8,17
M_033_A_XV,3.0087849348783493,2004,8,18
M_033_A_XV,4.780983775854111,2004,8,19
M_033_A_XV,1.232506599277258,2004,8,20
M_033_A_XV,2.069942384958267,2004,8,21
M_033_A_XV,0.5559903811663389,2004,8,22
M_033_A_XV,0.5806266847066581,2004,8,23
M_033_A_XV,3.749697822611779,2004,8,24
M_033_A_XV,1.7955397693440318,2004,8,25
M_033_A_XV,0.0017298506572842,2004,8,26
M_033_A_XV,0.0,2004,8,27
M_033_A_XV,0.0,2004,8,28
M_033_A_XV,0.0511020980775356,2004,8,29
M_033_A_XV,0.5226285085082054,2004,8,30
M_033_A_XV,1.2887055277824402,2004,8,31
M_033_A_XV,1.5971011784859002,2004,9,1
M_033_A_XV,3.258295528590679,2004,9,2
M_033_A_XV,0.3525155005045235,2004,9,3
M_033_A_XV,0.0004675271920859,2004,9,4
M_033_A_XV,0.0078781425545457,2004,9,5
M_033_A_XV,0.0077558457851409,2004,9,6
M_033_A_XV,0.0,2004,9,7
M_033_A_XV,0.0686474591493606,2004,9,8
M_033_A_XV,3.544765457510948,2004,9,9
M_033_A_XV,1.283532664503582,2004,9,10
M_033_A_XV,0.0082673272117972,2004,9,11
M_033_A_XV,0.0,2004,9,12
M_033_A_XV,0.0,2004,9,13
M_033_A_XV,0.0,2004,9,14
M_033_A_XV,0.0,2004,9,15
M_033_A_XV,0.0,2004,9,16
M_033_A_XV,0.0,2004,9,17
M_033_A_XV,0.0,2004,9,18
M_033_A_XV,0.0,2004,9,19
M_033_A_XV,0.0406274423003196,2004,9,20
M_033_A_XV,0.0081054079346358,2004,9,21
M_033_A_XV,0.6841735708294436,2004,9,22
M_033_A_XV,2.4061082708649337,2004,9,23
M_033_A_XV,1.8920996859669683,2004,9,24
M_033_A_XV,0.1572086252272129,2004,9,25
M_033_A_XV,4.03959534317255,2004,9,26
M_033_A_XV,3.9029570817947374,2004,9,27
M_033_A_XV,0.0003272690228186,2004,9,28
M_033_A_XV,0.0,2004,9,29
M_033_A_XV,0.0,2004,9,30
M_033_A_XV,0.0,2004,10,1
M_033_A_XV,0.0,2004,10,2
M_033_A_XV,0.0,2004,10,3
M_033_A_XV,0.0271784663200378,2004,10,4
M_033_A_XV,1.772827684879303,2004,10,5
M_033_A_XV,3.387652854900807,2004,10,6
M_033_A_XV,0.0749006229452788,2004,10,7
M_033_A_XV,0.0,2004,10,8
M_033_A_XV,0.0,2004,10,9
M_033_A_XV,0.0,2004,10,10
M_033_A_XV,0.0,2004,10,11
M_033_A_XV,0.0,2004,10,12
M_033_A_XV,0.0,2004,10,13
M_033_A_XV,0.0,2004,10,14
M_033_A_XV,0.0271315854042768,2004,10,15
M_033_A_XV,0.0,2004,10,16
M_033_A_XV,0.0,2004,10,17
M_033_A_XV,0.0,2004,10,18
M_033_A_XV,0.1386975049972534,2004,10,19
M_033_A_XV,0.0048982049338519,2004,10,20
M_033_A_XV,0.0,2004,10,21
M_033_A_XV,0.0,2004,10,22
M_033_A_XV,0.0,2004,10,23
M_033_A_XV,0.0,2004,10,24
M_033_A_XV,0.0,2004,10,25
M_033_A_XV,0.0,2004,10,26
M_033_A_XV,4.67527170258e-05,2004,10,27
M_033_A_XV,1.3630227893590927,2004,10,28
M_033_A_XV,2.478333592414856,2004,10,29
M_033_A_XV,0.6081669330596924,2004,10,30
M_033_A_XV,2.2872111797332764,2004,10,31
M_033_A_XV,2.0175851136446,2004,11,1
M_033_A_XV,0.0001402581547154,2004,11,2
M_033_A_XV,0.000207138058613,2004,11,3
M_033_A_XV,0.0321565479425771,2004,11,4
M_033_A_XV,0.0018701087683439,2004,11,5
M_033_A_XV,6.906753778457642,2004,11,6
M_033_A_XV,0.0231145522557199,2004,11,7
M_033_A_XV,0.0076595419086515,2004,11,8
M_033_A_XV,0.0004675271920859,2004,11,9
M_033_A_XV,0.0,2004,11,10
M_033_A_XV,0.0,2004,11,11
M_033_A_XV,0.0,2004,11,12
M_033_A_XV,0.0,2004,11,13
M_033_A_XV,4.67527170258e-05,2004,11,14
M_033_A_XV,0.0,2004,11,15
M_033_A_XV,0.0,2004,11,16
M_033_A_XV,0.0028051631525158,2004,11,17
M_033_A_XV,0.0,2004,11,18
M_033_A_XV,0.0,2004,11,19
M_033_A_XV,0.0,2004,11,20
M_033_A_XV,0.0,2004,11,21
M_033_A_XV,0.0,2004,11,22
M_033_A_XV,0.0,2004,11,23
M_033_A_XV,0.0,2004,11,24
M_033_A_XV,0.0067712403833866,2004,11,25
M_033_A_XV,0.0,2004,11,26
M_033_A_XV,0.0,2004,11,27
M_033_A_XV,0.0,2004,11,28
M_033_A_XV,0.0,2004,11,29
M_033_A_XV,1.1477525415830314,2004,11,30
M_033_A_XV,2.328706741333008,2004,12,1
M_033_A_XV,0.1363598704338073,2004,12,2
M_033_A_XV,0.2259593969210982,2004,12,3
M_033_A_XV,1.9424749065656213,2004,12,4
M_033_A_XV,3.8460169434547424,2004,12,5
M_033_A_XV,1.641417678911239,2004,12,6
M_033_A_XV,0.0009133932180702,2004,12,7
M_033_A_XV,0.0,2004,12,8
M_033_A_XV,1.3450403846800327,2004,12,9
M_033_A_XV,5.425309341400862,2004,12,10
M_033_A_XV,9.370466582477093,2004,12,11
M_033_A_XV,4.103477405384183,2004,12,12
M_033_A_XV,4.117510266602039,2004,12,13
M_033_A_XV,0.2767706513404846,2004,12,14
M_033_A_XV,0.5855068357195705,2004,12,15
M_033_A_XV,0.644347426481545,2004,12,16
M_033_A_XV,0.0680755982612026,2004,12,17
M_033_A_XV,0.7974290018901229,2004,12,18
M_033_A_XV,4.337560504674912,2004,12,19
M_033_A_XV,1.4959381967782974,2004,12,20
M_033_A_XV,0.9257347229868174,2004,12,21
M_033_A_XV,0.0423138090409338,2004,12,22
M_033_A_XV,0.0,2004,12,23
M_033_A_XV,0.0,2004,12,24
M_033_A_XV,0.0322665058520215,2004,12,25
M_033_A_XV,0.0030856796074658,2004,12,26
M_033_A_XV,0.0843598036444746,2004,12,27
M_033_A_XV,3.494580040802248,2004,12,28
M_033_A_XV,15.017520070075989,2004,12,29
M_033_A_XV,7.730409547686577,2004,12,30
M_033_A_XV,9.452605545520782,2004,12,31
M_033_A_XV,2.207237112801522,2005,1,1
M_033_A_XV,3.7013323940336704,2005,1,2
M_033_A_XV,11.133142203092577,2005,1,3
M_033_A_XV,11.048959493637083,2005,1,4
M_033_A_XV,0.6368906497955322,2005,1,5
M_033_A_XV,5.753781046718359,2005,1,6
M_033_A_XV,17.04421529173851,2005,1,7
M_033_A_XV,11.79715132713318,2005,1,8
M_033_A_XV,9.243068307638168,2005,1,9
M_033_A_XV,14.100446701049805,2005,1,10
M_033_A_XV,3.673209711909294,2005,1,11
M_033_A_XV,9.965571135282516,2005,1,12
M_033_A_XV,13.753549575805664,2005,1,13
M_033_A_XV,0.0601245425641536,2005,1,14
M_033_A_XV,0.0839916579425334,2005,1,15
M_033_A_XV,0.1358923465013504,2005,1,16
M_033_A_XV,1.4255769662559032,2005,1,17
M_033_A_XV,2.798765152692795,2005,1,18
M_033_A_XV,6.939926654100418,2005,1,19
M_033_A_XV,9.832804530858994,2005,1,20
M_033_A_XV,4.318048001819989,2005,1,21
M_033_A_XV,1.3162410259246826,2005,1,22
M_033_A_XV,4.055343854706734,2005,1,23
M_033_A_XV,2.0705915093421936,2005,1,24
M_033_A_XV,1.970022145658732,2005,1,25
M_033_A_XV,2.5508669265545905,2005,1,26
M_033_A_XV,0.1555982767604291,2005,1,27
M_033_A_XV,5.152174651622772,2005,1,28
M_033_A_XV,3.114049651194364,2005,1,29
M_033_A_XV,1.175075352191925,2005,1,30
M_033_A_XV,6.818516544997692,2005,1,31
M_033_A_XV,17.44560217857361,2005,2,1
M_033_A_XV,11.250816404819489,2005,2,2
M_033_A_XV,17.939153522253036,2005,2,3
M_033_A_XV,4.270708918571472,2005,2,4
M_033_A_XV,2.3963105604052544,2005,2,5
M_033_A_XV,3.9187906086444855,2005,2,6
M_033_A_XV,5.704191029071808,2005,2,7
M_033_A_XV,6.333494875580072,2005,2,8
M_033_A_XV,14.435943961143494,2005,2,9
M_033_A_XV,16.26119875907898,2005,2,10
M_033_A_XV,23.43708348274231,2005,2,11
M_033_A_XV,15.53122729063034,2005,2,12
M_033_A_XV,15.21272110939026,2005,2,13
M_033_A_XV,16.94927203655243,2005,2,14
M_033_A_XV,9.214561395347118,2005,2,15
M_033_A_XV,4.773240745067596,2005,2,16
M_033_A_XV,7.106158994138241,2005,2,17
M_033_A_XV,4.022876605391502,2005,2,18
M_033_A_XV,12.669124595820904,2005,2,19
M_033_A_XV,10.787071824073792,2005,2,20
M_033_A_XV,13.98678469657898,2005,2,21
M_033_A_XV,7.094968527555466,2005,2,22
M_033_A_XV,1.812871782109141,2005,2,23
M_033_A_XV,1.214233886450529,2005,2,24
M_033_A_XV,2.73094941675663,2005,2,25
M_033_A_XV,2.491819362156093,2005,2,26
M_033_A_XV,0.0011579873971641,2005,2,27
M_033_A_XV,0.0,2005,2,28
M_033_A_XV,1.052138090133667,2005,3,1
M_033_A_XV,2.545530163217336,2005,3,2
M_033_A_XV,7.056311260443181,2005,3,3
M_033_A_XV,7.505224913358688,2005,3,4
M_033_A_XV,2.584438444348052,2005,3,5
M_033_A_XV,0.904470145702362,2005,3,6
M_033_A_XV,0.897922994568944,2005,3,7
M_033_A_XV,2.4448021575808525,2005,3,8
M_033_A_XV,4.312784660141915,2005,3,9
M_033_A_XV,8.594693899154663,2005,3,10
M_033_A_XV,3.859623294323683,2005,3,11
M_033_A_XV,1.5249452143907547,2005,3,12
M_033_A_XV,0.0025389078073203,2005,3,13
M_033_A_XV,1.052990224721725,2005,3,14
M_033_A_XV,0.0009350543841719,2005,3,15
M_033_A_XV,0.0087484829127788,2005,3,16
M_033_A_XV,0.8936197394505143,2005,3,17
M_033_A_XV,0.7036875765770674,2005,3,18
M_033_A_XV,1.177695375867188,2005,3,19
M_033_A_XV,2.330399021506309,2005,3,20
M_033_A_XV,1.881024038419128,2005,3,21
M_033_A_XV,7.399179071187973,2005,3,22
M_033_A_XV,4.957998389843851,2005,3,23
M_033_A_XV,6.523184433579445,2005,3,24
M_033_A_XV,6.606764655094594,2005,3,25
M_033_A_XV,3.410339437425137,2005,3,26
M_033_A_XV,5.460411354899406,2005,3,27
M_033_A_XV,7.988510072231293,2005,3,28
M_033_A_XV,8.757445208728313,2005,3,29
M_033_A_XV,1.5234812473354395,2005,3,30
M_033_A_XV,3.0014392868615687,2005,3,31
M_033_A_XV,2.813465654850006,2005,4,1
M_033_A_XV,0.9916837993077934,2005,4,2
M_033_A_XV,2.025797614827752,2005,4,3
M_033_A_XV,0.4504083096981048,2005,4,4
M_033_A_XV,3.223266996443272,2005,4,5
M_033_A_XV,3.741470262408257,2005,4,6
M_033_A_XV,6.094606041908264,2005,4,7
M_033_A_XV,3.051965340040624,2005,4,8
M_033_A_XV,7.264180958271027,2005,4,9
M_033_A_XV,9.300662875175476,2005,4,10
M_033_A_XV,5.590854823589325,2005,4,11
M_033_A_XV,7.339889228343964,2005,4,12
M_033_A_XV,4.613404214382172,2005,4,13
M_033_A_XV,1.2439524196088314,2005,4,14
M_033_A_XV,3.882445067167282,2005,4,15
M_033_A_XV,8.072595119476318,2005,4,16
M_033_A_XV,0.4839811014244333,2005,4,17
M_033_A_XV,0.0,2005,4,18
M_033_A_XV,0.0,2005,4,19
M_033_A_XV,0.0,2005,4,20
M_033_A_XV,0.0,2005,4,21
M_033_A_XV,0.0,2005,4,22
M_033_A_XV,0.0,2005,4,23
M_033_A_XV,2.22933012992e-05,2005,4,24
M_033_A_XV,4.67527170258e-05,2005,4,25
M_033_A_XV,0.0,2005,4,26
M_033_A_XV,0.0,2005,4,27
M_033_A_XV,0.0,2005,4,28
M_033_A_XV,0.0,2005,4,29
M_033_A_XV,0.0,2005,4,30
M_033_A_XV,0.0,2005,5,1
M_033_A_XV,0.0,2005,5,2
M_033_A_XV,0.0,2005,5,3
M_033_A_XV,0.0,2005,5,4
M_033_A_XV,0.0772888101637363,2005,5,5
M_033_A_XV,0.0,2005,5,6
M_033_A_XV,0.0,2005,5,7
M_033_A_XV,0.0,2005,5,8
M_033_A_XV,0.0,2005,5,9
M_033_A_XV,0.0,2005,5,10
M_033_A_XV,0.0,2005,5,11
M_033_A_XV,0.0002805163094308,2005,5,12
M_033_A_XV,0.0009350543841719,2005,5,13
M_033_A_XV,0.0,2005,5,14
M_033_A_XV,0.0,2005,5,15
M_033_A_XV,0.0,2005,5,16
M_033_A_XV,0.0672448799014091,2005,5,17
M_033_A_XV,0.0018701087683439,2005,5,18
M_033_A_XV,0.0,2005,5,19
M_033_A_XV,0.0,2005,5,20
M_033_A_XV,0.0,2005,5,21
M_033_A_XV,0.0,2005,5,22
M_033_A_XV,0.0,2005,5,23
M_033_A_XV,0.0,2005,5,24
M_033_A_XV,0.0,2005,5,25
M_033_A_XV,0.0,2005,5,26
M_033_A_XV,0.0,2005,5,27
M_033_A_XV,0.0,2005,5,28
M_033_A_XV,0.0,2005,5,29
M_033_A_XV,0.0,2005,5,30
M_033_A_XV,0.0,2005,5,31
M_033_A_XV,0.0,2005,6,1
M_033_A_XV,0.0,2005,6,2
M_033_A_XV,0.0,2005,6,3
M_033_A_XV,0.0,2005,6,4
M_033_A_XV,0.0,2005,6,5
M_033_A_XV,0.0,2005,6,6
M_033_A_XV,0.0,2005,6,7
M_033_A_XV,0.0,2005,6,8
M_033_A_XV,0.0,2005,6,9
M_033_A_XV,0.0,2005,6,10
M_033_A_XV,0.0,2005,6,11
M_033_A_XV,0.0,2005,6,12
M_033_A_XV,0.0,2005,6,13
M_033_A_XV,0.0,2005,6,14
M_033_A_XV,0.0,2005,6,15
M_033_A_XV,0.0,2005,6,16
M_033_A_XV,0.0,2005,6,17
M_033_A_XV,0.0,2005,6,18
M_033_A_XV,0.0,2005,6,19
M_033_A_XV,0.0,2005,6,20
M_033_A_XV,0.0,2005,6,21
M_033_A_XV,0.0,2005,6,22
M_033_A_XV,0.0,2005,6,23
M_033_A_XV,0.0,2005,6,24
M_033_A_XV,0.0,2005,6,25
M_033_A_XV,0.0,2005,6,26
M_033_A_XV,0.0,2005,6,27
M_033_A_XV,0.0,2005,6,28
M_033_A_XV,0.0,2005,6,29
M_033_A_XV,0.0,2005,6,30
M_033_A_XV,0.0,2005,7,1
M_033_A_XV,0.0,2005,7,2
M_033_A_XV,0.0,2005,7,3
M_033_A_XV,0.0,2005,7,4
M_033_A_XV,0.0,2005,7,5
M_033_A_XV,0.0,2005,7,6
M_033_A_XV,0.0,2005,7,7
M_033_A_XV,0.0,2005,7,8
M_033_A_XV,0.0,2005,7,9
M_033_A_XV,0.0,2005,7,10
M_033_A_XV,0.0,2005,7,11
M_033_A_XV,0.0,2005,7,12
M_033_A_XV,0.0,2005,7,13
M_033_A_XV,0.0,2005,7,14
M_033_A_XV,0.0,2005,7,15
M_033_A_XV,0.0,2005,7,16
M_033_A_XV,0.0,2005,7,17
M_033_A_XV,0.0,2005,7,18
M_033_A_XV,0.0,2005,7,19
M_033_A_XV,0.0,2005,7,20
M_033_A_XV,0.0,2005,7,21
M_033_A_XV,9.35054340516e-05,2005,7,22
M_033_A_XV,0.0001402581547154,2005,7,23
M_033_A_XV,0.0,2005,7,24
M_033_A_XV,0.0,2005,7,25
M_033_A_XV,0.0,2005,7,26
M_033_A_XV,0.0,2005,7,27
M_033_A_XV,0.0,2005,7,28
M_033_A_XV,0.0,2005,7,29
M_033_A_XV,0.0,2005,7,30
M_033_A_XV,0.0,2005,7,31
M_033_A_XV,0.0,2005,8,1
M_033_A_XV,0.0,2005,8,2
M_033_A_XV,0.0,2005,8,3
M_033_A_XV,0.0,2005,8,4
M_033_A_XV,0.0,2005,8,5
M_033_A_XV,0.0004675271920859,2005,8,6
M_033_A_XV,0.0145242875441908,2005,8,7
M_033_A_XV,0.0,2005,8,8
M_033_A_XV,0.0,2005,8,9
M_033_A_XV,0.0,2005,8,10
M_033_A_XV,0.0,2005,8,11
M_033_A_XV,0.0,2005,8,12
M_033_A_XV,0.0,2005,8,13
M_033_A_XV,0.0,2005,8,14
M_033_A_XV,0.0,2005,8,15
M_033_A_XV,0.0,2005,8,16
M_033_A_XV,0.0,2005,8,17
M_033_A_XV,0.0,2005,8,18
M_033_A_XV,0.0004675271920859,2005,8,19
M_033_A_XV,0.0028187918942421,2005,8,20
M_033_A_XV,0.0,2005,8,21
M_033_A_XV,0.0,2005,8,22
M_033_A_XV,0.0,2005,8,23
M_033_A_XV,0.0,2005,8,24
M_033_A_XV,0.0,2005,8,25
M_033_A_XV,0.0,2005,8,26
M_033_A_XV,0.0,2005,8,27
M_033_A_XV,0.0,2005,8,28
M_033_A_XV,0.0,2005,8,29
M_033_A_XV,0.0,2005,8,30
M_033_A_XV,0.0,2005,8,31
M_033_A_XV,0.0,2005,9,1
M_033_A_XV,0.0,2005,9,2
M_033_A_XV,0.0,2005,9,3
M_033_A_XV,0.0,2005,9,4
M_033_A_XV,0.0,2005,9,5
M_033_A_XV,0.0,2005,9,6
M_033_A_XV,0.0,2005,9,7
M_033_A_XV,0.0004675271920859,2005,9,8
M_033_A_XV,0.0028051631525158,2005,9,9
M_033_A_XV,0.0001870108681032,2005,9,10
M_033_A_XV,0.1176393038549576,2005,9,11
M_033_A_XV,1.6701684296131134,2005,9,12
M_033_A_XV,1.797219134867191,2005,9,13
M_033_A_XV,3.232286191545427,2005,9,14
M_033_A_XV,0.9685944691300392,2005,9,15
M_033_A_XV,1.590931746410206,2005,9,16
M_033_A_XV,0.0297455340623855,2005,9,17
M_033_A_XV,0.0001870108681032,2005,9,18
M_033_A_XV,0.1460878654615953,2005,9,19
M_033_A_XV,0.2437205743044614,2005,9,20
M_033_A_XV,0.0001402581547154,2005,9,21
M_033_A_XV,0.0,2005,9,22
M_033_A_XV,0.0,2005,9,23
M_033_A_XV,0.0,2005,9,24
M_033_A_XV,0.0,2005,9,25
M_033_A_XV,0.0,2005,9,26
M_033_A_XV,0.0,2005,9,27
M_033_A_XV,0.0,2005,9,28
M_033_A_XV,0.0,2005,9,29
M_033_A_XV,0.0,2005,9,30
M_033_A_XV,0.0,2005,10,1
M_033_A_XV,0.0,2005,10,2
M_033_A_XV,0.0034739621914923,2005,10,3
M_033_A_XV,0.0037049275269964,2005,10,4
M_033_A_XV,0.0009350543841719,2005,10,5
M_033_A_XV,0.010053226724267,2005,10,6
M_033_A_XV,0.0073545659834053,2005,10,7
M_033_A_XV,0.8650953117758036,2005,10,8
M_033_A_XV,9.954917311668396,2005,10,9
M_033_A_XV,2.04654873162508,2005,10,10
M_033_A_XV,0.0,2005,10,11
M_033_A_XV,0.0,2005,10,12
M_033_A_XV,0.0,2005,10,13
M_033_A_XV,0.0,2005,10,14
M_033_A_XV,0.1158591285347938,2005,10,15
M_033_A_XV,0.0204539783298969,2005,10,16
M_033_A_XV,0.0507339211180806,2005,10,17
M_033_A_XV,0.0,2005,10,18
M_033_A_XV,0.0001870108681032,2005,10,19
M_033_A_XV,0.0,2005,10,20
M_033_A_XV,0.0,2005,10,21
M_033_A_XV,0.0,2005,10,22
M_033_A_XV,0.0,2005,10,23
M_033_A_XV,0.0,2005,10,24
M_033_A_XV,0.0,2005,10,25
M_033_A_XV,0.0,2005,10,26
M_033_A_XV,0.0,2005,10,27
M_033_A_XV,0.0,2005,10,28
M_033_A_XV,0.0,2005,10,29
M_033_A_XV,0.0,2005,10,30
M_033_A_XV,0.0,2005,10,31
M_033_A_XV,0.0,2005,11,1
M_033_A_XV,0.0,2005,11,2
M_033_A_XV,0.0,2005,11,3
M_033_A_XV,0.0642101839184761,2005,11,4
M_033_A_XV,4.363474667072296,2005,11,5
M_033_A_XV,2.755630678497255,2005,11,6
M_033_A_XV,7.2640470713377,2005,11,7
M_033_A_XV,18.90186810493469,2005,11,8
M_033_A_XV,6.07412102073431,2005,11,9
M_033_A_XV,0.7729626107029617,2005,11,10
M_033_A_XV,0.0,2005,11,11
M_033_A_XV,0.0,2005,11,12
M_033_A_XV,0.0,2005,11,13
M_033_A_XV,0.0,2005,11,14
M_033_A_XV,0.2122460938990116,2005,11,15
M_033_A_XV,0.0,2005,11,16
M_033_A_XV,0.0,2005,11,17
M_033_A_XV,0.0,2005,11,18
M_033_A_XV,0.1399022418518143,2005,11,19
M_033_A_XV,3.615832038223744,2005,11,20
M_033_A_XV,0.2265228250507789,2005,11,21
M_033_A_XV,0.2582177179865539,2005,11,22
M_033_A_XV,0.0,2005,11,23
M_033_A_XV,0.0,2005,11,24
M_033_A_XV,0.0677124038338661,2005,11,25
M_033_A_XV,0.0212955268543737,2005,11,26
M_033_A_XV,0.0,2005,11,27
M_033_A_XV,0.0,2005,11,28
M_033_A_XV,0.0,2005,11,29
M_033_A_XV,0.8038285458897008,2005,11,30
M_033_A_XV,1.835583271458745,2005,12,1
M_033_A_XV,5.142345190048218,2005,12,2
M_033_A_XV,1.5931324809789658,2005,12,3
M_033_A_XV,0.0756992208771407,2005,12,4
M_033_A_XV,0.0,2005,12,5
M_033_A_XV,0.0,2005,12,6
M_033_A_XV,0.0,2005,12,7
M_033_A_XV,0.0,2005,12,8
M_033_A_XV,0.1643516606163757,2005,12,9
M_033_A_XV,0.3106777000684815,2005,12,10
M_033_A_XV,9.798678815364838,2005,12,11
M_033_A_XV,11.95824185013771,2005,12,12
M_033_A_XV,13.943249940872192,2005,12,13
M_033_A_XV,5.36462938785553,2005,12,14
M_033_A_XV,0.4680729391984641,2005,12,15
M_033_A_XV,0.8309298157691956,2005,12,16
M_033_A_XV,0.0343050062656402,2005,12,17
M_033_A_XV,1.1539438858162612,2005,12,18
M_033_A_XV,9.29834197279706,2005,12,19
M_033_A_XV,7.274202048778534,2005,12,20
M_033_A_XV,5.4326894879341125,2005,12,21
M_033_A_XV,6.776076912879944,2005,12,22
M_033_A_XV,4.356164455413818,2005,12,23
M_033_A_XV,18.733858555555344,2005,12,24
M_033_A_XV,10.61433470249176,2005,12,25
M_033_A_XV,19.420782268047333,2005,12,26
M_033_A_XV,18.118847489356995,2005,12,27
M_033_A_XV,4.549170061945915,2005,12,28
M_033_A_XV,8.031254708766937,2005,12,29
M_033_A_XV,11.742864727973938,2005,12,30
M_033_A_XV,15.791270092129707,2005,12,31
M_033_A_XV,5.845708891749382,2006,1,1
M_033_A_XV,1.8061658274382355,2006,1,2
M_033_A_XV,3.0147104039788246,2006,1,3
M_033_A_XV,8.249898508191109,2006,1,4
M_033_A_XV,11.05568903684616,2006,1,5
M_033_A_XV,0.8299554353579879,2006,1,6
M_033_A_XV,0.383295789361,2006,1,7
M_033_A_XV,0.4073674380779266,2006,1,8
M_033_A_XV,1.052707463502884,2006,1,9
M_033_A_XV,0.5430801510810852,2006,1,10
M_033_A_XV,3.4120919555425644,2006,1,11
M_033_A_XV,12.870254680514336,2006,1,12
M_033_A_XV,19.97901053726673,2006,1,13
M_033_A_XV,24.52741080522537,2006,1,14
M_033_A_XV,14.205539301037788,2006,1,15
M_033_A_XV,30.02910241484642,2006,1,16
M_033_A_XV,21.46317410469055,2006,1,17
M_033_A_XV,12.9491446018219,2006,1,18
M_033_A_XV,0.2790599390864372,2006,1,19
M_033_A_XV,3.3256935458630323,2006,1,20
M_033_A_XV,8.819816708564758,2006,1,21
M_033_A_XV,8.450405567884445,2006,1,22
M_033_A_XV,14.297699689865112,2006,1,23
M_033_A_XV,10.265698730945587,2006,1,24
M_033_A_XV,11.614584177732468,2006,1,25
M_033_A_XV,20.9075380563736,2006,1,26
M_033_A_XV,11.156671330332756,2006,1,27
M_033_A_XV,8.712253553792834,2006,1,28
M_033_A_XV,23.45356154441833,2006,1,29
M_033_A_XV,28.55948156118393,2006,1,30
M_033_A_XV,19.292901247739792,2006,1,31
M_033_A_XV,20.915403425693512,2006,2,1
M_033_A_XV,26.23990058898925,2006,2,2
M_033_A_XV,14.647276431322098,2006,2,3
M_033_A_XV,17.2661155462265,2006,2,4
M_033_A_XV,24.993221044540405,2006,2,5
M_033_A_XV,21.43099045753479,2006,2,6
M_033_A_XV,22.52104362845421,2006,2,7
M_033_A_XV,14.26976889371872,2006,2,8
M_033_A_XV,31.212376594543457,2006,2,9
M_033_A_XV,24.418963074684143,2006,2,10
M_033_A_XV,9.031015574932098,2006,2,11
M_033_A_XV,3.355394370853901,2006,2,12
M_033_A_XV,0.0,2006,2,13
M_033_A_XV,0.0,2006,2,14
M_033_A_XV,0.0,2006,2,15
M_033_A_XV,0.0,2006,2,16
M_033_A_XV,0.7450593635439873,2006,2,17
M_033_A_XV,4.965864360332489,2006,2,18
M_033_A_XV,5.094266638159752,2006,2,19
M_033_A_XV,10.52781581878662,2006,2,20
M_033_A_XV,8.249330523889512,2006,2,21
M_033_A_XV,7.376886755228043,2006,2,22
M_033_A_XV,10.439653396606444,2006,2,23
M_033_A_XV,4.089326720684767,2006,2,24
M_033_A_XV,1.257383493706584,2006,2,25
M_033_A_XV,0.0020103669230593,2006,2,26
M_033_A_XV,0.0,2006,2,27
M_033_A_XV,6.89344286499545,2006,2,28
M_033_A_XV,13.496177852153778,2006,3,1
M_033_A_XV,19.43000864982605,2006,3,2
M_033_A_XV,12.36234311759472,2006,3,3
M_033_A_XV,16.512138068675995,2006,3,4
M_033_A_XV,7.233119785785675,2006,3,5
M_033_A_XV,13.796933844685556,2006,3,6
M_033_A_XV,3.775171810761094,2006,3,7
M_033_A_XV,4.632744014263153,2006,3,8
M_033_A_XV,1.6045466363430023,2006,3,9
M_033_A_XV,3.657682567834854,2006,3,10
M_033_A_XV,11.270161986351011,2006,3,11
M_033_A_XV,5.898345172405243,2006,3,12
M_033_A_XV,1.0903528770431876,2006,3,13
M_033_A_XV,4.206310447392752,2006,3,14
M_033_A_XV,4.483925223350525,2006,3,15
M_033_A_XV,6.395854294300079,2006,3,16
M_033_A_XV,4.114432871341705,2006,3,17
M_033_A_XV,4.156731732189655,2006,3,18
M_033_A_XV,5.522404093760997,2006,3,19
M_033_A_XV,16.455385208129883,2006,3,20
M_033_A_XV,25.347461879253387,2006,3,21
M_033_A_XV,17.19314980506897,2006,3,22
M_033_A_XV,13.03115838766098,2006,3,23
M_033_A_XV,21.23816081881523,2006,3,24
M_033_A_XV,12.870064795017242,2006,3,25
M_033_A_XV,14.182191371917725,2006,3,26
M_033_A_XV,17.545583248138428,2006,3,27
M_033_A_XV,20.418490767478943,2006,3,28
M_033_A_XV,7.217192828655243,2006,3,29
M_033_A_XV,16.64487785100937,2006,3,30
M_033_A_XV,4.843351244926453,2006,3,31
M_033_A_XV,11.50620499253273,2006,4,1
M_033_A_XV,12.831872463226318,2006,4,2
M_033_A_XV,15.242596626281738,2006,4,3
M_033_A_XV,2.082216739654541,2006,4,4
M_033_A_XV,2.065083742141724,2006,4,5
M_033_A_XV,3.928430957719684,2006,4,6
M_033_A_XV,0.3178655998781323,2006,4,7
M_033_A_XV,0.0008883016416803,2006,4,8
M_033_A_XV,0.0121619357232702,2006,4,9
M_033_A_XV,0.00030280961073,2006,4,10
M_033_A_XV,0.0735029738862067,2006,4,11
M_033_A_XV,0.2789555415511131,2006,4,12
M_033_A_XV,0.8149925246834755,2006,4,13
M_033_A_XV,2.989715963602066,2006,4,14
M_033_A_XV,1.0231900250073522,2006,4,15
M_033_A_XV,2.9468734366819263,2006,4,16
M_033_A_XV,4.5832259953022,2006,4,17
M_033_A_XV,0.0076817069202661,2006,4,18
M_033_A_XV,0.0,2006,4,19
M_033_A_XV,0.0,2006,4,20
M_033_A_XV,0.0,2006,4,21
M_033_A_XV,0.0,2006,4,22
M_033_A_XV,0.0,2006,4,23
M_033_A_XV,0.0,2006,4,24
M_033_A_XV,0.0219420325011014,2006,4,25
M_033_A_XV,0.021703306119889,2006,4,26
M_033_A_XV,0.9371556928381324,2006,4,27
M_033_A_XV,1.0105432271957395,2006,4,28
M_033_A_XV,1.1239949706941843,2006,4,29
M_033_A_XV,5.088609710335732,2006,4,30
M_033_A_XV,4.088369801640511,2006,5,1
M_033_A_XV,1.782884526066482,2006,5,2
M_033_A_XV,1.2492076782509685,2006,5,3
M_033_A_XV,0.0756854632381873,2006,5,4
M_033_A_XV,0.0,2006,5,5
M_033_A_XV,0.0,2006,5,6
M_033_A_XV,0.0,2006,5,7
M_033_A_XV,0.0,2006,5,8
M_033_A_XV,0.0,2006,5,9
M_033_A_XV,0.0,2006,5,10
M_033_A_XV,0.0,2006,5,11
M_033_A_XV,0.0,2006,5,12
M_033_A_XV,0.0,2006,5,13
M_033_A_XV,0.0,2006,5,14
M_033_A_XV,0.0,2006,5,15
M_033_A_XV,0.0,2006,5,16
M_033_A_XV,0.0,2006,5,17
M_033_A_XV,0.0,2006,5,18
M_033_A_XV,0.0,2006,5,19
M_033_A_XV,0.0,2006,5,20
M_033_A_XV,0.0,2006,5,21
M_033_A_XV,0.0,2006,5,22
M_033_A_XV,0.0,2006,5,23
M_033_A_XV,0.0,2006,5,24
M_033_A_XV,0.0,2006,5,25
M_033_A_XV,0.0,2006,5,26
M_033_A_XV,0.0,2006,5,27
M_033_A_XV,0.0,2006,5,28
M_033_A_XV,0.0,2006,5,29
M_033_A_XV,0.0,2006,5,30
M_033_A_XV,0.0070517566055059,2006,5,31
M_033_A_XV,0.2437179033586289,2006,6,1
M_033_A_XV,0.1160755511373281,2006,6,2
M_033_A_XV,0.0,2006,6,3
M_033_A_XV,0.0,2006,6,4
M_033_A_XV,0.0,2006,6,5
M_033_A_XV,0.0,2006,6,6
M_033_A_XV,0.0,2006,6,7
M_033_A_XV,0.0,2006,6,8
M_033_A_XV,0.0,2006,6,9
M_033_A_XV,0.0,2006,6,10
M_033_A_XV,0.0,2006,6,11
M_033_A_XV,0.0,2006,6,12
M_033_A_XV,0.0,2006,6,13
M_033_A_XV,0.0,2006,6,14
M_033_A_XV,0.0,2006,6,15
M_033_A_XV,0.0,2006,6,16
M_033_A_XV,0.0,2006,6,17
M_033_A_XV,0.0,2006,6,18
M_033_A_XV,0.0,2006,6,19
M_033_A_XV,0.0,2006,6,20
M_033_A_XV,0.0,2006,6,21
M_033_A_XV,0.0,2006,6,22
M_033_A_XV,4.67527170258e-05,2006,6,23
M_033_A_XV,0.0069316253066062,2006,6,24
M_033_A_XV,0.0,2006,6,25
M_033_A_XV,0.0,2006,6,26
M_033_A_XV,0.0004675271920859,2006,6,27
M_033_A_XV,0.0,2006,6,28
M_033_A_XV,0.0,2006,6,29
M_033_A_XV,0.0,2006,6,30
M_033_A_XV,0.0,2006,7,1
M_033_A_XV,0.0,2006,7,2
M_033_A_XV,0.0,2006,7,3
M_033_A_XV,0.0,2006,7,4
M_033_A_XV,0.0,2006,7,5
M_033_A_XV,0.0,2006,7,6
M_033_A_XV,0.0,2006,7,7
M_033_A_XV,0.0,2006,7,8
M_033_A_XV,0.0,2006,7,9
M_033_A_XV,0.0,2006,7,10
M_033_A_XV,0.0,2006,7,11
M_033_A_XV,0.0,2006,7,12
M_033_A_XV,0.0,2006,7,13
M_033_A_XV,0.0,2006,7,14
M_033_A_XV,0.0,2006,7,15
M_033_A_XV,0.0,2006,7,16
M_033_A_XV,0.0,2006,7,17
M_033_A_XV,0.0,2006,7,18
M_033_A_XV,0.0,2006,7,19
M_033_A_XV,0.0,2006,7,20
M_033_A_XV,0.0,2006,7,21
M_033_A_XV,0.0,2006,7,22
M_033_A_XV,0.0,2006,7,23
M_033_A_XV,0.0,2006,7,24
M_033_A_XV,0.0,2006,7,25
M_033_A_XV,0.0,2006,7,26
M_033_A_XV,0.0,2006,7,27
M_033_A_XV,0.0,2006,7,28
M_033_A_XV,0.0,2006,7,29
M_033_A_XV,0.0,2006,7,30
M_033_A_XV,0.0,2006,7,31
M_033_A_XV,0.0,2006,8,1
M_033_A_XV,0.0,2006,8,2
M_033_A_XV,0.0,2006,8,3
M_033_A_XV,4.67527170258e-05,2006,8,4
M_033_A_XV,0.0,2006,8,5
M_033_A_XV,0.0,2006,8,6
M_033_A_XV,0.0,2006,8,7
M_033_A_XV,0.0,2006,8,8
M_033_A_XV,0.0,2006,8,9
M_033_A_XV,0.1349572837352752,2006,8,10
M_033_A_XV,0.2085029515437781,2006,8,11
M_033_A_XV,0.1077981884591281,2006,8,12
M_033_A_XV,0.9309037514030932,2006,8,13
M_033_A_XV,0.5749522969126701,2006,8,14
M_033_A_XV,0.0847929227165877,2006,8,15
M_033_A_XV,0.0003272690264566,2006,8,16
M_033_A_XV,0.0,2006,8,17
M_033_A_XV,0.0,2006,8,18
M_033_A_XV,0.0,2006,8,19
M_033_A_XV,0.0,2006,8,20
M_033_A_XV,0.0,2006,8,21
M_033_A_XV,0.0,2006,8,22
M_033_A_XV,0.0,2006,8,23
M_033_A_XV,0.0700500458478927,2006,8,24
M_033_A_XV,0.0,2006,8,25
M_033_A_XV,0.0,2006,8,26
M_033_A_XV,0.0,2006,8,27
M_033_A_XV,0.0009350543841719,2006,8,28
M_033_A_XV,0.2118008546676719,2006,8,29
M_033_A_XV,0.1505617573857307,2006,8,30
M_033_A_XV,0.0,2006,8,31
M_033_A_XV,0.0,2006,9,1
M_033_A_XV,0.0,2006,9,2
M_033_A_XV,0.0,2006,9,3
M_033_A_XV,0.0,2006,9,4
M_033_A_XV,0.0,2006,9,5
M_033_A_XV,0.0,2006,9,6
M_033_A_XV,0.0,2006,9,7
M_033_A_XV,0.0,2006,9,8
M_033_A_XV,0.0,2006,9,9
M_033_A_XV,0.0,2006,9,10
M_033_A_XV,0.0,2006,9,11
M_033_A_XV,0.0,2006,9,12
M_033_A_XV,0.6054267999716103,2006,9,13
M_033_A_XV,0.0,2006,9,14
M_033_A_XV,0.0,2006,9,15
M_033_A_XV,0.0001402581547154,2006,9,16
M_033_A_XV,0.0,2006,9,17
M_033_A_XV,1.526701122522354,2006,9,18
M_033_A_XV,0.7887004750082269,2006,9,19
M_033_A_XV,0.0,2006,9,20
M_033_A_XV,0.0,2006,9,21
M_033_A_XV,0.0,2006,9,22
M_033_A_XV,0.0,2006,9,23
M_033_A_XV,0.0,2006,9,24
M_033_A_XV,1.7612498998641968,2006,9,25
M_033_A_XV,1.3716159388422966,2006,9,26
M_033_A_XV,6.662896454334259,2006,9,27
M_033_A_XV,13.555445790290833,2006,9,28
M_033_A_XV,0.6219915151596069,2006,9,29
M_033_A_XV,0.0,2006,9,30
M_033_A_XV,0.0,2006,10,1
M_033_A_XV,0.0203604735434055,2006,10,2
M_033_A_XV,0.0004675271920859,2006,10,3
M_033_A_XV,0.0,2006,10,4
M_033_A_XV,0.0,2006,10,5
M_033_A_XV,0.0,2006,10,6
M_033_A_XV,0.0,2006,10,7
M_033_A_XV,0.0,2006,10,8
M_033_A_XV,0.0672448799014091,2006,10,9
M_033_A_XV,0.0,2006,10,10
M_033_A_XV,0.0,2006,10,11
M_033_A_XV,0.0014025815762579,2006,10,12
M_033_A_XV,0.0,2006,10,13
M_033_A_XV,0.0,2006,10,14
M_033_A_XV,0.0,2006,10,15
M_033_A_XV,0.0009350543841719,2006,10,16
M_033_A_XV,0.00836083278773,2006,10,17
M_033_A_XV,0.0,2006,10,18
M_033_A_XV,0.0618028417229652,2006,10,19
M_033_A_XV,1.75369381159544,2006,10,20
M_033_A_XV,6.586917619686574,2006,10,21
M_033_A_XV,8.204212427139282,2006,10,22
M_033_A_XV,0.1372949182987213,2006,10,23
M_033_A_XV,0.0,2006,10,24
M_033_A_XV,2.016817569732666,2006,10,25
M_033_A_XV,6.714243695139885,2006,10,26
M_033_A_XV,4.056741923093796,2006,10,27
M_033_A_XV,3.92932453751564,2006,10,28
M_033_A_XV,1.2379270568490028,2006,10,29
M_033_A_XV,1.2298280000686646,2006,10,30
M_033_A_XV,1.244184363167733,2006,10,31
M_033_A_XV,0.1386975049972534,2006,11,1
M_033_A_XV,0.0412819795310497,2006,11,2
M_033_A_XV,0.90182645060122,2006,11,3
M_033_A_XV,4.047924354672432,2006,11,4
M_033_A_XV,1.3816002542153,2006,11,5
M_033_A_XV,0.6569015355780721,2006,11,6
M_033_A_XV,8.199176400899887,2006,11,7
M_033_A_XV,2.727182354778052,2006,11,8
M_033_A_XV,0.0102201098925434,2006,11,9
M_033_A_XV,0.0,2006,11,10
M_033_A_XV,0.0,2006,11,11
M_033_A_XV,4.32736412063241,2006,11,12
M_033_A_XV,1.8360345233231783,2006,11,13
M_033_A_XV,4.162611693143845,2006,11,14
M_033_A_XV,2.8038929104805,2006,11,15
M_033_A_XV,0.1960550118237733,2006,11,16
M_033_A_XV,0.8452606797218323,2006,11,17
M_033_A_XV,1.5197856951017457,2006,11,18
M_033_A_XV,2.7934273406863213,2006,11,19
M_033_A_XV,9.542083501815796,2006,11,20
M_033_A_XV,6.704603612422943,2006,11,21
M_033_A_XV,2.9711322486400604,2006,11,22
M_033_A_XV,0.0077998000197112,2006,11,23
M_033_A_XV,0.0,2006,11,24
M_033_A_XV,1.8896903991699217,2006,11,25
M_033_A_XV,3.6656591072678566,2006,11,26
M_033_A_XV,0.0119434630942123,2006,11,27
M_033_A_XV,0.0,2006,11,28
M_033_A_XV,0.0067244875244796,2006,11,29
M_033_A_XV,1.3678883854299784,2006,11,30
M_033_A_XV,0.0718963220715522,2006,12,1
M_033_A_XV,0.0,2006,12,2
M_033_A_XV,0.0081275729462504,2006,12,3
M_033_A_XV,4.679755348872277,2006,12,4
M_033_A_XV,5.142900778970216,2006,12,5
M_033_A_XV,1.4426461928524077,2006,12,6
M_033_A_XV,4.934400677680969,2006,12,7
M_033_A_XV,0.0565233509987592,2006,12,8
M_033_A_XV,0.0,2006,12,9
M_033_A_XV,0.0268979500979185,2006,12,10
M_033_A_XV,0.1187110468745231,2006,12,11
M_033_A_XV,0.0426410213112831,2006,12,12
M_033_A_XV,0.0320646651089191,2006,12,13
M_033_A_XV,0.2685042768716812,2006,12,14
M_033_A_XV,4.529687963426113,2006,12,15
M_033_A_XV,11.79318544268608,2006,12,16
M_033_A_XV,7.598257839679718,2006,12,17
M_033_A_XV,13.815801471471786,2006,12,18
M_033_A_XV,16.78371798992157,2006,12,19
M_033_A_XV,10.70078146457672,2006,12,20
M_033_A_XV,10.251336216926576,2006,12,21
M_033_A_XV,3.3759936057031155,2006,12,22
M_033_A_XV,0.386989851569524,2006,12,23
M_033_A_XV,0.0,2006,12,24
M_033_A_XV,0.0,2006,12,25
M_033_A_XV,7.176082879304886,2006,12,26
M_033_A_XV,6.825572669506073,2006,12,27
M_033_A_XV,7.717583358287811,2006,12,28
M_033_A_XV,14.606345415115356,2006,12,29
M_033_A_XV,3.2552282651886344,2006,12,30
M_033_A_XV,17.716148912906647,2006,12,31
M_033_A_XV,16.850598096847534,2007,1,1
M_033_A_XV,0.0,2007,1,2
M_033_A_XV,0.0,2007,1,3
M_033_A_XV,1.6266202628612518,2007,1,4
M_033_A_XV,12.757636308670044,2007,1,5
M_033_A_XV,14.986202001571655,2007,1,6
M_033_A_XV,13.986865401268004,2007,1,7
M_033_A_XV,10.418848167639226,2007,1,8
M_033_A_XV,10.72242630738765,2007,1,9
M_033_A_XV,16.747745417058468,2007,1,10
M_033_A_XV,6.148677542805672,2007,1,11
M_033_A_XV,9.625804424285889,2007,1,12
M_033_A_XV,16.838245630264282,2007,1,13
M_033_A_XV,16.785907685756683,2007,1,14
M_033_A_XV,7.981798887252808,2007,1,15
M_033_A_XV,4.958466470241547,2007,1,16
M_033_A_XV,0.0,2007,1,17
M_033_A_XV,0.118798553943634,2007,1,18
M_033_A_XV,0.0867328584718052,2007,1,19
M_033_A_XV,0.6259114295244217,2007,1,20
M_033_A_XV,1.5604133256711066,2007,1,21
M_033_A_XV,7.737794935703278,2007,1,22
M_033_A_XV,12.786298036575316,2007,1,23
M_033_A_XV,0.0750086307525634,2007,1,24
M_033_A_XV,0.0,2007,1,25
M_033_A_XV,0.0,2007,1,26
M_033_A_XV,0.9064831438008696,2007,1,27
M_033_A_XV,0.0002229330129921,2007,1,28
M_033_A_XV,0.0,2007,1,29
M_033_A_XV,0.0,2007,1,30
M_033_A_XV,0.0,2007,1,31
M_033_A_XV,0.0,2007,2,1
M_033_A_XV,1.0340662933886051,2007,2,2
M_033_A_XV,0.0,2007,2,3
M_033_A_XV,0.0,2007,2,4
M_033_A_XV,0.236832782626152,2007,2,5
M_033_A_XV,9.35054340516e-05,2007,2,6
M_033_A_XV,1.91041081212461,2007,2,7
M_033_A_XV,2.6622419580817223,2007,2,8
M_033_A_XV,10.70823049545288,2007,2,9
M_033_A_XV,15.97612038254738,2007,2,10
M_033_A_XV,16.345790166407824,2007,2,11
M_033_A_XV,13.863561019301414,2007,2,12
M_033_A_XV,15.681071639060974,2007,2,13
M_033_A_XV,1.3657490592449903,2007,2,14
M_033_A_XV,0.1375364515442925,2007,2,15
M_033_A_XV,0.0072855202924984,2007,2,16
M_033_A_XV,0.0067244875244796,2007,2,17
M_033_A_XV,0.0502778775990009,2007,2,18
M_033_A_XV,0.0,2007,2,19
M_033_A_XV,0.0677124070934951,2007,2,20
M_033_A_XV,9.186012673657387,2007,2,21
M_033_A_XV,9.48223128914833,2007,2,22
M_033_A_XV,4.926829371135682,2007,2,23
M_033_A_XV,3.465320110321045,2007,2,24
M_033_A_XV,7.633594624698162,2007,2,25
M_033_A_XV,3.470474898815155,2007,2,26
M_033_A_XV,4.739342696964741,2007,2,27
M_033_A_XV,4.090059161186218,2007,2,28
M_033_A_XV,8.712337911128998,2007,3,1
M_033_A_XV,10.48092496395111,2007,3,2
M_033_A_XV,17.559437036514282,2007,3,3
M_033_A_XV,10.4437235891819,2007,3,4
M_033_A_XV,12.409422665834429,2007,3,5
M_033_A_XV,17.715648159384727,2007,3,6
M_033_A_XV,15.408767014741898,2007,3,7
M_033_A_XV,24.04972994327545,2007,3,8
M_033_A_XV,3.252815067768097,2007,3,9
M_033_A_XV,0.4713337090797722,2007,3,10
M_033_A_XV,0.1414091545157134,2007,3,11
M_033_A_XV,3.6260285773314536,2007,3,12
M_033_A_XV,5.35741400718689,2007,3,13
M_033_A_XV,12.49576848745346,2007,3,14
M_033_A_XV,27.530949771404263,2007,3,15
M_033_A_XV,11.230315566062927,2007,3,16
M_033_A_XV,4.005916342139244,2007,3,17
M_033_A_XV,15.100703075528145,2007,3,18
M_033_A_XV,5.898488353006542,2007,3,19
M_033_A_XV,1.9702087342739103,2007,3,20
M_033_A_XV,2.055401274148608,2007,3,21
M_033_A_XV,1.6670656049973331,2007,3,22
M_033_A_XV,2.0460246133152395,2007,3,23
M_033_A_XV,2.7947148010134697,2007,3,24
M_033_A_XV,1.6981910467147827,2007,3,25
M_033_A_XV,2.04676565657428,2007,3,26
M_033_A_XV,2.654414519667625,2007,3,27
M_033_A_XV,4.947333723306656,2007,3,28
M_033_A_XV,13.406919062137604,2007,3,29
M_033_A_XV,1.6717724725604055,2007,3,30
M_033_A_XV,8.227829955518246,2007,3,31
M_033_A_XV,11.3992258310318,2007,4,1
M_033_A_XV,13.33289659023285,2007,4,2
M_033_A_XV,0.0221967101097106,2007,4,3
M_033_A_XV,0.0194879788905382,2007,4,4
M_033_A_XV,4.67527170258e-05,2007,4,5
M_033_A_XV,0.0009350543841719,2007,4,6
M_033_A_XV,0.0,2007,4,7
M_033_A_XV,0.0677124038338661,2007,4,8
M_033_A_XV,0.8236503426342097,2007,4,9
M_033_A_XV,0.2109859704942209,2007,4,10
M_033_A_XV,3.315926171839237,2007,4,11
M_033_A_XV,4.124402195215225,2007,4,12
M_033_A_XV,4.272019643336535,2007,4,13
M_033_A_XV,0.0067712403833866,2007,4,14
M_033_A_XV,0.0145493792369961,2007,4,15
M_033_A_XV,0.8524744510650635,2007,4,16
M_033_A_XV,0.174836665391922,2007,4,17
M_033_A_XV,0.0,2007,4,18
M_033_A_XV,0.0,2007,4,19
M_033_A_XV,0.0,2007,4,20
M_033_A_XV,0.0,2007,4,21
M_033_A_XV,0.0068647456355392,2007,4,22
M_033_A_XV,0.0072387675754725,2007,4,23
M_033_A_XV,0.0009350543841719,2007,4,24
M_033_A_XV,0.0085478434339165,2007,4,25
M_033_A_XV,0.0085478434339165,2007,4,26
M_033_A_XV,0.1335848961025476,2007,4,27
M_033_A_XV,0.030362615827471,2007,4,28
M_033_A_XV,0.0049449576508777,2007,4,29
M_033_A_XV,0.0125080671859905,2007,4,30
M_033_A_XV,0.0016348112585546,2007,5,1
M_033_A_XV,0.7063619014807045,2007,5,2
M_033_A_XV,1.3777663260698318,2007,5,3
M_033_A_XV,1.4336469620466232,2007,5,4
M_033_A_XV,1.78732368350029,2007,5,5
M_033_A_XV,0.1358923465013504,2007,5,6
M_033_A_XV,0.2759707667864859,2007,5,7
M_033_A_XV,0.0,2007,5,8
M_033_A_XV,0.0,2007,5,9
M_033_A_XV,0.0,2007,5,10
M_033_A_XV,0.0,2007,5,11
M_033_A_XV,0.0,2007,5,12
M_033_A_XV,0.0,2007,5,13
M_033_A_XV,0.0,2007,5,14
M_033_A_XV,0.0004675271920859,2007,5,15
M_033_A_XV,0.0,2007,5,16
M_033_A_XV,0.0,2007,5,17
M_033_A_XV,0.0,2007,5,18
M_033_A_XV,0.0,2007,5,19
M_033_A_XV,0.0,2007,5,20
M_033_A_XV,0.0,2007,5,21
M_033_A_XV,0.0,2007,5,22
M_033_A_XV,0.0,2007,5,23
M_033_A_XV,0.0,2007,5,24
M_033_A_XV,0.0,2007,5,25
M_033_A_XV,0.0,2007,5,26
M_033_A_XV,0.0,2007,5,27
M_033_A_XV,0.0,2007,5,28
M_033_A_XV,0.0,2007,5,29
M_033_A_XV,0.0,2007,5,30
M_033_A_XV,0.0,2007,5,31
M_033_A_XV,0.0,2007,6,1
M_033_A_XV,0.0,2007,6,2
M_033_A_XV,0.0,2007,6,3
M_033_A_XV,0.0,2007,6,4
M_033_A_XV,4.67527170258e-05,2007,6,5
M_033_A_XV,0.0,2007,6,6
M_033_A_XV,0.067982092823513,2007,6,7
M_033_A_XV,0.0203137211501598,2007,6,8
M_033_A_XV,0.0,2007,6,9
M_033_A_XV,0.0,2007,6,10
M_033_A_XV,0.0,2007,6,11
M_033_A_XV,0.0,2007,6,12
M_033_A_XV,0.0,2007,6,13
M_033_A_XV,0.0,2007,6,14
M_033_A_XV,0.0,2007,6,15
M_033_A_XV,0.0,2007,6,16
M_033_A_XV,0.0,2007,6,17
M_033_A_XV,0.0,2007,6,18
M_033_A_XV,0.0,2007,6,19
M_033_A_XV,0.0549826771020889,2007,6,20
M_033_A_XV,0.2197617068886757,2007,6,21
M_033_A_XV,0.0406274423003196,2007,6,22
M_033_A_XV,0.0,2007,6,23
M_033_A_XV,0.0952871814370155,2007,6,24
M_033_A_XV,0.5507346936501563,2007,6,25
M_033_A_XV,0.0,2007,6,26
M_033_A_XV,0.0,2007,6,27
M_033_A_XV,0.0,2007,6,28
M_033_A_XV,0.0,2007,6,29
M_033_A_XV,0.0,2007,6,30
M_033_A_XV,0.0,2007,7,1
M_033_A_XV,0.0,2007,7,2
M_033_A_XV,0.0,2007,7,3
M_033_A_XV,0.0,2007,7,4
M_033_A_XV,0.0,2007,7,5
M_033_A_XV,0.0,2007,7,6
M_033_A_XV,0.0068647456355392,2007,7,7
M_033_A_XV,0.0398808042518794,2007,7,8
M_033_A_XV,0.1263057505711913,2007,7,9
M_033_A_XV,0.0077753406949341,2007,7,10
M_033_A_XV,0.0,2007,7,11
M_033_A_XV,0.0,2007,7,12
M_033_A_XV,0.0,2007,7,13
M_033_A_XV,0.0,2007,7,14
M_033_A_XV,4.67527170258e-05,2007,7,15
M_033_A_XV,0.0,2007,7,16
M_033_A_XV,0.0,2007,7,17
M_033_A_XV,0.0,2007,7,18
M_033_A_XV,0.0,2007,7,19
M_033_A_XV,0.0001870108717412,2007,7,20
M_033_A_XV,0.0,2007,7,21
M_033_A_XV,0.0,2007,7,22
M_033_A_XV,0.0,2007,7,23
M_033_A_XV,0.0,2007,7,24
M_033_A_XV,0.0,2007,7,25
M_033_A_XV,0.0,2007,7,26
M_033_A_XV,0.0,2007,7,27
M_033_A_XV,0.0069114984944462,2007,7,28
M_033_A_XV,0.0758797246962785,2007,7,29
M_033_A_XV,0.0745771494694054,2007,7,30
M_033_A_XV,0.8397273384034634,2007,7,31
M_033_A_XV,0.342525155749172,2007,8,1
M_033_A_XV,0.07049310952425,2007,8,2
M_033_A_XV,0.0088261935306945,2007,8,3
M_033_A_XV,0.0004207744786981,2007,8,4
M_033_A_XV,0.0,2007,8,5
M_033_A_XV,0.0,2007,8,6
M_033_A_XV,0.0,2007,8,7
M_033_A_XV,0.0,2007,8,8
M_033_A_XV,0.0,2007,8,9
M_033_A_XV,0.0,2007,8,10
M_033_A_XV,0.0,2007,8,11
M_033_A_XV,0.0,2007,8,12
M_033_A_XV,0.0,2007,8,13
M_033_A_XV,0.0,2007,8,14
M_033_A_XV,0.0202202145010232,2007,8,15
M_033_A_XV,0.0,2007,8,16
M_033_A_XV,0.0,2007,8,17
M_033_A_XV,0.0,2007,8,18
M_033_A_XV,0.0,2007,8,19
M_033_A_XV,0.0,2007,8,20
M_033_A_XV,0.0,2007,8,21
M_033_A_XV,0.0,2007,8,22
M_033_A_XV,0.0,2007,8,23
M_033_A_XV,0.0,2007,8,24
M_033_A_XV,0.0,2007,8,25
M_033_A_XV,0.0,2007,8,26
M_033_A_XV,0.0,2007,8,27
M_033_A_XV,0.0,2007,8,28
M_033_A_XV,0.0,2007,8,29
M_033_A_XV,0.0006300786044448,2007,8,30
M_033_A_XV,0.6421417901292443,2007,8,31
M_033_A_XV,0.3275589685399609,2007,9,1
M_033_A_XV,0.272572211921215,2007,9,2
M_033_A_XV,0.0,2007,9,3
M_033_A_XV,0.0,2007,9,4
M_033_A_XV,0.0,2007,9,5
M_033_A_XV,0.076914791483432,2007,9,6
M_033_A_XV,0.0717798899277113,2007,9,7
M_033_A_XV,0.0,2007,9,8
M_033_A_XV,0.0004675271920859,2007,9,9
M_033_A_XV,0.0003272690228186,2007,9,10
M_033_A_XV,4.67527170258e-05,2007,9,11
M_033_A_XV,0.0956590360474365,2007,9,12
M_033_A_XV,1.3269628658890724,2007,9,13
M_033_A_XV,0.2798410157120088,2007,9,14
M_033_A_XV,1.5230360832065344,2007,9,15
M_033_A_XV,1.814848989248276,2007,9,16
M_033_A_XV,0.9017660915851592,2007,9,17
M_033_A_XV,0.0,2007,9,18
M_033_A_XV,0.0031216015995596,2007,9,19
M_033_A_XV,4.67527170258e-05,2007,9,20
M_033_A_XV,0.0004675271920859,2007,9,21
M_033_A_XV,0.6350176930427551,2007,9,22
M_033_A_XV,0.0002805163094308,2007,9,23
M_033_A_XV,0.9434528681449592,2007,9,24
M_033_A_XV,0.950867049396038,2007,9,25
M_033_A_XV,0.0032726903446018,2007,9,26
M_033_A_XV,0.2079419204965233,2007,9,27
M_033_A_XV,1.806751245632768,2007,9,28
M_033_A_XV,4.932144641876221,2007,9,29
M_033_A_XV,0.5388940721750259,2007,9,30
M_033_A_XV,0.4613034427165985,2007,10,1
M_033_A_XV,1.889502853155136,2007,10,2
M_033_A_XV,1.960772395133972,2007,10,3
M_033_A_XV,0.0004675271920859,2007,10,4
M_033_A_XV,0.0,2007,10,5
M_033_A_XV,0.0,2007,10,6
M_033_A_XV,0.0004675271920859,2007,10,7
M_033_A_XV,0.0,2007,10,8
M_033_A_XV,0.0,2007,10,9
M_033_A_XV,0.0070050037465989,2007,10,10
M_033_A_XV,4.67527170258e-05,2007,10,11
M_033_A_XV,0.0,2007,10,12
M_033_A_XV,0.0,2007,10,13
M_033_A_XV,0.0,2007,10,14
M_033_A_XV,0.0,2007,10,15
M_033_A_XV,4.538613259792328,2007,10,16
M_033_A_XV,6.88324385881424,2007,10,17
M_033_A_XV,0.0073078135028481,2007,10,18
M_033_A_XV,0.0,2007,10,19
M_033_A_XV,0.0004675271920859,2007,10,20
M_033_A_XV,1.4315339433960617,2007,10,21
M_033_A_XV,0.0,2007,10,22
M_033_A_XV,6.9046014687e-05,2007,10,23
M_033_A_XV,0.40212736511603,2007,10,24
M_033_A_XV,0.0070675518363714,2007,10,25
M_033_A_XV,0.0,2007,10,26
M_033_A_XV,0.0,2007,10,27
M_033_A_XV,5.068060785531998,2007,10,28
M_033_A_XV,12.105980217456818,2007,10,29
M_033_A_XV,6.747255475260317,2007,10,30
M_033_A_XV,0.0004207744786981,2007,10,31
M_033_A_XV,0.0,2007,11,1
M_033_A_XV,0.0,2007,11,2
M_033_A_XV,0.0,2007,11,3
M_033_A_XV,0.0,2007,11,4
M_033_A_XV,0.0,2007,11,5
M_033_A_XV,0.0,2007,11,6
M_033_A_XV,0.1832910068333149,2007,11,7
M_033_A_XV,0.0,2007,11,8
M_033_A_XV,0.0,2007,11,9
M_033_A_XV,0.0,2007,11,10
M_033_A_XV,0.0,2007,11,11
M_033_A_XV,0.0,2007,11,12
M_033_A_XV,0.0,2007,11,13
M_033_A_XV,0.0,2007,11,14
M_033_A_XV,0.2000054394338803,2007,11,15
M_033_A_XV,0.0828983644023537,2007,11,16
M_033_A_XV,0.8448333032429218,2007,11,17
M_033_A_XV,2.129021644592285,2007,11,18
M_033_A_XV,6.85586741566658,2007,11,19
M_033_A_XV,1.8981670215725897,2007,11,20
M_033_A_XV,6.845640230923891,2007,11,21
M_033_A_XV,11.111727595329285,2007,11,22
M_033_A_XV,0.4551244601607322,2007,11,23
M_033_A_XV,6.9046014687e-05,2007,11,24
M_033_A_XV,0.0,2007,11,25
M_033_A_XV,0.0,2007,11,26
M_033_A_XV,0.0,2007,11,27
M_033_A_XV,0.2811963660642504,2007,11,28
M_033_A_XV,0.0251045339246047,2007,11,29
M_033_A_XV,0.0522832572460174,2007,11,30
M_033_A_XV,0.9625890776515008,2007,12,1
M_033_A_XV,14.267744064331056,2007,12,2
M_033_A_XV,4.512737665325403,2007,12,3
M_033_A_XV,0.0067244875244796,2007,12,4
M_033_A_XV,0.0,2007,12,5
M_033_A_XV,0.0,2007,12,6
M_033_A_XV,0.0,2007,12,7
M_033_A_XV,0.0,2007,12,8
M_033_A_XV,0.0371784665621817,2007,12,9
M_033_A_XV,0.0,2007,12,10
M_033_A_XV,0.0,2007,12,11
M_033_A_XV,3.271799652837217,2007,12,12
M_033_A_XV,3.280309446156025,2007,12,13
M_033_A_XV,1.7307652118615806,2007,12,14
M_033_A_XV,10.216694235801697,2007,12,15
M_033_A_XV,4.686334040015936,2007,12,16
M_033_A_XV,1.5508385747671127,2007,12,17
M_033_A_XV,0.6254467703402042,2007,12,18
M_033_A_XV,4.145151911769062,2007,12,19
M_033_A_XV,6.229461252689362,2007,12,20
M_033_A_XV,6.285254493355751,2007,12,21
M_033_A_XV,6.391605913639069,2007,12,22
M_033_A_XV,8.034233689308167,2007,12,23
M_033_A_XV,0.0020713806152343,2007,12,24
M_033_A_XV,0.0,2007,12,25
M_033_A_XV,0.0,2007,12,26
M_033_A_XV,0.0,2007,12,27
M_033_A_XV,0.0,2007,12,28
M_033_A_XV,0.0004675271920859,2007,12,29
M_033_A_XV,0.4338916037231684,2007,12,30
M_033_A_XV,5.053521048743278,2007,12,31
M_033_A_XV,19.051209449768063,2008,1,1
M_033_A_XV,19.52395892143249,2008,1,2
M_033_A_XV,19.914526104927063,2008,1,3
M_033_A_XV,12.734496712684631,2008,1,4
M_033_A_XV,8.380430014804006,2008,1,5
M_033_A_XV,7.769664898514748,2008,1,6
M_033_A_XV,7.1157748103141785,2008,1,7
M_033_A_XV,18.106666266918182,2008,1,8
M_033_A_XV,34.51896286010742,2008,1,9
M_033_A_XV,7.79045182466507,2008,1,10
M_033_A_XV,18.639116287231445,2008,1,11
M_033_A_XV,16.401669919490814,2008,1,12
M_033_A_XV,9.150117754936218,2008,1,13
M_033_A_XV,26.70502655953169,2008,1,14
M_033_A_XV,5.721709262114018,2008,1,15
M_033_A_XV,4.372049335390329,2008,1,16
M_033_A_XV,3.8293752186000334,2008,1,17
M_033_A_XV,11.391802698373796,2008,1,18
M_033_A_XV,16.02078068256378,2008,1,19
M_033_A_XV,4.203922688961029,2008,1,20
M_033_A_XV,0.4718721136450767,2008,1,21
M_033_A_XV,0.1344897598028183,2008,1,22
M_033_A_XV,0.0,2008,1,23
M_033_A_XV,6.215997658669949,2008,1,24
M_033_A_XV,4.828377760481089,2008,1,25
M_033_A_XV,0.0,2008,1,26
M_033_A_XV,0.9397749389027013,2008,1,27
M_033_A_XV,0.0372573132626712,2008,1,28
M_033_A_XV,5.196667298674583,2008,1,29
M_033_A_XV,5.801843822002411,2008,1,30
M_033_A_XV,0.2335113175213337,2008,1,31
M_033_A_XV,0.124049324542284,2008,2,1
M_033_A_XV,0.4468987137079239,2008,2,2
M_033_A_XV,9.516897201538086,2008,2,3
M_033_A_XV,24.706409990787503,2008,2,4
M_033_A_XV,6.302487820386887,2008,2,5
M_033_A_XV,8.575711317360401,2008,2,6
M_033_A_XV,6.465977298095822,2008,2,7
M_033_A_XV,0.0,2008,2,8
M_033_A_XV,0.0,2008,2,9
M_033_A_XV,0.0,2008,2,10
M_033_A_XV,0.1243213610723614,2008,2,11
M_033_A_XV,0.5241744819541054,2008,2,12
M_033_A_XV,0.5705663077533245,2008,2,13
M_033_A_XV,0.0018239882774651,2008,2,14
M_033_A_XV,0.0009133932180702,2008,2,15
M_033_A_XV,2.46728701563552,2008,2,16
M_033_A_XV,5.7650106549263,2008,2,17
M_033_A_XV,3.0480704307556152,2008,2,18
M_033_A_XV,2.6958343982696533,2008,2,19
M_033_A_XV,5.083948755636811,2008,2,20
M_033_A_XV,8.964869618415833,2008,2,21
M_033_A_XV,17.617607593536377,2008,2,22
M_033_A_XV,5.257337480783463,2008,2,23
M_033_A_XV,3.564906805753708,2008,2,24
M_033_A_XV,2.789394587278366,2008,2,25
M_033_A_XV,10.078252673149109,2008,2,26
M_033_A_XV,0.0081493624020367,2008,2,27
M_033_A_XV,0.0,2008,2,28
M_033_A_XV,0.0,2008,2,29
M_033_A_XV,0.0,2008,3,1
M_033_A_XV,0.0004675271920859,2008,3,2
M_033_A_XV,0.0077530471608042,2008,3,3
M_033_A_XV,0.0070050037465989,2008,3,4
M_033_A_XV,4.67527170258e-05,2008,3,5
M_033_A_XV,0.0,2008,3,6
M_033_A_XV,1.0486209392547607,2008,3,7
M_033_A_XV,1.798105463385582,2008,3,8
M_033_A_XV,5.509144902229309,2008,3,9
M_033_A_XV,13.638312578201294,2008,3,10
M_033_A_XV,12.41453217715025,2008,3,11
M_033_A_XV,17.640408515930176,2008,3,12
M_033_A_XV,8.221065865131095,2008,3,13
M_033_A_XV,5.48112154006958,2008,3,14
M_033_A_XV,3.065854281187057,2008,3,15
M_033_A_XV,0.0677124038338661,2008,3,16
M_033_A_XV,0.0032064663246273,2008,3,17
M_033_A_XV,0.0,2008,3,18
M_033_A_XV,0.5706690270453691,2008,3,19
M_033_A_XV,1.0603536861017346,2008,3,20
M_033_A_XV,0.5395845174789429,2008,3,21
M_033_A_XV,3.8738216757774353,2008,3,22
M_033_A_XV,5.085238735657185,2008,3,23
M_033_A_XV,10.300675321370363,2008,3,24
M_033_A_XV,2.420308254659176,2008,3,25
M_033_A_XV,2.032067835330963,2008,3,26
M_033_A_XV,3.9283425211906433,2008,3,27
M_033_A_XV,5.941991209983826,2008,3,28
M_033_A_XV,9.183559656143188,2008,3,29
M_033_A_XV,4.1831423081457615,2008,3,30
M_033_A_XV,0.8319463315419853,2008,3,31
M_033_A_XV,0.1025850609876215,2008,4,1
M_033_A_XV,0.1279462873935699,2008,4,2
M_033_A_XV,0.0,2008,4,3
M_033_A_XV,0.0,2008,4,4
M_033_A_XV,0.0,2008,4,5
M_033_A_XV,0.0,2008,4,6
M_033_A_XV,0.0,2008,4,7
M_033_A_XV,0.0,2008,4,8
M_033_A_XV,0.0,2008,4,9
M_033_A_XV,0.0214946325868368,2008,4,10
M_033_A_XV,0.0761741383466869,2008,4,11
M_033_A_XV,1.6299212714657187,2008,4,12
M_033_A_XV,1.1177087891846895,2008,4,13
M_033_A_XV,0.0887497099065512,2008,4,14
M_033_A_XV,0.0,2008,4,15
M_033_A_XV,0.0,2008,4,16
M_033_A_XV,0.0023376359604299,2008,4,17
M_033_A_XV,0.0009818071011977,2008,4,18
M_033_A_XV,0.0,2008,4,19
M_033_A_XV,0.0,2008,4,20
M_033_A_XV,0.0,2008,4,21
M_033_A_XV,0.0,2008,4,22
M_033_A_XV,0.0,2008,4,23
M_033_A_XV,0.0,2008,4,24
M_033_A_XV,0.0,2008,4,25
M_033_A_XV,0.0,2008,4,26
M_033_A_XV,0.0,2008,4,27
M_033_A_XV,0.0,2008,4,28
M_033_A_XV,0.0069337915629148,2008,4,29
M_033_A_XV,0.0,2008,4,30
M_033_A_XV,0.0,2008,5,1
M_033_A_XV,0.0,2008,5,2
M_033_A_XV,0.0,2008,5,3
M_033_A_XV,0.0,2008,5,4
M_033_A_XV,0.0,2008,5,5
M_033_A_XV,0.0,2008,5,6
M_033_A_XV,0.020663283765316,2008,5,7
M_033_A_XV,0.0229052482172846,2008,5,8
M_033_A_XV,0.0006768313614884,2008,5,9
M_033_A_XV,0.0001402581547154,2008,5,10
M_033_A_XV,0.0,2008,5,11
M_033_A_XV,0.0001870108681032,2008,5,12
M_033_A_XV,0.0008415489282924,2008,5,13
M_033_A_XV,0.0,2008,5,14
M_033_A_XV,0.0,2008,5,15
M_033_A_XV,0.0,2008,5,16
M_033_A_XV,0.0,2008,5,17
M_033_A_XV,0.0,2008,5,18
M_033_A_XV,0.0,2008,5,19
M_033_A_XV,0.0,2008,5,20
M_033_A_XV,0.0,2008,5,21
M_033_A_XV,0.0,2008,5,22
M_033_A_XV,0.0,2008,5,23
M_033_A_XV,0.0,2008,5,24
M_033_A_XV,0.0,2008,5,25
M_033_A_XV,0.0,2008,5,26
M_033_A_XV,0.0,2008,5,27
M_033_A_XV,0.0,2008,5,28
M_033_A_XV,0.0,2008,5,29
M_033_A_XV,0.0,2008,5,30
M_033_A_XV,0.0,2008,5,31
M_033_A_XV,0.0,2008,6,1
M_033_A_XV,0.0,2008,6,2
M_033_A_XV,0.0,2008,6,3
M_033_A_XV,0.0,2008,6,4
M_033_A_XV,0.0,2008,6,5
M_033_A_XV,0.0,2008,6,6
M_033_A_XV,0.0,2008,6,7
M_033_A_XV,0.0,2008,6,8
M_033_A_XV,0.0,2008,6,9
M_033_A_XV,0.0,2008,6,10
M_033_A_XV,0.1388607025146484,2008,6,11
M_033_A_XV,0.0068179931004124,2008,6,12
M_033_A_XV,0.0,2008,6,13
M_033_A_XV,0.0,2008,6,14
M_033_A_XV,0.0,2008,6,15
M_033_A_XV,0.0135424807667732,2008,6,16
M_033_A_XV,0.0074149477295577,2008,6,17
M_033_A_XV,0.0,2008,6,18
M_033_A_XV,0.0,2008,6,19
M_033_A_XV,0.0,2008,6,20
M_033_A_XV,0.0,2008,6,21
M_033_A_XV,0.0,2008,6,22
M_033_A_XV,0.0,2008,6,23
M_033_A_XV,0.0,2008,6,24
M_033_A_XV,0.0205942373722791,2008,6,25
M_033_A_XV,0.0,2008,6,26
M_033_A_XV,0.0,2008,6,27
M_033_A_XV,0.0,2008,6,28
M_033_A_XV,0.0,2008,6,29
M_033_A_XV,0.0,2008,6,30
M_033_A_XV,0.0,2008,7,1
M_033_A_XV,0.0,2008,7,2
M_033_A_XV,0.0,2008,7,3
M_033_A_XV,0.0,2008,7,4
M_033_A_XV,0.0,2008,7,5
M_033_A_XV,0.0,2008,7,6
M_033_A_XV,0.0,2008,7,7
M_033_A_XV,0.0,2008,7,8
M_033_A_XV,0.0,2008,7,9
M_033_A_XV,0.0,2008,7,10
M_033_A_XV,0.0,2008,7,11
M_033_A_XV,0.0,2008,7,12
M_033_A_XV,0.0,2008,7,13
M_033_A_XV,4.67527170258e-05,2008,7,14
M_033_A_XV,0.0,2008,7,15
M_033_A_XV,0.0,2008,7,16
M_033_A_XV,0.0,2008,7,17
M_033_A_XV,0.0,2008,7,18
M_033_A_XV,0.0,2008,7,19
M_033_A_XV,0.0,2008,7,20
M_033_A_XV,0.0,2008,7,21
M_033_A_XV,0.0,2008,7,22
M_033_A_XV,0.0,2008,7,23
M_033_A_XV,0.0,2008,7,24
M_033_A_XV,0.0,2008,7,25
M_033_A_XV,0.0,2008,7,26
M_033_A_XV,0.0,2008,7,27
M_033_A_XV,0.0069114984944462,2008,7,28
M_033_A_XV,0.0068647456355392,2008,7,29
M_033_A_XV,0.0415358692407608,2008,7,30
M_033_A_XV,0.0,2008,7,31
M_033_A_XV,0.0,2008,8,1
M_033_A_XV,0.0,2008,8,2
M_033_A_XV,0.0,2008,8,3
M_033_A_XV,0.0,2008,8,4
M_033_A_XV,0.0,2008,8,5
M_033_A_XV,0.0,2008,8,6
M_033_A_XV,0.0202425085008144,2008,8,7
M_033_A_XV,1.79848912358284,2008,8,8
M_033_A_XV,0.0,2008,8,9
M_033_A_XV,0.0,2008,8,10
M_033_A_XV,0.0,2008,8,11
M_033_A_XV,0.0,2008,8,12
M_033_A_XV,0.0,2008,8,13
M_033_A_XV,0.0,2008,8,14
M_033_A_XV,0.0,2008,8,15
M_033_A_XV,0.0,2008,8,16
M_033_A_XV,0.0,2008,8,17
M_033_A_XV,0.0,2008,8,18
M_033_A_XV,0.0,2008,8,19
M_033_A_XV,0.0,2008,8,20
M_033_A_XV,0.0,2008,8,21
M_033_A_XV,0.0,2008,8,22
M_033_A_XV,0.0,2008,8,23
M_033_A_XV,0.0,2008,8,24
M_033_A_XV,0.0,2008,8,25
M_033_A_XV,0.0,2008,8,26
M_033_A_XV,0.0,2008,8,27
M_033_A_XV,0.0,2008,8,28
M_033_A_XV,0.0,2008,8,29
M_033_A_XV,0.0,2008,8,30
M_033_A_XV,0.0,2008,8,31
M_033_A_XV,0.0,2008,9,1
M_033_A_XV,0.0,2008,9,2
M_033_A_XV,0.0,2008,9,3
M_033_A_XV,0.0004675271920859,2008,9,4
M_033_A_XV,0.0,2008,9,5
M_033_A_XV,0.0,2008,9,6
M_033_A_XV,0.0,2008,9,7
M_033_A_XV,0.0,2008,9,8
M_033_A_XV,0.0067712403833866,2008,9,9
M_033_A_XV,0.1169257760047912,2008,9,10
M_033_A_XV,0.0,2008,9,11
M_033_A_XV,0.0,2008,9,12
M_033_A_XV,0.0,2008,9,13
M_033_A_XV,0.0,2008,9,14
M_033_A_XV,0.0,2008,9,15
M_033_A_XV,0.0,2008,9,16
M_033_A_XV,0.0,2008,9,17
M_033_A_XV,0.0,2008,9,18
M_033_A_XV,0.0,2008,9,19
M_033_A_XV,0.0,2008,9,20
M_033_A_XV,0.0,2008,9,21
M_033_A_XV,0.0,2008,9,22
M_033_A_XV,0.0,2008,9,23
M_033_A_XV,0.0,2008,9,24
M_033_A_XV,0.0,2008,9,25
M_033_A_XV,0.0,2008,9,26
M_033_A_XV,0.0,2008,9,27
M_033_A_XV,0.0,2008,9,28
M_033_A_XV,0.0,2008,9,29
M_033_A_XV,0.205474853515625,2008,9,30
M_033_A_XV,0.0,2008,10,1
M_033_A_XV,0.0,2008,10,2
M_033_A_XV,0.0,2008,10,3
M_033_A_XV,0.0,2008,10,4
M_033_A_XV,0.0,2008,10,5
M_033_A_XV,0.0,2008,10,6
M_033_A_XV,0.0,2008,10,7
M_033_A_XV,0.0009350543841719,2008,10,8
M_033_A_XV,0.0,2008,10,9
M_033_A_XV,0.0,2008,10,10
M_033_A_XV,0.0,2008,10,11
M_033_A_XV,0.0004675271920859,2008,10,12
M_033_A_XV,0.4951996058225631,2008,10,13
M_033_A_XV,1.522917240858078,2008,10,14
M_033_A_XV,5.446012835949659,2008,10,15
M_033_A_XV,1.004067565780133,2008,10,16
M_033_A_XV,0.905803868547082,2008,10,17
M_033_A_XV,0.0004675271920859,2008,10,18
M_033_A_XV,4.67527170258e-05,2008,10,19
M_033_A_XV,0.0,2008,10,20
M_033_A_XV,0.0,2008,10,21
M_033_A_XV,0.0207344945520162,2008,10,22
M_033_A_XV,1.111945867538452,2008,10,23
M_033_A_XV,2.742057964205742,2008,10,24
M_033_A_XV,3.2085428088903427,2008,10,25
M_033_A_XV,0.0,2008,10,26
M_033_A_XV,0.059107475914061,2008,10,27
M_033_A_XV,0.0818829055060632,2008,10,28
M_033_A_XV,0.2186579543958942,2008,10,29
M_033_A_XV,0.0193621106445789,2008,10,30
M_033_A_XV,0.0228383663634303,2008,10,31
M_033_A_XV,0.0,2008,11,1
M_033_A_XV,0.0,2008,11,2
M_033_A_XV,0.0001402581547154,2008,11,3
M_033_A_XV,0.029056479314022,2008,11,4
M_033_A_XV,0.0,2008,11,5
M_033_A_XV,0.0,2008,11,6
M_033_A_XV,0.0,2008,11,7
M_033_A_XV,0.0,2008,11,8
M_033_A_XV,0.7110028266906738,2008,11,9
M_033_A_XV,0.0004675271920859,2008,11,10
M_033_A_XV,0.0,2008,11,11
M_033_A_XV,0.0,2008,11,12
M_033_A_XV,0.0,2008,11,13
M_033_A_XV,0.5579464710317552,2008,11,14
M_033_A_XV,0.9378539007157088,2008,11,15
M_033_A_XV,0.2163933286210522,2008,11,16
M_033_A_XV,0.0,2008,11,17
M_033_A_XV,0.0004675271920859,2008,11,18
M_033_A_XV,0.0,2008,11,19
M_033_A_XV,0.0,2008,11,20
M_033_A_XV,0.0,2008,11,21
M_033_A_XV,0.0,2008,11,22
M_033_A_XV,0.0006904602050781,2008,11,23
M_033_A_XV,2.5270849001099123,2008,11,24
M_033_A_XV,2.658821724355221,2008,11,25
M_033_A_XV,0.003028096165508,2008,11,26
M_033_A_XV,0.8187296986579895,2008,11,27
M_033_A_XV,0.2314854024443775,2008,11,28
M_033_A_XV,2.495237418683246,2008,11,29
M_033_A_XV,5.354337245225906,2008,11,30
M_033_A_XV,2.575433388352394,2008,12,1
M_033_A_XV,0.0004675271920859,2008,12,2
M_033_A_XV,0.0,2008,12,3
M_033_A_XV,0.0,2008,12,4
M_033_A_XV,0.0,2008,12,5
M_033_A_XV,0.9955952763557434,2008,12,6
M_033_A_XV,3.4014682804699987,2008,12,7
M_033_A_XV,15.944629311561584,2008,12,8
M_033_A_XV,9.61459583044052,2008,12,9
M_033_A_XV,0.287210309310467,2008,12,10
M_033_A_XV,0.0,2008,12,11
M_033_A_XV,0.0,2008,12,12
M_033_A_XV,1.124842882156372,2008,12,13
M_033_A_XV,6.889771461486816,2008,12,14
M_033_A_XV,4.001829132437706,2008,12,15
M_033_A_XV,0.0137466923333704,2008,12,16
M_033_A_XV,0.6151787042617798,2008,12,17
M_033_A_XV,7.751890778541565,2008,12,18
M_033_A_XV,17.165083453059196,2008,12,19
M_033_A_XV,16.90595293045044,2008,12,20
M_033_A_XV,11.430783450603483,2008,12,21
M_033_A_XV,11.087024867534636,2008,12,22
M_033_A_XV,23.32692265510559,2008,12,23
M_033_A_XV,13.611813239753246,2008,12,24
M_033_A_XV,9.91661137342453,2008,12,25
M_033_A_XV,1.5410365127027037,2008,12,26
M_033_A_XV,3.593985766172409,2008,12,27
M_033_A_XV,2.279598727822304,2008,12,28
M_033_A_XV,6.4971970319747925,2008,12,29
M_033_A_XV,13.596235863864422,2008,12,30
M_033_A_XV,25.96274974942208,2008,12,31
